6.837653160095214844e+00
6.747603416442871094e+00
6.550744056701660156e+00
6.488340854644775391e+00
6.668888092041015625e+00
6.348974227905273438e+00
6.387487888336181641e+00
6.273722648620605469e+00
6.441528797149658203e+00
6.165330886840820312e+00
6.162256717681884766e+00
6.233124732971191406e+00
6.173737049102783203e+00
6.277589797973632812e+00
6.139113903045654297e+00
6.022440910339355469e+00
6.098299026489257812e+00
6.038855075836181641e+00
6.193257808685302734e+00
6.183061599731445312e+00
5.982402801513671875e+00
6.176621437072753906e+00
6.004115104675292969e+00
6.204028129577636719e+00
6.117562294006347656e+00
6.111059188842773438e+00
6.109436035156250000e+00
6.101793289184570312e+00
5.942863464355468750e+00
5.913946628570556641e+00
5.997029781341552734e+00
5.947914600372314453e+00
6.043369293212890625e+00
6.157118797302246094e+00
5.918548107147216797e+00
6.055836200714111328e+00
6.118698596954345703e+00
6.035882949829101562e+00
5.969289779663085938e+00
5.950587272644042969e+00
5.955914020538330078e+00
5.913317203521728516e+00
5.901703834533691406e+00
5.846846580505371094e+00
5.915384292602539062e+00
6.144449234008789062e+00
5.946406364440917969e+00
5.942903041839599609e+00
6.039715766906738281e+00
5.980078697204589844e+00
5.945458412170410156e+00
5.870502471923828125e+00
5.872862339019775391e+00
5.855253696441650391e+00
6.015350341796875000e+00
5.960968971252441406e+00
5.930848121643066406e+00
5.963062286376953125e+00
6.031121730804443359e+00
5.879999160766601562e+00
5.918938636779785156e+00
5.881906509399414062e+00
6.038894176483154297e+00
5.960974216461181641e+00
5.909334182739257812e+00
5.887711048126220703e+00
5.969972610473632812e+00
6.031807899475097656e+00
5.951506137847900391e+00
5.935263633728027344e+00
6.075265884399414062e+00
5.856120109558105469e+00
5.939195632934570312e+00
5.866962909698486328e+00
5.912644386291503906e+00
5.822561264038085938e+00
5.841569900512695312e+00
5.827154636383056641e+00
5.890434741973876953e+00
5.801948547363281250e+00
5.856840133666992188e+00
5.812837600708007812e+00
6.082370758056640625e+00
5.980054855346679688e+00
5.900389194488525391e+00
5.929237365722656250e+00
5.861781120300292969e+00
6.092962741851806641e+00
5.957307815551757812e+00
5.993857860565185547e+00
5.866571426391601562e+00
5.885207653045654297e+00
5.802546501159667969e+00
6.106776714324951172e+00
5.815468788146972656e+00
5.876758575439453125e+00
5.871556282043457031e+00
5.853552818298339844e+00
5.795844078063964844e+00
5.841058731079101562e+00
5.822226524353027344e+00
6.043685436248779297e+00
5.836565494537353516e+00
5.890351295471191406e+00
5.860811233520507812e+00
5.819721698760986328e+00
5.916085720062255859e+00
5.893317699432373047e+00
5.753820419311523438e+00
5.864440917968750000e+00
5.757441520690917969e+00
6.071696758270263672e+00
5.931035995483398438e+00
5.864623546600341797e+00
5.867647171020507812e+00
5.879938125610351562e+00
5.850661754608154297e+00
5.816617012023925781e+00
5.901875019073486328e+00
5.859127998352050781e+00
5.815323352813720703e+00
5.771069526672363281e+00
5.819108963012695312e+00
5.935635566711425781e+00
5.842246055603027344e+00
5.822063922882080078e+00
5.964724540710449219e+00
5.803655624389648438e+00
5.799043655395507812e+00
5.759081840515136719e+00
5.783281326293945312e+00
5.898105621337890625e+00
5.814700126647949219e+00
5.771479606628417969e+00
5.775609493255615234e+00
5.765192031860351562e+00
5.748416423797607422e+00
5.814017295837402344e+00
5.956666469573974609e+00
5.996265888214111328e+00
5.823529243469238281e+00
5.769847869873046875e+00
5.865604400634765625e+00
5.934890747070312500e+00
5.949664115905761719e+00
5.950875282287597656e+00
5.893964767456054688e+00
5.892620086669921875e+00
5.940459728240966797e+00
5.806118965148925781e+00
5.827526092529296875e+00
5.721588134765625000e+00
5.808054924011230469e+00
5.776028633117675781e+00
5.785290241241455078e+00
5.720615863800048828e+00
5.924631118774414062e+00
5.892834186553955078e+00
5.708580970764160156e+00
5.698043823242187500e+00
5.988078117370605469e+00
5.827075958251953125e+00
5.779380798339843750e+00
6.093128681182861328e+00
5.869761466979980469e+00
5.790420532226562500e+00
5.888203620910644531e+00
5.935627937316894531e+00
5.825814247131347656e+00
5.813661575317382812e+00
5.949164390563964844e+00
5.826326370239257812e+00
5.774673461914062500e+00
5.794730663299560547e+00
5.904812812805175781e+00
5.818649768829345703e+00
5.779190540313720703e+00
5.771742820739746094e+00
5.775719165802001953e+00
5.919342994689941406e+00
5.854942798614501953e+00
5.676177978515625000e+00
5.686295509338378906e+00
5.787778854370117188e+00
5.726117134094238281e+00
5.659169197082519531e+00
5.821834564208984375e+00
5.753146171569824219e+00
5.811007976531982422e+00
5.829760551452636719e+00
5.833027362823486328e+00
5.886396408081054688e+00
5.772247791290283203e+00
5.711709976196289062e+00
5.846727371215820312e+00
5.982425689697265625e+00
5.794466495513916016e+00
5.749976158142089844e+00
5.750209808349609375e+00
5.781052589416503906e+00
5.863539695739746094e+00
5.682914733886718750e+00
5.914112091064453125e+00
5.854578971862792969e+00
5.833087921142578125e+00
5.703761100769042969e+00
5.713236331939697266e+00
5.830883502960205078e+00
5.917426586151123047e+00
5.746860980987548828e+00
5.743742465972900391e+00
5.708076000213623047e+00
5.814444541931152344e+00
5.834256172180175781e+00
5.726714611053466797e+00
5.854866504669189453e+00
5.815248966217041016e+00
5.747596740722656250e+00
5.693823814392089844e+00
5.656174659729003906e+00
5.770889282226562500e+00
5.893563747406005859e+00
5.750854969024658203e+00
5.866124629974365234e+00
5.836800575256347656e+00
5.809106826782226562e+00
5.716941356658935547e+00
5.770696640014648438e+00
5.793364048004150391e+00
5.799910068511962891e+00
5.752853393554687500e+00
5.749531269073486328e+00
6.028380870819091797e+00
5.681726455688476562e+00
5.777905464172363281e+00
5.811253547668457031e+00
5.832017898559570312e+00
5.745040893554687500e+00
5.852098941802978516e+00
5.676267147064208984e+00
5.920782566070556641e+00
5.792761325836181641e+00
5.942045211791992188e+00
5.792047500610351562e+00
5.790681838989257812e+00
5.691925048828125000e+00
5.870715141296386719e+00
5.864898204803466797e+00
5.688965320587158203e+00
5.839291095733642578e+00
5.792252540588378906e+00
5.740843296051025391e+00
5.777761459350585938e+00
5.749000549316406250e+00
5.756956100463867188e+00
5.704917907714843750e+00
5.823893547058105469e+00
5.778952598571777344e+00
5.727341651916503906e+00
5.777484893798828125e+00
5.748097896575927734e+00
5.685309410095214844e+00
5.656865596771240234e+00
5.807973861694335938e+00
5.663862705230712891e+00
5.714854717254638672e+00
5.828377723693847656e+00
5.712076187133789062e+00
5.821484565734863281e+00
5.717093467712402344e+00
5.800832748413085938e+00
5.718636989593505859e+00
5.777179241180419922e+00
5.748761177062988281e+00
5.861573696136474609e+00
5.841475009918212891e+00
5.755068778991699219e+00
5.736203193664550781e+00
5.599595069885253906e+00
5.685290813446044922e+00
5.615801811218261719e+00
5.775547027587890625e+00
5.746921062469482422e+00
5.721253395080566406e+00
5.707180023193359375e+00
5.903095245361328125e+00
5.925165176391601562e+00
5.668172359466552734e+00
5.682193279266357422e+00
5.766360759735107422e+00
5.736652374267578125e+00
5.789953708648681641e+00
5.738667488098144531e+00
5.700320243835449219e+00
5.739817142486572266e+00
5.759470939636230469e+00
5.732701301574707031e+00
5.722795963287353516e+00
5.735744476318359375e+00
5.642095088958740234e+00
5.789944648742675781e+00
5.691153049468994141e+00
5.744178295135498047e+00
5.627103805541992188e+00
5.765373229980468750e+00
5.684082031250000000e+00
5.631609916687011719e+00
5.710350036621093750e+00
5.728488922119140625e+00
5.833179473876953125e+00
5.737192630767822266e+00
5.860119342803955078e+00
5.917510509490966797e+00
6.012084484100341797e+00
5.711192607879638672e+00
5.624121665954589844e+00
5.746994972229003906e+00
5.704523086547851562e+00
5.837490558624267578e+00
5.738920211791992188e+00
5.713119983673095703e+00
5.752544879913330078e+00
5.750914573669433594e+00
5.770860671997070312e+00
5.706406593322753906e+00
5.721914768218994141e+00
5.732032299041748047e+00
5.792097568511962891e+00
5.683711051940917969e+00
5.861017704010009766e+00
5.795985221862792969e+00
5.895466804504394531e+00
5.677348613739013672e+00
5.647060871124267578e+00
5.718849182128906250e+00
5.703928947448730469e+00
5.588211059570312500e+00
5.730111598968505859e+00
5.733723163604736328e+00
5.682248592376708984e+00
5.637035846710205078e+00
5.679880619049072266e+00
5.674561023712158203e+00
5.687033653259277344e+00
5.690559387207031250e+00
5.675941944122314453e+00
5.689852237701416016e+00
5.618850708007812500e+00
5.727392196655273438e+00
5.756367683410644531e+00
5.867967605590820312e+00
5.680513858795166016e+00
5.658535003662109375e+00
5.773761272430419922e+00
5.735883712768554688e+00
5.651142120361328125e+00
5.922174930572509766e+00
5.764473438262939453e+00
5.739041328430175781e+00
5.825193405151367188e+00
5.643772125244140625e+00
5.766459465026855469e+00
5.783980369567871094e+00
5.630115985870361328e+00
5.653228759765625000e+00
5.804450511932373047e+00
5.765690803527832031e+00
5.719353199005126953e+00
5.810918331146240234e+00
5.654189109802246094e+00
5.866141796112060547e+00
5.672097206115722656e+00
5.753472328186035156e+00
5.878092765808105469e+00
5.725291252136230469e+00
5.666241645812988281e+00
5.731525421142578125e+00
5.786795616149902344e+00
5.664251804351806641e+00
5.689270973205566406e+00
5.605600357055664062e+00
5.732324123382568359e+00
5.692283630371093750e+00
5.890205860137939453e+00
5.767902851104736328e+00
5.710013866424560547e+00
5.848050117492675781e+00
5.644147396087646484e+00
5.667120456695556641e+00
5.767625808715820312e+00
5.788614273071289062e+00
5.662154197692871094e+00
5.719723701477050781e+00
5.788725376129150391e+00
5.966026306152343750e+00
5.719192504882812500e+00
5.731041908264160156e+00
5.702992916107177734e+00
5.738789081573486328e+00
5.810941696166992188e+00
5.682000160217285156e+00
5.638625621795654297e+00
5.689196586608886719e+00
5.625938415527343750e+00
5.663942337036132812e+00
5.734042644500732422e+00
5.756433486938476562e+00
5.637315750122070312e+00
5.754664421081542969e+00
5.719097137451171875e+00
5.639001846313476562e+00
5.745706081390380859e+00
5.762596607208251953e+00
5.685506820678710938e+00
5.692272186279296875e+00
5.668291568756103516e+00
5.680659770965576172e+00
5.769191741943359375e+00
5.813329219818115234e+00
5.652407646179199219e+00
5.684418678283691406e+00
5.764686107635498047e+00
5.723263740539550781e+00
5.789654254913330078e+00
5.996361732482910156e+00
5.633539676666259766e+00
5.741927146911621094e+00
5.970203399658203125e+00
5.684151649475097656e+00
5.772201538085937500e+00
5.684624195098876953e+00
5.635845184326171875e+00
5.613202095031738281e+00
5.762513160705566406e+00
5.924069404602050781e+00
5.667160987854003906e+00
5.679675579071044922e+00
5.787078857421875000e+00
5.653188705444335938e+00
5.843512058258056641e+00
5.651315689086914062e+00
5.757780075073242188e+00
5.729485988616943359e+00
5.578747272491455078e+00
5.752186775207519531e+00
5.652845859527587891e+00
5.695147514343261719e+00
5.668578624725341797e+00
5.816925525665283203e+00
5.630149841308593750e+00
5.800250053405761719e+00
5.716416358947753906e+00
5.596600055694580078e+00
5.633559226989746094e+00
5.794476985931396484e+00
5.687802791595458984e+00
5.683600425720214844e+00
5.811737060546875000e+00
5.621008872985839844e+00
5.723807811737060547e+00
5.633975028991699219e+00
5.616799831390380859e+00
5.674767017364501953e+00
5.677204608917236328e+00
5.608431339263916016e+00
5.630609512329101562e+00
5.657545089721679688e+00
5.623641490936279297e+00
5.701182842254638672e+00
5.637835025787353516e+00
5.800472259521484375e+00
5.693500518798828125e+00
5.642032623291015625e+00
5.610091686248779297e+00
5.690265655517578125e+00
5.732045173645019531e+00
5.675093173980712891e+00
5.756441593170166016e+00
5.748117923736572266e+00
5.709512710571289062e+00
5.747771263122558594e+00
5.562212944030761719e+00
5.699386596679687500e+00
5.677730560302734375e+00
5.653696537017822266e+00
5.775819778442382812e+00
5.691154003143310547e+00
5.663343429565429688e+00
5.743712902069091797e+00
5.732883453369140625e+00
5.704617500305175781e+00
5.647400856018066406e+00
5.658644199371337891e+00
5.757758617401123047e+00
5.683830261230468750e+00
5.638274669647216797e+00
5.748431682586669922e+00
5.600192070007324219e+00
5.686777114868164062e+00
5.730626583099365234e+00
5.758263587951660156e+00
5.788084983825683594e+00
5.614523410797119141e+00
5.698861122131347656e+00
5.677269935607910156e+00
5.594656467437744141e+00
5.734332561492919922e+00
5.665368080139160156e+00
5.726763725280761719e+00
5.754097938537597656e+00
5.663242816925048828e+00
5.625912666320800781e+00
5.689990997314453125e+00
5.612097740173339844e+00
5.749062538146972656e+00
5.643942356109619141e+00
5.943663597106933594e+00
5.672576904296875000e+00
5.908866882324218750e+00
5.621400833129882812e+00
5.654690265655517578e+00
5.610304832458496094e+00
5.790473937988281250e+00
5.726274490356445312e+00
5.629056453704833984e+00
5.675364494323730469e+00
5.695685863494873047e+00
5.703778266906738281e+00
5.637967586517333984e+00
5.693223953247070312e+00
5.652031421661376953e+00
5.710892677307128906e+00
5.610052108764648438e+00
5.636208534240722656e+00
5.663610935211181641e+00
5.660246849060058594e+00
5.683845520019531250e+00
5.709921836853027344e+00
5.683846950531005859e+00
5.644991874694824219e+00
5.778881072998046875e+00
5.745216846466064453e+00
5.643959999084472656e+00
5.625289916992187500e+00
5.681648254394531250e+00
5.641702175140380859e+00
5.652066230773925781e+00
5.586232662200927734e+00
5.716288566589355469e+00
5.774270057678222656e+00
5.677508354187011719e+00
5.762683868408203125e+00
5.625937461853027344e+00
5.701214313507080078e+00
5.656529426574707031e+00
5.763828754425048828e+00
5.738357067108154297e+00
5.853808403015136719e+00
5.729952335357666016e+00
5.759521484375000000e+00
5.672138214111328125e+00
5.766189575195312500e+00
5.692437171936035156e+00
5.645643711090087891e+00
5.587553501129150391e+00
5.800796508789062500e+00
5.601128101348876953e+00
5.668913841247558594e+00
5.747442245483398438e+00
5.719419956207275391e+00
5.806753158569335938e+00
5.623920440673828125e+00
5.744211196899414062e+00
5.675452709197998047e+00
5.653204917907714844e+00
5.747453212738037109e+00
5.689581871032714844e+00
5.784592151641845703e+00
5.620611667633056641e+00
5.686645507812500000e+00
5.700841903686523438e+00
5.710792541503906250e+00
5.711734294891357422e+00
5.960010051727294922e+00
5.647476196289062500e+00
5.659649848937988281e+00
5.739304065704345703e+00
5.940278530120849609e+00
5.720737457275390625e+00
5.659363269805908203e+00
5.678887367248535156e+00
5.600437641143798828e+00
5.737400054931640625e+00
5.615283012390136719e+00
5.611565589904785156e+00
5.863243103027343750e+00
5.715615272521972656e+00
5.580142021179199219e+00
5.573073387145996094e+00
5.653771400451660156e+00
5.760283946990966797e+00
5.736210823059082031e+00
5.784158706665039062e+00
5.682748794555664062e+00
5.723951339721679688e+00
5.611741065979003906e+00
5.650815486907958984e+00
5.600413322448730469e+00
5.710451126098632812e+00
5.665738105773925781e+00
5.779814243316650391e+00
5.646452903747558594e+00
5.739786624908447266e+00
5.740224361419677734e+00
5.688503742218017578e+00
5.861945152282714844e+00
5.661446094512939453e+00
5.656235218048095703e+00
5.679264068603515625e+00
5.648202419281005859e+00
5.646784305572509766e+00
5.776101112365722656e+00
5.597655296325683594e+00
5.632603645324707031e+00
5.618307113647460938e+00
5.675129413604736328e+00
5.724583625793457031e+00
5.688875675201416016e+00
5.611547470092773438e+00
5.695493698120117188e+00
5.709511280059814453e+00
5.676988601684570312e+00
5.721264839172363281e+00
5.576907634735107422e+00
5.666082859039306641e+00
5.694809436798095703e+00
5.664276599884033203e+00
5.541564941406250000e+00
5.741675376892089844e+00
5.753106594085693359e+00
5.835736751556396484e+00
5.686378002166748047e+00
5.721879005432128906e+00
5.648949623107910156e+00
5.650259494781494141e+00
5.608522415161132812e+00
5.707129478454589844e+00
5.620742797851562500e+00
5.682626247406005859e+00
5.707508087158203125e+00
5.771644592285156250e+00
5.752348899841308594e+00
5.599669456481933594e+00
5.650335788726806641e+00
5.586852073669433594e+00
5.758014678955078125e+00
5.958571434020996094e+00
5.657290935516357422e+00
5.618316173553466797e+00
5.641853332519531250e+00
5.709925651550292969e+00
5.675504207611083984e+00
5.584766387939453125e+00
5.688353538513183594e+00
5.733290672302246094e+00
5.658535480499267578e+00
5.749320983886718750e+00
5.656218528747558594e+00
5.876925468444824219e+00
5.613549709320068359e+00
5.622610092163085938e+00
5.642740726470947266e+00
5.647603511810302734e+00
5.666577816009521484e+00
5.646574497222900391e+00
5.633009433746337891e+00
5.849555969238281250e+00
5.647129535675048828e+00
5.625309944152832031e+00
5.617313385009765625e+00
5.680608749389648438e+00
5.743959426879882812e+00
5.634365558624267578e+00
5.562299728393554688e+00
5.665327548980712891e+00
5.744358062744140625e+00
5.665933609008789062e+00
5.742679595947265625e+00
5.667011260986328125e+00
5.617834568023681641e+00
5.785144805908203125e+00
5.675303459167480469e+00
5.632877349853515625e+00
5.637680530548095703e+00
5.717001438140869141e+00
5.675308704376220703e+00
5.944394588470458984e+00
5.680938243865966797e+00
5.765864849090576172e+00
5.741919517517089844e+00
5.621659278869628906e+00
5.582190036773681641e+00
5.633147239685058594e+00
5.846544742584228516e+00
5.629075527191162109e+00
5.680007934570312500e+00
5.589331626892089844e+00
5.577431678771972656e+00
5.671704292297363281e+00
5.577902317047119141e+00
5.590685367584228516e+00
5.644731044769287109e+00
5.637106895446777344e+00
5.676327705383300781e+00
5.565135478973388672e+00
5.616933345794677734e+00
5.707323074340820312e+00
5.688073158264160156e+00
5.510090827941894531e+00
5.613075256347656250e+00
5.680330276489257812e+00
5.662664413452148438e+00
5.635429382324218750e+00
5.586613655090332031e+00
5.650447368621826172e+00
5.780763626098632812e+00
5.630826950073242188e+00
5.654820442199707031e+00
5.640591621398925781e+00
5.679894447326660156e+00
5.641142845153808594e+00
5.576177597045898438e+00
5.569773197174072266e+00
5.688056945800781250e+00
5.626136302947998047e+00
5.606135845184326172e+00
5.620373725891113281e+00
5.640544414520263672e+00
5.630869865417480469e+00
5.614881515502929688e+00
5.722235202789306641e+00
5.894138336181640625e+00
5.660185813903808594e+00
5.658711433410644531e+00
5.589980125427246094e+00
5.548253059387207031e+00
5.602701187133789062e+00
5.576740264892578125e+00
5.705368041992187500e+00
5.608036041259765625e+00
5.596539974212646484e+00
5.583203315734863281e+00
5.634411334991455078e+00
5.687224864959716797e+00
5.648791313171386719e+00
5.720512866973876953e+00
5.580741882324218750e+00
5.642478942871093750e+00
5.612256050109863281e+00
5.681613445281982422e+00
5.659222602844238281e+00
5.571703910827636719e+00
5.619878768920898438e+00
5.542377471923828125e+00
5.607374191284179688e+00
5.740350723266601562e+00
5.709879398345947266e+00
5.629397392272949219e+00
5.676033020019531250e+00
5.642015457153320312e+00
5.588206768035888672e+00
5.709543704986572266e+00
5.544167995452880859e+00
5.713582038879394531e+00
5.577637672424316406e+00
5.603157043457031250e+00
5.600577354431152344e+00
5.704581260681152344e+00
5.681804180145263672e+00
5.691304683685302734e+00
5.639713764190673828e+00
5.643577575683593750e+00
5.604414939880371094e+00
5.671364307403564453e+00
5.576767921447753906e+00
5.725590229034423828e+00
5.696243762969970703e+00
5.615810394287109375e+00
5.622997760772705078e+00
5.660950660705566406e+00
5.589269161224365234e+00
5.670305252075195312e+00
5.604911804199218750e+00
5.615725994110107422e+00
5.633393287658691406e+00
5.550921440124511719e+00
5.697360038757324219e+00
5.608062744140625000e+00
5.801763534545898438e+00
5.605920314788818359e+00
5.594575881958007812e+00
5.643775939941406250e+00
5.742135524749755859e+00
5.712172508239746094e+00
5.654156684875488281e+00
5.669271469116210938e+00
5.645063400268554688e+00
5.630607604980468750e+00
5.632375717163085938e+00
5.613554477691650391e+00
5.627040863037109375e+00
5.649150848388671875e+00
5.623918533325195312e+00
5.609646320343017578e+00
5.703014850616455078e+00
5.624984741210937500e+00
5.734649181365966797e+00
5.648021221160888672e+00
5.816155433654785156e+00
5.644066810607910156e+00
5.735029220581054688e+00
5.616250038146972656e+00
5.777132987976074219e+00
5.611820220947265625e+00
5.654850959777832031e+00
5.711086273193359375e+00
5.667093276977539062e+00
5.701430797576904297e+00
5.646642208099365234e+00
5.661724090576171875e+00
5.622461795806884766e+00
5.683310508728027344e+00
5.638906478881835938e+00
5.754952430725097656e+00
5.671121120452880859e+00
5.680124759674072266e+00
5.605865478515625000e+00
5.912235736846923828e+00
5.650651454925537109e+00
5.607393264770507812e+00
5.621494770050048828e+00
5.595800399780273438e+00
5.688930034637451172e+00
5.779477119445800781e+00
5.747992038726806641e+00
5.631211757659912109e+00
5.609469890594482422e+00
5.658634185791015625e+00
5.689165115356445312e+00
5.647238731384277344e+00
5.624241828918457031e+00
5.621602058410644531e+00
5.631075859069824219e+00
5.751253604888916016e+00
5.737154006958007812e+00
5.698770523071289062e+00
5.677325725555419922e+00
5.613054275512695312e+00
5.725447654724121094e+00
5.679186820983886719e+00
5.756057739257812500e+00
5.704929828643798828e+00
5.668004512786865234e+00
5.661448955535888672e+00
5.719305515289306641e+00
5.672405719757080078e+00
5.702810764312744141e+00
5.603976249694824219e+00
5.637417316436767578e+00
5.632148742675781250e+00
5.688748359680175781e+00
5.693224430084228516e+00
5.663983821868896484e+00
5.784410953521728516e+00
5.805898666381835938e+00
5.635741710662841797e+00
5.663215160369873047e+00
5.675529479980468750e+00
5.667400360107421875e+00
5.695291042327880859e+00
5.638434410095214844e+00
5.794174671173095703e+00
5.586575508117675781e+00
5.853399753570556641e+00
5.679635047912597656e+00
5.694793701171875000e+00
5.870522022247314453e+00
5.584214687347412109e+00
5.759383678436279297e+00
5.727288246154785156e+00
5.676207542419433594e+00
5.681591033935546875e+00
5.627490520477294922e+00
5.693469524383544922e+00
5.604688644409179688e+00
5.616869926452636719e+00
5.783463954925537109e+00
5.562207221984863281e+00
5.692643165588378906e+00
5.591229438781738281e+00
5.694440364837646484e+00
5.711803913116455078e+00
5.640948295593261719e+00
5.694849014282226562e+00
5.617770195007324219e+00
5.671766281127929688e+00
5.619639873504638672e+00
5.753738403320312500e+00
5.732450962066650391e+00
5.613758087158203125e+00
5.605225086212158203e+00
5.657118797302246094e+00
5.595581054687500000e+00
5.635716438293457031e+00
5.700576782226562500e+00
5.636138916015625000e+00
5.646269798278808594e+00
5.658946990966796875e+00
5.704165458679199219e+00
5.627138137817382812e+00
5.619257926940917969e+00
5.616116523742675781e+00
5.718672275543212891e+00
5.631496429443359375e+00
5.605062007904052734e+00
5.596037387847900391e+00
5.575038433074951172e+00
5.705169677734375000e+00
5.833387851715087891e+00
5.603262901306152344e+00
5.699672698974609375e+00
5.656956672668457031e+00
5.771590232849121094e+00
5.601431369781494141e+00
5.614036560058593750e+00
5.783545494079589844e+00
5.773948669433593750e+00
5.535248756408691406e+00
5.653859138488769531e+00
5.692537307739257812e+00
5.665315628051757812e+00
5.805508613586425781e+00
5.698949813842773438e+00
5.706164360046386719e+00
5.633388519287109375e+00
5.535807609558105469e+00
5.617794036865234375e+00
5.576917648315429688e+00
5.735003948211669922e+00
5.558893680572509766e+00
5.612398624420166016e+00
5.635817527770996094e+00
5.595858573913574219e+00
5.821125984191894531e+00
5.583475589752197266e+00
5.630040168762207031e+00
5.607583522796630859e+00
5.708773612976074219e+00
5.573720932006835938e+00
5.600159645080566406e+00
5.619551658630371094e+00
5.597342967987060547e+00
5.567919731140136719e+00
5.723424434661865234e+00
5.660833358764648438e+00
5.611657619476318359e+00
5.741772651672363281e+00
5.681319236755371094e+00
5.814310073852539062e+00
5.562082290649414062e+00
