6.891917228698730469e+00
6.811372756958007812e+00
6.750493526458740234e+00
6.684690475463867188e+00
6.615148067474365234e+00
6.464605331420898438e+00
6.428861618041992188e+00
6.424753665924072266e+00
6.366865634918212891e+00
6.351588726043701172e+00
6.356368064880371094e+00
6.312211036682128906e+00
6.433265209197998047e+00
6.509727954864501953e+00
6.326677799224853516e+00
6.388526916503906250e+00
6.285244941711425781e+00
6.331479072570800781e+00
6.217735767364501953e+00
6.231952190399169922e+00
6.379224777221679688e+00
6.405165195465087891e+00
6.261904716491699219e+00
6.266630649566650391e+00
6.206967830657958984e+00
6.161784648895263672e+00
6.202853202819824219e+00
6.189980030059814453e+00
6.131201744079589844e+00
6.100611209869384766e+00
6.225590705871582031e+00
6.109572410583496094e+00
6.123330593109130859e+00
6.074850559234619141e+00
6.141227722167968750e+00
6.022618293762207031e+00
6.313885211944580078e+00
6.272311210632324219e+00
6.118206024169921875e+00
6.197305679321289062e+00
6.129784584045410156e+00
6.354852199554443359e+00
6.272753715515136719e+00
6.120635032653808594e+00
6.147696018218994141e+00
5.997848510742187500e+00
6.248008728027343750e+00
6.099299907684326172e+00
6.099356651306152344e+00
6.089873313903808594e+00
6.202781677246093750e+00
6.099061965942382812e+00
5.990704059600830078e+00
6.193999767303466797e+00
6.024501800537109375e+00
6.026974201202392578e+00
5.971974849700927734e+00
6.098806381225585938e+00
6.256932735443115234e+00
6.179089069366455078e+00
6.071730613708496094e+00
6.084268093109130859e+00
6.272434234619140625e+00
6.228123188018798828e+00
6.079150199890136719e+00
5.974820613861083984e+00
5.974823474884033203e+00
5.980615615844726562e+00
6.266336441040039062e+00
6.025492668151855469e+00
6.092358589172363281e+00
6.136905670166015625e+00
6.107513427734375000e+00
6.010466098785400391e+00
6.055798530578613281e+00
6.016629219055175781e+00
6.001467704772949219e+00
6.040025711059570312e+00
5.994995594024658203e+00
6.330929279327392578e+00
6.180490970611572266e+00
6.046893119812011719e+00
6.057908058166503906e+00
5.913271427154541016e+00
6.324574947357177734e+00
6.187238693237304688e+00
5.987254142761230469e+00
6.083451747894287109e+00
6.136856079101562500e+00
5.993985176086425781e+00
5.964530944824218750e+00
6.034864425659179688e+00
6.258028507232666016e+00
5.958192825317382812e+00
5.969546318054199219e+00
5.928372859954833984e+00
5.961035728454589844e+00
6.027889728546142578e+00
6.166202068328857422e+00
6.069540023803710938e+00
6.175853729248046875e+00
5.978425502777099609e+00
6.084083080291748047e+00
6.030194282531738281e+00
6.068407058715820312e+00
6.050245761871337891e+00
6.066473007202148438e+00
6.017737865447998047e+00
6.008742332458496094e+00
6.061035633087158203e+00
6.012159347534179688e+00
6.001373767852783203e+00
5.978401184082031250e+00
6.064067840576171875e+00
6.141073226928710938e+00
5.980248451232910156e+00
5.968482017517089844e+00
6.031385898590087891e+00
6.023400306701660156e+00
6.094909667968750000e+00
6.098840713500976562e+00
5.998067855834960938e+00
6.019070625305175781e+00
6.035897731781005859e+00
5.991429328918457031e+00
6.044447898864746094e+00
5.850065231323242188e+00
5.950924873352050781e+00
6.120980739593505859e+00
6.152131080627441406e+00
5.938216209411621094e+00
6.028996467590332031e+00
6.029332637786865234e+00
6.058390617370605469e+00
5.929810047149658203e+00
6.114332675933837891e+00
5.919584751129150391e+00
5.992325782775878906e+00
5.902606010437011719e+00
6.087189674377441406e+00
5.994879722595214844e+00
6.057983398437500000e+00
6.108488082885742188e+00
6.200201511383056641e+00
6.220044136047363281e+00
5.991696834564208984e+00
5.952841758728027344e+00
5.915712833404541016e+00
5.864784240722656250e+00
6.006981849670410156e+00
6.023453235626220703e+00
6.010532855987548828e+00
5.883820533752441406e+00
6.093650341033935547e+00
5.913547515869140625e+00
5.923626422882080078e+00
5.834391593933105469e+00
5.861403942108154297e+00
5.927761554718017578e+00
6.106177330017089844e+00
5.976464271545410156e+00
6.140285968780517578e+00
6.000175952911376953e+00
6.012164592742919922e+00
5.904636383056640625e+00
5.964985847473144531e+00
5.826923847198486328e+00
5.910826683044433594e+00
5.978968143463134766e+00
6.068398475646972656e+00
5.957321643829345703e+00
6.138709545135498047e+00
5.929297447204589844e+00
5.976798057556152344e+00
5.825279235839843750e+00
5.869420051574707031e+00
5.925644874572753906e+00
5.871321201324462891e+00
5.937160015106201172e+00
5.897781848907470703e+00
5.961632251739501953e+00
5.871927738189697266e+00
6.397893905639648438e+00
5.973493576049804688e+00
5.947753906250000000e+00
5.903646469116210938e+00
6.087507247924804688e+00
5.983006000518798828e+00
6.264738082885742188e+00
6.077343940734863281e+00
6.130220413208007812e+00
5.921833038330078125e+00
6.308040618896484375e+00
5.855243206024169922e+00
6.062350273132324219e+00
6.075529575347900391e+00
5.908540725708007812e+00
6.220404624938964844e+00
5.980115413665771484e+00
5.912391662597656250e+00
6.069997310638427734e+00
5.910908699035644531e+00
5.937010765075683594e+00
6.098865985870361328e+00
5.943669795989990234e+00
6.087512969970703125e+00
5.911670207977294922e+00
5.878766059875488281e+00
5.939933776855468750e+00
6.026881217956542969e+00
5.882628917694091797e+00
5.999244213104248047e+00
5.911319255828857422e+00
5.956921577453613281e+00
6.027936935424804688e+00
6.008181571960449219e+00
5.923140525817871094e+00
5.917410850524902344e+00
5.873966217041015625e+00
5.931574821472167969e+00
6.015244483947753906e+00
5.909549713134765625e+00
5.979358673095703125e+00
5.835828304290771484e+00
5.849187850952148438e+00
5.954740524291992188e+00
6.147732734680175781e+00
5.847021579742431641e+00
5.849950790405273438e+00
5.899785995483398438e+00
6.169227600097656250e+00
5.969266891479492188e+00
6.075769424438476562e+00
5.882751464843750000e+00
6.464363574981689453e+00
5.938865184783935547e+00
5.880806922912597656e+00
5.863368034362792969e+00
5.987717151641845703e+00
5.966955184936523438e+00
5.964789390563964844e+00
6.287992954254150391e+00
5.861478328704833984e+00
5.917693138122558594e+00
5.932842731475830078e+00
5.916230678558349609e+00
5.884545803070068359e+00
6.062153816223144531e+00
5.904838562011718750e+00
5.870294570922851562e+00
5.930226325988769531e+00
5.868090152740478516e+00
6.066047668457031250e+00
5.938417911529541016e+00
5.996943473815917969e+00
6.084846973419189453e+00
6.017345428466796875e+00
6.105084896087646484e+00
5.886297702789306641e+00
5.985437393188476562e+00
5.855397224426269531e+00
5.832039356231689453e+00
6.034520149230957031e+00
6.079834938049316406e+00
5.855305671691894531e+00
5.859242916107177734e+00
5.818121433258056641e+00
5.914124488830566406e+00
5.978726863861083984e+00
5.887432098388671875e+00
5.953150749206542969e+00
5.971553802490234375e+00
5.871262073516845703e+00
5.943885803222656250e+00
6.037558078765869141e+00
5.920140743255615234e+00
6.056842803955078125e+00
5.827101230621337891e+00
5.946128845214843750e+00
5.862400054931640625e+00
5.811472415924072266e+00
5.874040603637695312e+00
6.002377033233642578e+00
5.865525722503662109e+00
6.170726776123046875e+00
5.885592460632324219e+00
5.950960636138916016e+00
5.819136619567871094e+00
5.899661540985107422e+00
5.858459472656250000e+00
5.885007858276367188e+00
5.978963851928710938e+00
6.187119483947753906e+00
5.858881473541259766e+00
5.903187274932861328e+00
5.904721260070800781e+00
5.938711643218994141e+00
6.066395759582519531e+00
5.982841014862060547e+00
6.014338493347167969e+00
5.888124465942382812e+00
6.056891918182373047e+00
5.927018165588378906e+00
6.017795085906982422e+00
5.999862194061279297e+00
5.878943920135498047e+00
6.214325904846191406e+00
6.015119552612304688e+00
6.254498481750488281e+00
5.853965759277343750e+00
5.876068592071533203e+00
6.020402908325195312e+00
6.033776760101318359e+00
5.979855537414550781e+00
5.879557132720947266e+00
5.993095874786376953e+00
6.126992702484130859e+00
5.920532226562500000e+00
5.839678764343261719e+00
5.839409828186035156e+00
5.895016670227050781e+00
6.063703536987304688e+00
6.085778236389160156e+00
6.040611267089843750e+00
5.971665382385253906e+00
5.961793899536132812e+00
5.915446281433105469e+00
5.908139705657958984e+00
5.912253379821777344e+00
6.024794101715087891e+00
5.915639877319335938e+00
5.923810958862304688e+00
5.996048927307128906e+00
5.833139419555664062e+00
5.889479637145996094e+00
5.835997581481933594e+00
5.772154331207275391e+00
5.932312965393066406e+00
5.888988018035888672e+00
6.062140941619873047e+00
6.226585388183593750e+00
5.804466724395751953e+00
5.841330528259277344e+00
5.954447746276855469e+00
5.748568534851074219e+00
5.832801818847656250e+00
5.887907981872558594e+00
6.036887168884277344e+00
5.938466072082519531e+00
6.046900749206542969e+00
5.932559967041015625e+00
5.762671470642089844e+00
5.944445610046386719e+00
5.962087631225585938e+00
5.826209545135498047e+00
5.936858177185058594e+00
5.873840332031250000e+00
5.948681831359863281e+00
5.868901252746582031e+00
5.898627281188964844e+00
5.776418685913085938e+00
5.902347564697265625e+00
5.977442264556884766e+00
5.942378997802734375e+00
6.016572952270507812e+00
5.883696556091308594e+00
6.032207489013671875e+00
5.836405754089355469e+00
5.995297908782958984e+00
5.777385234832763672e+00
5.912188529968261719e+00
5.889204025268554688e+00
5.901984214782714844e+00
5.788246631622314453e+00
5.884373188018798828e+00
5.853112220764160156e+00
5.917998790740966797e+00
5.861783027648925781e+00
5.896034717559814453e+00
5.924891471862792969e+00
5.883526802062988281e+00
5.850673198699951172e+00
5.813508510589599609e+00
5.844816207885742188e+00
5.939608573913574219e+00
5.894524097442626953e+00
5.865458488464355469e+00
5.791814327239990234e+00
5.791951656341552734e+00
5.856036186218261719e+00
6.106705665588378906e+00
5.743935108184814453e+00
6.008019447326660156e+00
5.949694156646728516e+00
5.885399818420410156e+00
6.072601318359375000e+00
5.906182765960693359e+00
6.008638381958007812e+00
6.194141387939453125e+00
6.102530479431152344e+00
5.842786788940429688e+00
5.842916965484619141e+00
5.858051300048828125e+00
5.802596569061279297e+00
6.190528869628906250e+00
6.028466224670410156e+00
6.258075237274169922e+00
5.853529453277587891e+00
5.876878261566162109e+00
5.866252899169921875e+00
5.844727516174316406e+00
5.944629669189453125e+00
6.019343852996826172e+00
5.865281581878662109e+00
6.060165405273437500e+00
6.194851398468017578e+00
5.852256774902343750e+00
5.969840049743652344e+00
5.923985958099365234e+00
5.959230899810791016e+00
6.028993606567382812e+00
5.963210105895996094e+00
6.111322402954101562e+00
5.963907241821289062e+00
5.885203838348388672e+00
5.991130352020263672e+00
5.962469577789306641e+00
5.829872131347656250e+00
6.015040397644042969e+00
6.071907043457031250e+00
6.169232845306396484e+00
5.969164371490478516e+00
5.955545425415039062e+00
6.077400207519531250e+00
5.953007698059082031e+00
5.877348899841308594e+00
5.996816635131835938e+00
6.054753303527832031e+00
6.118566513061523438e+00
5.889502525329589844e+00
5.939633369445800781e+00
5.987140655517578125e+00
5.919275283813476562e+00
5.978231906890869141e+00
5.936747550964355469e+00
5.975567340850830078e+00
5.868317604064941406e+00
5.803319931030273438e+00
5.856706619262695312e+00
5.901469230651855469e+00
5.911718845367431641e+00
6.133186340332031250e+00
6.045148849487304688e+00
6.081213951110839844e+00
5.828465938568115234e+00
5.902571678161621094e+00
5.879952430725097656e+00
5.847591876983642578e+00
5.877913951873779297e+00
5.970101356506347656e+00
5.909432411193847656e+00
5.794108390808105469e+00
5.778759956359863281e+00
5.810065746307373047e+00
5.794226169586181641e+00
5.973441123962402344e+00
5.809842109680175781e+00
5.956397056579589844e+00
5.886761665344238281e+00
6.127555847167968750e+00
5.959113597869873047e+00
5.949837684631347656e+00
5.814727306365966797e+00
5.859032630920410156e+00
5.882267475128173828e+00
6.239590644836425781e+00
5.811843872070312500e+00
5.794210433959960938e+00
6.011357307434082031e+00
5.952537536621093750e+00
6.070546627044677734e+00
5.858091831207275391e+00
5.830438137054443359e+00
5.859817028045654297e+00
5.919096946716308594e+00
5.915796279907226562e+00
5.863835811614990234e+00
5.937747955322265625e+00
5.800494194030761719e+00
6.165575981140136719e+00
5.978144645690917969e+00
5.793113708496093750e+00
6.022881507873535156e+00
5.862480640411376953e+00
5.887744903564453125e+00
5.882364749908447266e+00
6.039732456207275391e+00
5.944106101989746094e+00
6.026279449462890625e+00
6.117106914520263672e+00
5.791325569152832031e+00
5.840487480163574219e+00
6.143075942993164062e+00
5.878996849060058594e+00
5.978659152984619141e+00
6.034603118896484375e+00
6.028552532196044922e+00
5.806266307830810547e+00
5.816458225250244141e+00
5.954822540283203125e+00
5.749853134155273438e+00
5.866752147674560547e+00
5.944006919860839844e+00
5.965619564056396484e+00
5.878509044647216797e+00
5.936012744903564453e+00
5.904558181762695312e+00
5.759895324707031250e+00
5.872071266174316406e+00
5.886538982391357422e+00
6.132266998291015625e+00
5.794052124023437500e+00
5.957085132598876953e+00
5.891472816467285156e+00
5.849245548248291016e+00
5.933462619781494141e+00
5.818569183349609375e+00
6.150182247161865234e+00
5.990778446197509766e+00
5.866497039794921875e+00
5.889296054840087891e+00
5.950796127319335938e+00
5.965095043182373047e+00
5.787238597869873047e+00
5.983449459075927734e+00
5.702471256256103516e+00
5.766398429870605469e+00
5.783753871917724609e+00
5.816596984863281250e+00
5.931229591369628906e+00
5.761087417602539062e+00
5.836364746093750000e+00
5.749130249023437500e+00
6.094381809234619141e+00
6.035127162933349609e+00
5.898060321807861328e+00
5.979387760162353516e+00
5.750306606292724609e+00
5.902322769165039062e+00
5.874260902404785156e+00
5.820871353149414062e+00
5.814858436584472656e+00
5.860202789306640625e+00
5.829783916473388672e+00
5.844575405120849609e+00
6.044205188751220703e+00
6.061283111572265625e+00
5.940506935119628906e+00
5.752153396606445312e+00
5.748755931854248047e+00
5.884388923645019531e+00
5.770212173461914062e+00
5.805527210235595703e+00
6.092907428741455078e+00
5.843945503234863281e+00
6.038057804107666016e+00
5.946815490722656250e+00
5.950027465820312500e+00
5.848859786987304688e+00
5.853938102722167969e+00
5.743074417114257812e+00
5.823203086853027344e+00
5.816748619079589844e+00
5.959218025207519531e+00
5.880830764770507812e+00
6.001740455627441406e+00
5.909808635711669922e+00
5.811195373535156250e+00
6.049647331237792969e+00
5.846499919891357422e+00
5.788900375366210938e+00
5.830998420715332031e+00
5.822665214538574219e+00
5.978613376617431641e+00
5.796805381774902344e+00
5.820936203002929688e+00
5.885941982269287109e+00
5.905850887298583984e+00
5.836421012878417969e+00
5.905230998992919922e+00
5.848870277404785156e+00
5.834909915924072266e+00
5.733081817626953125e+00
5.866125583648681641e+00
5.768362045288085938e+00
5.930675506591796875e+00
6.117370605468750000e+00
6.021448135375976562e+00
5.937464714050292969e+00
6.056274414062500000e+00
5.783844470977783203e+00
5.752095222473144531e+00
5.712363243103027344e+00
5.816286563873291016e+00
5.906428813934326172e+00
5.839140892028808594e+00
5.802344799041748047e+00
5.939820289611816406e+00
5.808287143707275391e+00
6.047770023345947266e+00
5.864328384399414062e+00
5.739036083221435547e+00
5.846495628356933594e+00
5.930576801300048828e+00
5.827001571655273438e+00
6.135218143463134766e+00
5.792620658874511719e+00
5.822419643402099609e+00
5.826886653900146484e+00
6.026952743530273438e+00
5.877907752990722656e+00
5.851335525512695312e+00
5.832542896270751953e+00
5.852842807769775391e+00
5.808253288269042969e+00
5.918787479400634766e+00
5.823687553405761719e+00
5.804532527923583984e+00
6.087297439575195312e+00
5.708772659301757812e+00
5.945641994476318359e+00
5.886862277984619141e+00
5.815788269042968750e+00
5.843711853027343750e+00
5.922758579254150391e+00
6.113384723663330078e+00
5.892285823822021484e+00
5.993266105651855469e+00
5.930290222167968750e+00
5.841468334197998047e+00
5.993285179138183594e+00
5.815924644470214844e+00
5.844511985778808594e+00
5.923324584960937500e+00
5.906203269958496094e+00
6.059750556945800781e+00
5.856647014617919922e+00
5.885518074035644531e+00
6.183021068572998047e+00
5.905500888824462891e+00
5.775794982910156250e+00
5.942948818206787109e+00
5.940724372863769531e+00
5.831861495971679688e+00
5.843897342681884766e+00
5.776073455810546875e+00
5.780241966247558594e+00
5.992664337158203125e+00
5.838976860046386719e+00
5.949820518493652344e+00
5.891716480255126953e+00
5.943239212036132812e+00
5.886869907379150391e+00
5.914915084838867188e+00
6.010033130645751953e+00
5.902916431427001953e+00
5.753229141235351562e+00
5.817564964294433594e+00
6.010815620422363281e+00
5.851422309875488281e+00
5.799975395202636719e+00
5.867158412933349609e+00
5.800876617431640625e+00
6.007065773010253906e+00
5.871821403503417969e+00
5.792389869689941406e+00
5.712263584136962891e+00
5.925261497497558594e+00
5.870973110198974609e+00
5.847640991210937500e+00
5.996381759643554688e+00
5.767550468444824219e+00
5.940842628479003906e+00
5.748029708862304688e+00
5.892655372619628906e+00
5.809988975524902344e+00
5.966449737548828125e+00
5.966118812561035156e+00
5.782163619995117188e+00
5.937831878662109375e+00
5.766258716583251953e+00
6.002281188964843750e+00
5.790860176086425781e+00
5.871169090270996094e+00
5.779039382934570312e+00
6.067783355712890625e+00
5.800768375396728516e+00
5.793768882751464844e+00
5.784683227539062500e+00
5.887856006622314453e+00
5.740015506744384766e+00
5.904812812805175781e+00
5.837820529937744141e+00
5.760746002197265625e+00
5.915320873260498047e+00
5.836806297302246094e+00
5.844502449035644531e+00
5.895318984985351562e+00
6.109066963195800781e+00
5.905130386352539062e+00
5.832947254180908203e+00
5.748167991638183594e+00
5.913388252258300781e+00
5.727202415466308594e+00
5.928331375122070312e+00
5.788074493408203125e+00
5.830163955688476562e+00
5.812450885772705078e+00
5.744323253631591797e+00
6.046423435211181641e+00
5.887031555175781250e+00
5.901868343353271484e+00
5.929156303405761719e+00
6.097351074218750000e+00
5.828116416931152344e+00
6.039341926574707031e+00
5.745842933654785156e+00
5.878192424774169922e+00
5.949608325958251953e+00
5.782474040985107422e+00
5.791222095489501953e+00
5.996479988098144531e+00
5.799402236938476562e+00
5.821265697479248047e+00
5.791798591613769531e+00
5.898562431335449219e+00
5.887363433837890625e+00
5.841673851013183594e+00
5.988636016845703125e+00
5.842110633850097656e+00
5.754891395568847656e+00
5.907077789306640625e+00
5.985103607177734375e+00
5.781965255737304688e+00
5.920635700225830078e+00
5.908977031707763672e+00
5.902070522308349609e+00
5.981280326843261719e+00
5.848184108734130859e+00
5.763064861297607422e+00
5.796709060668945312e+00
5.844785690307617188e+00
5.784328937530517578e+00
5.758797645568847656e+00
5.784992694854736328e+00
5.918775081634521484e+00
5.910750865936279297e+00
5.884920597076416016e+00
5.747241497039794922e+00
5.751756668090820312e+00
5.789075374603271484e+00
5.974298000335693359e+00
5.812379360198974609e+00
5.838674545288085938e+00
6.003278732299804688e+00
5.871781349182128906e+00
5.861128330230712891e+00
5.856852054595947266e+00
5.742140769958496094e+00
5.823799133300781250e+00
5.755779266357421875e+00
5.853029251098632812e+00
5.837592124938964844e+00
6.109426021575927734e+00
5.780544281005859375e+00
5.761341094970703125e+00
5.835247993469238281e+00
5.746757030487060547e+00
5.840062618255615234e+00
5.880402088165283203e+00
5.776411056518554688e+00
5.885732173919677734e+00
5.857063293457031250e+00
5.814092636108398438e+00
5.846191406250000000e+00
5.810034275054931641e+00
5.776125431060791016e+00
5.783026218414306641e+00
5.696202278137207031e+00
5.954726696014404297e+00
5.759654998779296875e+00
5.856976509094238281e+00
5.886077880859375000e+00
5.745214462280273438e+00
5.766224861145019531e+00
5.857409477233886719e+00
5.845852851867675781e+00
5.984535694122314453e+00
5.778861999511718750e+00
5.848383903503417969e+00
5.861019611358642578e+00
5.956537246704101562e+00
5.764057159423828125e+00
5.941628456115722656e+00
5.870191574096679688e+00
5.852378368377685547e+00
6.033989906311035156e+00
5.784224987030029297e+00
5.863872528076171875e+00
5.859934329986572266e+00
5.782225131988525391e+00
5.909317970275878906e+00
5.876563072204589844e+00
5.744401454925537109e+00
5.968390464782714844e+00
5.792451858520507812e+00
5.849723339080810547e+00
5.942861080169677734e+00
5.783266544342041016e+00
5.820007324218750000e+00
5.775492191314697266e+00
5.873110771179199219e+00
5.819656848907470703e+00
5.951479911804199219e+00
5.917441368103027344e+00
5.829795837402343750e+00
5.810617446899414062e+00
5.759282112121582031e+00
5.711471557617187500e+00
5.934525489807128906e+00
5.791039943695068359e+00
5.868712425231933594e+00
5.826563835144042969e+00
5.914542675018310547e+00
5.689152717590332031e+00
5.839849948883056641e+00
5.830183982849121094e+00
5.834832668304443359e+00
5.861662864685058594e+00
5.710521221160888672e+00
5.912664890289306641e+00
5.952391624450683594e+00
5.873101234436035156e+00
5.927812576293945312e+00
5.811389923095703125e+00
5.855438232421875000e+00
5.839617729187011719e+00
5.963358879089355469e+00
5.896742820739746094e+00
5.914941787719726562e+00
5.769493579864501953e+00
5.736232280731201172e+00
5.763216018676757812e+00
5.855000495910644531e+00
5.827406406402587891e+00
5.822885513305664062e+00
5.823277950286865234e+00
5.844615936279296875e+00
5.836241722106933594e+00
5.875562191009521484e+00
5.976246833801269531e+00
5.939994335174560547e+00
5.804336071014404297e+00
5.967596054077148438e+00
5.748076438903808594e+00
5.777058124542236328e+00
5.695113658905029297e+00
5.925827980041503906e+00
5.870286464691162109e+00
5.691610336303710938e+00
5.774822235107421875e+00
5.920264720916748047e+00
5.848122596740722656e+00
5.830683231353759766e+00
6.038295745849609375e+00
5.893892765045166016e+00
5.903861045837402344e+00
5.936197280883789062e+00
5.897170543670654297e+00
5.911085128784179688e+00
5.735695838928222656e+00
5.861453533172607422e+00
5.915130615234375000e+00
5.785205841064453125e+00
5.787299156188964844e+00
5.776106357574462891e+00
6.010815620422363281e+00
5.821542739868164062e+00
5.906452655792236328e+00
5.762892723083496094e+00
5.871557235717773438e+00
5.964622497558593750e+00
5.682577133178710938e+00
5.726721286773681641e+00
5.949829578399658203e+00
5.928046703338623047e+00
5.827629089355468750e+00
5.786408424377441406e+00
5.838258266448974609e+00
5.762182235717773438e+00
5.772970676422119141e+00
6.042396545410156250e+00
5.807942867279052734e+00
5.781239509582519531e+00
5.797011375427246094e+00
5.815425395965576172e+00
5.804088592529296875e+00
5.752164363861083984e+00
5.871898651123046875e+00
5.736804962158203125e+00
6.030910491943359375e+00
5.879166126251220703e+00
5.782910823822021484e+00
5.761944770812988281e+00
5.821489334106445312e+00
5.813240051269531250e+00
5.815314292907714844e+00
5.914385795593261719e+00
6.074962139129638672e+00
5.751166820526123047e+00
5.831237792968750000e+00
5.950925827026367188e+00
5.803421020507812500e+00
5.900760650634765625e+00
6.171881198883056641e+00
6.043096065521240234e+00
5.955472946166992188e+00
5.806755065917968750e+00
5.913750648498535156e+00
6.108120441436767578e+00
6.082738876342773438e+00
5.772964000701904297e+00
5.829252243041992188e+00
5.746132850646972656e+00
5.838027477264404297e+00
5.838699340820312500e+00
6.019055843353271484e+00
5.882505893707275391e+00
5.837128639221191406e+00
5.995021820068359375e+00
5.926819801330566406e+00
5.875771522521972656e+00
5.838675498962402344e+00
5.697985649108886719e+00
5.891618251800537109e+00
5.708711624145507812e+00
5.882304668426513672e+00
6.057676315307617188e+00
5.736545562744140625e+00
5.885887145996093750e+00
5.942317962646484375e+00
5.869318008422851562e+00
5.807010650634765625e+00
5.807288169860839844e+00
5.963756561279296875e+00
5.823680877685546875e+00
5.750886440277099609e+00
5.786224365234375000e+00
5.759762763977050781e+00
5.881942749023437500e+00
5.845071792602539062e+00
5.929829597473144531e+00
5.920011043548583984e+00
6.127169132232666016e+00
5.938900470733642578e+00
5.905543327331542969e+00
5.844044685363769531e+00
5.865167617797851562e+00
5.846610546112060547e+00
5.867909431457519531e+00
