6.801823616027832031e+00
6.654250144958496094e+00
6.548128128051757812e+00
6.389009475708007812e+00
6.515359401702880859e+00
6.233439445495605469e+00
6.274308681488037109e+00
6.145085334777832031e+00
6.165432929992675781e+00
6.107621669769287109e+00
6.243358135223388672e+00
6.014723777770996094e+00
5.971340179443359375e+00
6.035518169403076172e+00
6.006134033203125000e+00
6.039889335632324219e+00
6.193306922912597656e+00
5.936995983123779297e+00
6.004564285278320312e+00
5.974237442016601562e+00
5.968333244323730469e+00
5.935149669647216797e+00
6.089699745178222656e+00
6.094479560852050781e+00
5.907375335693359375e+00
6.023557662963867188e+00
6.015464782714843750e+00
5.966272354125976562e+00
5.865017890930175781e+00
5.946853160858154297e+00
5.877232551574707031e+00
5.905935764312744141e+00
5.995259284973144531e+00
5.867303371429443359e+00
5.903559684753417969e+00
6.002555847167968750e+00
5.962412834167480469e+00
5.897114276885986328e+00
5.857270240783691406e+00
5.890490531921386719e+00
5.959462642669677734e+00
5.847068309783935547e+00
5.893613815307617188e+00
5.794820308685302734e+00
5.919609069824218750e+00
5.894569396972656250e+00
5.939035415649414062e+00
5.956223011016845703e+00
5.953244209289550781e+00
5.862384796142578125e+00
5.848588943481445312e+00
5.833581924438476562e+00
5.774608612060546875e+00
6.051537513732910156e+00
6.019307613372802734e+00
5.840016365051269531e+00
5.757997512817382812e+00
5.862480163574218750e+00
5.838318824768066406e+00
5.797153472900390625e+00
5.838438034057617188e+00
5.841107368469238281e+00
5.834989547729492188e+00
5.747587203979492188e+00
5.870344638824462891e+00
5.859213352203369141e+00
5.827191352844238281e+00
5.990244865417480469e+00
5.775354385375976562e+00
5.796336650848388672e+00
5.771748065948486328e+00
5.892889022827148438e+00
6.136059761047363281e+00
5.780101299285888672e+00
5.848726749420166016e+00
6.140562534332275391e+00
5.928054332733154297e+00
5.791234970092773438e+00
5.796372413635253906e+00
5.844439029693603516e+00
5.863905906677246094e+00
5.803042411804199219e+00
5.773102760314941406e+00
5.920100212097167969e+00
5.845773696899414062e+00
5.861530303955078125e+00
5.900235176086425781e+00
5.802271842956542969e+00
5.961755752563476562e+00
5.766454219818115234e+00
5.713243007659912109e+00
5.868559837341308594e+00
6.145559310913085938e+00
5.888657569885253906e+00
5.784790515899658203e+00
5.806739807128906250e+00
5.864487648010253906e+00
5.739119529724121094e+00
5.867232322692871094e+00
5.811406135559082031e+00
5.894259452819824219e+00
5.783679962158203125e+00
5.729672431945800781e+00
5.770384311676025391e+00
5.757427215576171875e+00
5.854285240173339844e+00
5.767808914184570312e+00
5.849327087402343750e+00
5.854108333587646484e+00
5.798594951629638672e+00
5.793000221252441406e+00
5.671067714691162109e+00
5.705977439880371094e+00
5.849191188812255859e+00
5.821233749389648438e+00
5.808388710021972656e+00
5.823929786682128906e+00
5.792736053466796875e+00
5.834143638610839844e+00
5.734157085418701172e+00
5.792114734649658203e+00
5.712080001831054688e+00
5.777518272399902344e+00
5.729745864868164062e+00
5.836940288543701172e+00
5.674422264099121094e+00
5.697686195373535156e+00
5.717719554901123047e+00
5.670341968536376953e+00
5.775086402893066406e+00
5.990400314331054688e+00
5.764638900756835938e+00
5.811930179595947266e+00
5.780320167541503906e+00
5.885295391082763672e+00
5.794773101806640625e+00
5.670049190521240234e+00
5.759153842926025391e+00
5.813479423522949219e+00
5.717562675476074219e+00
5.823749542236328125e+00
5.681855201721191406e+00
5.784116268157958984e+00
5.679925918579101562e+00
5.822686672210693359e+00
5.836688041687011719e+00
5.824699401855468750e+00
5.966850757598876953e+00
5.727159976959228516e+00
5.749733924865722656e+00
5.712427139282226562e+00
5.851604461669921875e+00
5.826275348663330078e+00
5.656950950622558594e+00
5.769968986511230469e+00
5.745248317718505859e+00
5.750561714172363281e+00
5.940827369689941406e+00
5.906347751617431641e+00
5.733122348785400391e+00
5.687340259552001953e+00
5.771393775939941406e+00
5.682364463806152344e+00
5.811125755310058594e+00
5.702109813690185547e+00
5.728515625000000000e+00
5.786317348480224609e+00
5.716091156005859375e+00
5.643306732177734375e+00
5.681083679199218750e+00
5.682655334472656250e+00
5.751192569732666016e+00
5.841285228729248047e+00
5.721493244171142578e+00
5.745342254638671875e+00
5.779759407043457031e+00
5.815907001495361328e+00
5.696404457092285156e+00
5.745956897735595703e+00
5.761229038238525391e+00
5.718405723571777344e+00
5.779903888702392578e+00
5.776454925537109375e+00
5.771582126617431641e+00
5.779053688049316406e+00
5.700560569763183594e+00
5.760988712310791016e+00
5.688731193542480469e+00
5.754611968994140625e+00
5.765433788299560547e+00
5.846030235290527344e+00
5.803083419799804688e+00
5.759350776672363281e+00
5.680184364318847656e+00
5.750078678131103516e+00
5.710140228271484375e+00
5.815085411071777344e+00
5.851963043212890625e+00
5.690784454345703125e+00
5.766426086425781250e+00
5.753334045410156250e+00
5.687910079956054688e+00
5.671298027038574219e+00
5.705462932586669922e+00
5.763573646545410156e+00
5.714710712432861328e+00
5.679578304290771484e+00
5.804671287536621094e+00
5.678036689758300781e+00
5.821052074432373047e+00
5.669170379638671875e+00
5.648916244506835938e+00
5.646900653839111328e+00
5.742442131042480469e+00
5.726424694061279297e+00
5.780184745788574219e+00
5.679284572601318359e+00
5.665543556213378906e+00
5.889374732971191406e+00
5.678708076477050781e+00
5.630650043487548828e+00
5.670438766479492188e+00
5.816034793853759766e+00
5.692636489868164062e+00
5.727508068084716797e+00
5.666841983795166016e+00
5.723636627197265625e+00
5.724710464477539062e+00
5.832095146179199219e+00
5.750547409057617188e+00
5.654314994812011719e+00
5.772055625915527344e+00
5.856930732727050781e+00
5.747859001159667969e+00
5.733823299407958984e+00
5.892570972442626953e+00
5.799650669097900391e+00
5.617900848388671875e+00
5.710855484008789062e+00
5.802005767822265625e+00
5.784239768981933594e+00
5.846089839935302734e+00
5.712110519409179688e+00
5.608163833618164062e+00
5.677079677581787109e+00
5.776607036590576172e+00
5.661521911621093750e+00
5.687639713287353516e+00
5.613207340240478516e+00
5.789221763610839844e+00
5.724215507507324219e+00
5.699185371398925781e+00
5.666003704071044922e+00
5.707983970642089844e+00
5.789432525634765625e+00
5.643131256103515625e+00
5.777964591979980469e+00
5.677931785583496094e+00
5.693383693695068359e+00
5.765865325927734375e+00
5.742783069610595703e+00
5.634178161621093750e+00
5.814254760742187500e+00
5.690546989440917969e+00
5.681537151336669922e+00
5.699777603149414062e+00
5.802749156951904297e+00
5.698270797729492188e+00
5.619759082794189453e+00
5.693124771118164062e+00
5.778995990753173828e+00
5.742620468139648438e+00
5.623040199279785156e+00
5.629283428192138672e+00
5.728645324707031250e+00
5.735140800476074219e+00
5.678376197814941406e+00
5.885765552520751953e+00
5.791395187377929688e+00
5.653855323791503906e+00
5.844532966613769531e+00
5.722713470458984375e+00
5.776419639587402344e+00
5.679525375366210938e+00
5.649994850158691406e+00
5.732890605926513672e+00
5.619468212127685547e+00
5.795125007629394531e+00
5.657020092010498047e+00
5.984568595886230469e+00
5.652663707733154297e+00
5.618597984313964844e+00
5.841749191284179688e+00
5.697134971618652344e+00
5.633229255676269531e+00
5.692185878753662109e+00
5.713761806488037109e+00
5.851605892181396484e+00
5.652839660644531250e+00
5.750228404998779297e+00
5.730762481689453125e+00
5.614076614379882812e+00
5.784872055053710938e+00
5.760652542114257812e+00
5.633390426635742188e+00
5.651762008666992188e+00
5.741864681243896484e+00
5.635131359100341797e+00
5.588100433349609375e+00
5.735075950622558594e+00
5.619907379150390625e+00
5.685880661010742188e+00
5.771060943603515625e+00
5.628995895385742188e+00
5.767533779144287109e+00
5.751580715179443359e+00
5.735068321228027344e+00
5.673511028289794922e+00
5.750979900360107422e+00
5.677839279174804688e+00
5.660860061645507812e+00
5.795278549194335938e+00
5.629310607910156250e+00
5.684235572814941406e+00
5.668392181396484375e+00
5.623221397399902344e+00
5.667097568511962891e+00
5.604505538940429688e+00
5.650138378143310547e+00
5.743021011352539062e+00
5.669913291931152344e+00
5.656576156616210938e+00
5.622227668762207031e+00
5.698954105377197266e+00
5.634329795837402344e+00
5.596791744232177734e+00
5.778668880462646484e+00
5.613521575927734375e+00
5.637475013732910156e+00
5.649931907653808594e+00
5.673911571502685547e+00
5.630814075469970703e+00
5.628023147583007812e+00
5.769934654235839844e+00
5.714962959289550781e+00
5.672080039978027344e+00
5.921466350555419922e+00
5.772895812988281250e+00
5.673190116882324219e+00
5.684437751770019531e+00
5.786079883575439453e+00
5.728984355926513672e+00
5.633382320404052734e+00
5.730533599853515625e+00
5.707717895507812500e+00
5.745410919189453125e+00
5.708579063415527344e+00
5.649056911468505859e+00
5.633056163787841797e+00
5.610165119171142578e+00
5.621567249298095703e+00
5.662264347076416016e+00
5.675056934356689453e+00
5.651514053344726562e+00
5.659966945648193359e+00
5.622498035430908203e+00
5.621181488037109375e+00
5.649662017822265625e+00
5.606655120849609375e+00
5.630943775177001953e+00
5.750910758972167969e+00
5.744407653808593750e+00
5.600625991821289062e+00
5.575556755065917969e+00
5.724511623382568359e+00
5.732949256896972656e+00
5.918599128723144531e+00
5.833116054534912109e+00
5.800251007080078125e+00
5.615259647369384766e+00
5.698708057403564453e+00
5.685650348663330078e+00
5.628570079803466797e+00
5.683203697204589844e+00
5.714282989501953125e+00
5.636641025543212891e+00
5.668110847473144531e+00
5.634378433227539062e+00
5.846725940704345703e+00
5.655146598815917969e+00
5.826467990875244141e+00
5.694166660308837891e+00
5.724729537963867188e+00
5.743421077728271484e+00
5.601504802703857422e+00
5.785073280334472656e+00
5.653600215911865234e+00
5.802119731903076172e+00
5.638522148132324219e+00
5.703576564788818359e+00
5.811053752899169922e+00
5.770869731903076172e+00
5.710007667541503906e+00
5.645555019378662109e+00
5.635869026184082031e+00
5.774423599243164062e+00
5.592170715332031250e+00
5.578227519989013672e+00
5.666645526885986328e+00
5.517803192138671875e+00
5.734416007995605469e+00
5.698462963104248047e+00
5.665173530578613281e+00
5.618063926696777344e+00
5.717344760894775391e+00
5.710598468780517578e+00
5.749420166015625000e+00
5.655548095703125000e+00
5.710966110229492188e+00
5.656128406524658203e+00
5.711237430572509766e+00
5.675689697265625000e+00
5.634006500244140625e+00
5.780069828033447266e+00
5.586948394775390625e+00
5.606860637664794922e+00
5.612596511840820312e+00
5.632977008819580078e+00
5.645054817199707031e+00
5.763836860656738281e+00
5.786425590515136719e+00
5.697739601135253906e+00
5.656692504882812500e+00
5.892961502075195312e+00
5.672363758087158203e+00
5.654311180114746094e+00
5.601843833923339844e+00
5.629749298095703125e+00
5.737120151519775391e+00
5.681492328643798828e+00
5.672924518585205078e+00
5.598362922668457031e+00
5.671580314636230469e+00
5.634073257446289062e+00
5.672455787658691406e+00
5.621789455413818359e+00
5.567938804626464844e+00
5.697083950042724609e+00
5.688831329345703125e+00
5.617751121520996094e+00
5.617346763610839844e+00
5.610425949096679688e+00
5.693902015686035156e+00
5.664787292480468750e+00
5.894851207733154297e+00
5.691808223724365234e+00
5.694889068603515625e+00
5.667435646057128906e+00
5.599935531616210938e+00
5.640531539916992188e+00
5.610414505004882812e+00
5.679663658142089844e+00
5.692583084106445312e+00
5.643251419067382812e+00
5.810037612915039062e+00
5.583870887756347656e+00
5.617010116577148438e+00
5.669764518737792969e+00
5.698551654815673828e+00
5.781793594360351562e+00
5.726107597351074219e+00
5.718259334564208984e+00
5.672265052795410156e+00
5.617446899414062500e+00
5.647455215454101562e+00
5.733366966247558594e+00
5.691469669342041016e+00
5.626897811889648438e+00
5.604786872863769531e+00
5.665319442749023438e+00
5.755856990814208984e+00
5.735911369323730469e+00
5.746839523315429688e+00
5.659573554992675781e+00
5.716304779052734375e+00
5.908563613891601562e+00
5.717780113220214844e+00
5.599686622619628906e+00
5.669819355010986328e+00
5.727360248565673828e+00
5.635914802551269531e+00
5.657058238983154297e+00
5.598421573638916016e+00
5.672241210937500000e+00
5.623619079589843750e+00
5.626483917236328125e+00
5.608445167541503906e+00
5.622074127197265625e+00
5.757875442504882812e+00
5.729877471923828125e+00
5.751688957214355469e+00
5.658277511596679688e+00
5.664945125579833984e+00
5.619925498962402344e+00
5.767482757568359375e+00
5.655027389526367188e+00
5.613470554351806641e+00
5.675515651702880859e+00
5.743747711181640625e+00
5.690282344818115234e+00
5.714175701141357422e+00
5.786463260650634766e+00
5.690305709838867188e+00
5.647955894470214844e+00
5.602851867675781250e+00
5.685111999511718750e+00
5.715390682220458984e+00
5.754572868347167969e+00
5.691080570220947266e+00
5.669112205505371094e+00
5.667426109313964844e+00
5.652919769287109375e+00
5.605101108551025391e+00
5.767538070678710938e+00
5.659183502197265625e+00
5.608044624328613281e+00
5.781260490417480469e+00
5.715718269348144531e+00
5.772020339965820312e+00
5.591103553771972656e+00
5.650040626525878906e+00
5.780214786529541016e+00
5.630539894104003906e+00
5.598130702972412109e+00
5.690503120422363281e+00
5.630148410797119141e+00
5.590444087982177734e+00
5.713927268981933594e+00
5.578593254089355469e+00
5.562262535095214844e+00
5.644104957580566406e+00
5.596803188323974609e+00
5.740113258361816406e+00
5.638383388519287109e+00
5.590377330780029297e+00
5.608744621276855469e+00
5.758903980255126953e+00
5.645709991455078125e+00
5.643353939056396484e+00
5.743471145629882812e+00
5.624316692352294922e+00
5.603611946105957031e+00
5.630262851715087891e+00
5.579254627227783203e+00
5.656060218811035156e+00
5.680259704589843750e+00
5.567781925201416016e+00
5.563549041748046875e+00
5.897711277008056641e+00
5.600275516510009766e+00
5.606936931610107422e+00
5.830453872680664062e+00
5.637161254882812500e+00
5.574459552764892578e+00
5.614992141723632812e+00
5.613826751708984375e+00
5.684993267059326172e+00
5.575858116149902344e+00
5.648055553436279297e+00
5.620024681091308594e+00
5.560760974884033203e+00
5.654955863952636719e+00
5.617538928985595703e+00
5.634756088256835938e+00
5.689917564392089844e+00
5.754862785339355469e+00
5.727326393127441406e+00
5.627067565917968750e+00
5.600216865539550781e+00
5.598645210266113281e+00
5.626483917236328125e+00
5.599941730499267578e+00
5.623017311096191406e+00
5.614995002746582031e+00
5.647140026092529297e+00
5.706463813781738281e+00
5.597621917724609375e+00
5.620928764343261719e+00
5.689574241638183594e+00
5.641743659973144531e+00
5.571793556213378906e+00
5.686316490173339844e+00
5.610473632812500000e+00
5.643047332763671875e+00
5.626644134521484375e+00
5.730645656585693359e+00
5.603093624114990234e+00
5.726633548736572266e+00
5.530567169189453125e+00
5.698079586029052734e+00
5.797666549682617188e+00
5.572741985321044922e+00
5.623287677764892578e+00
5.719257354736328125e+00
5.874937057495117188e+00
5.756762027740478516e+00
5.565739154815673828e+00
5.757032394409179688e+00
5.664389133453369141e+00
5.562101364135742188e+00
5.644314289093017578e+00
5.675035476684570312e+00
5.696480751037597656e+00
5.644317150115966797e+00
5.742810726165771484e+00
5.671566963195800781e+00
5.664307594299316406e+00
5.652448654174804688e+00
5.569015026092529297e+00
5.636862754821777344e+00
5.744946479797363281e+00
5.706001758575439453e+00
5.774336814880371094e+00
5.589114189147949219e+00
5.723501205444335938e+00
5.730486869812011719e+00
5.625485897064208984e+00
5.728266239166259766e+00
5.574172496795654297e+00
5.611635684967041016e+00
5.717396736145019531e+00
5.600558757781982422e+00
5.665255546569824219e+00
5.718274116516113281e+00
5.697228431701660156e+00
5.643506050109863281e+00
5.684034347534179688e+00
5.619912147521972656e+00
5.636782646179199219e+00
5.659386634826660156e+00
5.687583446502685547e+00
5.604589939117431641e+00
5.593734741210937500e+00
5.643590927124023438e+00
5.589880943298339844e+00
5.658437728881835938e+00
5.741398811340332031e+00
5.710033893585205078e+00
5.743868350982666016e+00
5.617256641387939453e+00
5.681736946105957031e+00
5.537748813629150391e+00
5.679755687713623047e+00
5.582286834716796875e+00
5.721450805664062500e+00
5.586106300354003906e+00
5.616628170013427734e+00
5.688076972961425781e+00
5.755160808563232422e+00
5.561156749725341797e+00
5.667409896850585938e+00
5.649971008300781250e+00
5.740160942077636719e+00
5.673844337463378906e+00
5.715982913970947266e+00
5.606766223907470703e+00
5.580714702606201172e+00
5.770683288574218750e+00
5.736491203308105469e+00
5.628301620483398438e+00
5.621748924255371094e+00
5.881678581237792969e+00
5.629676342010498047e+00
5.580432891845703125e+00
5.684845447540283203e+00
5.764094352722167969e+00
5.707370281219482422e+00
5.770040512084960938e+00
5.631448268890380859e+00
5.649646759033203125e+00
5.649633407592773438e+00
5.622305870056152344e+00
5.803229331970214844e+00
5.567922592163085938e+00
5.597456455230712891e+00
5.714334487915039062e+00
5.746589660644531250e+00
5.698366165161132812e+00
5.582686424255371094e+00
5.604579448699951172e+00
5.690494537353515625e+00
5.698181152343750000e+00
5.652127265930175781e+00
5.665169715881347656e+00
5.609434127807617188e+00
5.575194835662841797e+00
5.861175537109375000e+00
5.772872924804687500e+00
5.627569198608398438e+00
5.570741653442382812e+00
5.607940196990966797e+00
5.696698188781738281e+00
5.693523406982421875e+00
5.564396381378173828e+00
5.821634292602539062e+00
5.545065402984619141e+00
5.620589256286621094e+00
5.651947021484375000e+00
5.700026035308837891e+00
5.611915588378906250e+00
5.640147686004638672e+00
5.582828521728515625e+00
5.597973823547363281e+00
5.573618412017822266e+00
5.604132175445556641e+00
5.626672744750976562e+00
5.641722202301025391e+00
5.600167751312255859e+00
5.548604965209960938e+00
5.589154720306396484e+00
5.622797966003417969e+00
5.581175804138183594e+00
5.645851135253906250e+00
5.632343292236328125e+00
5.624029159545898438e+00
5.713673591613769531e+00
5.673237800598144531e+00
5.735402584075927734e+00
5.629862308502197266e+00
5.775924205780029297e+00
5.576560974121093750e+00
5.553487300872802734e+00
5.737479209899902344e+00
5.566463947296142578e+00
5.630848884582519531e+00
5.620586395263671875e+00
5.737504005432128906e+00
5.540779590606689453e+00
5.624046802520751953e+00
5.615337848663330078e+00
5.588083267211914062e+00
5.622103691101074219e+00
5.509053707122802734e+00
5.582821846008300781e+00
5.624453544616699219e+00
5.537275791168212891e+00
5.599885940551757812e+00
5.643618583679199219e+00
5.573040008544921875e+00
5.609626770019531250e+00
5.537686347961425781e+00
5.560901641845703125e+00
5.658771038055419922e+00
5.615466117858886719e+00
5.729900360107421875e+00
5.654449462890625000e+00
5.654683113098144531e+00
5.545613288879394531e+00
5.563309669494628906e+00
5.581535339355468750e+00
5.530360698699951172e+00
5.569314956665039062e+00
5.617734909057617188e+00
5.663179874420166016e+00
5.708720684051513672e+00
5.861989021301269531e+00
5.579089164733886719e+00
5.614147186279296875e+00
5.725664615631103516e+00
5.635115623474121094e+00
5.841052532196044922e+00
5.712785720825195312e+00
5.687424659729003906e+00
5.618814468383789062e+00
5.590552330017089844e+00
5.578691482543945312e+00
5.630187034606933594e+00
5.565771102905273438e+00
5.651322364807128906e+00
5.637057304382324219e+00
5.626491069793701172e+00
5.552742481231689453e+00
5.636412143707275391e+00
5.619916915893554688e+00
5.723407268524169922e+00
5.715001583099365234e+00
5.673569679260253906e+00
5.732341766357421875e+00
5.584550380706787109e+00
5.701478004455566406e+00
5.679272174835205078e+00
5.740905284881591797e+00
5.584426403045654297e+00
5.642963886260986328e+00
5.628586769104003906e+00
5.791174888610839844e+00
5.764628887176513672e+00
5.583758354187011719e+00
5.639377593994140625e+00
5.617949008941650391e+00
5.639022827148437500e+00
5.618295192718505859e+00
5.657575130462646484e+00
5.643868446350097656e+00
5.513231277465820312e+00
5.595678806304931641e+00
5.668544769287109375e+00
5.642813682556152344e+00
5.643537521362304688e+00
5.558053970336914062e+00
5.552577972412109375e+00
5.596885204315185547e+00
5.689750194549560547e+00
5.640528678894042969e+00
5.596545219421386719e+00
5.645735263824462891e+00
5.634291648864746094e+00
5.648143768310546875e+00
5.664667606353759766e+00
5.557636260986328125e+00
5.582025527954101562e+00
5.693079471588134766e+00
5.514793395996093750e+00
5.570053100585937500e+00
5.585705280303955078e+00
5.548523426055908203e+00
5.713821887969970703e+00
5.578557968139648438e+00
5.525346755981445312e+00
5.629575729370117188e+00
5.540446281433105469e+00
5.587430000305175781e+00
5.650657176971435547e+00
5.581007003784179688e+00
5.618851661682128906e+00
5.707215785980224609e+00
5.649420738220214844e+00
5.537180900573730469e+00
5.670573711395263672e+00
5.780380725860595703e+00
5.694085597991943359e+00
5.674935340881347656e+00
5.611659526824951172e+00
5.704980373382568359e+00
5.573743820190429688e+00
5.661245346069335938e+00
5.709733009338378906e+00
5.600891113281250000e+00
5.612643241882324219e+00
5.765455245971679688e+00
5.692921638488769531e+00
5.648908138275146484e+00
5.597309112548828125e+00
5.705020904541015625e+00
5.693864345550537109e+00
5.664836883544921875e+00
5.642143249511718750e+00
5.645117759704589844e+00
5.713564872741699219e+00
5.560167789459228516e+00
5.658784389495849609e+00
5.582994461059570312e+00
5.637598991394042969e+00
5.624705314636230469e+00
5.593006134033203125e+00
5.528944969177246094e+00
5.550216197967529297e+00
5.644073009490966797e+00
5.614178180694580078e+00
5.529510021209716797e+00
5.522628307342529297e+00
5.587705612182617188e+00
5.593612194061279297e+00
5.663108825683593750e+00
5.666252136230468750e+00
5.618366718292236328e+00
5.786014556884765625e+00
5.644540786743164062e+00
5.570903778076171875e+00
5.653602123260498047e+00
5.527042388916015625e+00
5.592884063720703125e+00
5.596137046813964844e+00
5.579805850982666016e+00
5.633926391601562500e+00
5.658287525177001953e+00
5.639078140258789062e+00
5.587409973144531250e+00
5.627241134643554688e+00
5.594566822052001953e+00
5.621822357177734375e+00
5.867043972015380859e+00
5.548655986785888672e+00
5.575058937072753906e+00
5.574958801269531250e+00
5.521886825561523438e+00
5.591569900512695312e+00
5.576865196228027344e+00
5.567334175109863281e+00
5.568003654479980469e+00
5.595141410827636719e+00
5.563716411590576172e+00
5.697596073150634766e+00
5.704698085784912109e+00
5.639727592468261719e+00
5.482733726501464844e+00
5.558658599853515625e+00
5.640446662902832031e+00
5.598930835723876953e+00
5.658208847045898438e+00
5.618765830993652344e+00
5.561092853546142578e+00
5.619119644165039062e+00
5.706199169158935547e+00
5.546247482299804688e+00
5.544316291809082031e+00
5.672417640686035156e+00
5.546832561492919922e+00
5.557227611541748047e+00
5.604949951171875000e+00
5.530179977416992188e+00
5.580018043518066406e+00
5.652201652526855469e+00
5.541932106018066406e+00
5.777741432189941406e+00
5.589152336120605469e+00
5.515805244445800781e+00
5.630826473236083984e+00
5.587576866149902344e+00
5.614882469177246094e+00
5.588975906372070312e+00
5.527498722076416016e+00
5.673082351684570312e+00
5.618903160095214844e+00
5.548605442047119141e+00
5.618111133575439453e+00
5.629983425140380859e+00
5.622023582458496094e+00
5.521585464477539062e+00
5.592387199401855469e+00
5.544584274291992188e+00
5.678258895874023438e+00
5.703579425811767578e+00
5.621112346649169922e+00
5.597809791564941406e+00
5.522527694702148438e+00
5.597628593444824219e+00
5.731485366821289062e+00
5.587239265441894531e+00
5.634654521942138672e+00
5.606098175048828125e+00
5.682389259338378906e+00
5.560008049011230469e+00
5.579920291900634766e+00
5.576472282409667969e+00
5.572168827056884766e+00
5.589790344238281250e+00
5.614781379699707031e+00
5.652879238128662109e+00
5.564992427825927734e+00
5.783006668090820312e+00
5.527067661285400391e+00
5.556767940521240234e+00
5.646882057189941406e+00
5.704802036285400391e+00
5.599625587463378906e+00
5.594029426574707031e+00
5.717292785644531250e+00
5.731256484985351562e+00
5.587738513946533203e+00
