6.858371734619140625e+00
6.713650226593017578e+00
6.628173828125000000e+00
6.460081100463867188e+00
6.353748798370361328e+00
6.320519924163818359e+00
6.268514156341552734e+00
6.383750438690185547e+00
6.180292606353759766e+00
6.304140090942382812e+00
6.235139846801757812e+00
6.313273906707763672e+00
6.266291141510009766e+00
6.260821342468261719e+00
6.212466239929199219e+00
6.290524482727050781e+00
6.210713386535644531e+00
6.203528404235839844e+00
6.208800315856933594e+00
6.196831226348876953e+00
6.380095958709716797e+00
6.210949897766113281e+00
6.237634658813476562e+00
6.203126907348632812e+00
6.206059932708740234e+00
6.118738174438476562e+00
6.224391460418701172e+00
6.166681766510009766e+00
6.109268188476562500e+00
6.140894412994384766e+00
6.347089767456054688e+00
6.103472709655761719e+00
6.064165592193603516e+00
6.129869461059570312e+00
6.118727684020996094e+00
6.095124721527099609e+00
6.184424400329589844e+00
6.238030910491943359e+00
6.095052242279052734e+00
6.051739215850830078e+00
6.077181816101074219e+00
6.314087867736816406e+00
6.155850410461425781e+00
5.982608795166015625e+00
6.104296684265136719e+00
6.138723373413085938e+00
6.154307365417480469e+00
6.183487892150878906e+00
6.003284454345703125e+00
6.122805118560791016e+00
6.088006496429443359e+00
6.090224742889404297e+00
6.045342922210693359e+00
6.021313667297363281e+00
6.054146289825439453e+00
6.123354911804199219e+00
6.027952194213867188e+00
6.185126781463623047e+00
6.062932968139648438e+00
6.040624618530273438e+00
6.098408699035644531e+00
6.156490802764892578e+00
6.053597450256347656e+00
6.110916137695312500e+00
6.150486469268798828e+00
6.050844669342041016e+00
6.187869548797607422e+00
6.033051490783691406e+00
5.996679782867431641e+00
6.052249908447265625e+00
6.006673812866210938e+00
5.874715328216552734e+00
5.948823928833007812e+00
6.108062267303466797e+00
5.888122081756591797e+00
5.924546241760253906e+00
5.975222110748291016e+00
6.256977558135986328e+00
6.043991565704345703e+00
6.150252342224121094e+00
6.149353027343750000e+00
6.132667541503906250e+00
5.967569828033447266e+00
5.972487449645996094e+00
6.014442443847656250e+00
5.954150199890136719e+00
6.030955791473388672e+00
5.945213317871093750e+00
5.956879615783691406e+00
6.033528327941894531e+00
5.908061504364013672e+00
5.895734786987304688e+00
5.884294986724853516e+00
6.144648075103759766e+00
6.020878791809082031e+00
5.973784923553466797e+00
6.050806045532226562e+00
6.022816658020019531e+00
6.099171161651611328e+00
6.015475749969482422e+00
6.102103710174560547e+00
6.101017951965332031e+00
6.070292472839355469e+00
6.134293556213378906e+00
5.933693885803222656e+00
6.035123348236083984e+00
6.130650520324707031e+00
6.100032329559326172e+00
6.147914886474609375e+00
6.121609210968017578e+00
5.976955890655517578e+00
5.935609817504882812e+00
6.036838531494140625e+00
5.960577011108398438e+00
5.987250328063964844e+00
6.150258541107177734e+00
5.985196590423583984e+00
6.050538063049316406e+00
6.126555442810058594e+00
6.041538238525390625e+00
6.090764045715332031e+00
6.160025119781494141e+00
5.984956264495849609e+00
5.985336780548095703e+00
5.990211486816406250e+00
5.915163040161132812e+00
6.117969512939453125e+00
5.968101501464843750e+00
5.992307662963867188e+00
5.936160087585449219e+00
6.052363395690917969e+00
5.953382968902587891e+00
5.962539672851562500e+00
6.002131462097167969e+00
5.934944152832031250e+00
6.222663402557373047e+00
5.880549907684326172e+00
6.360445976257324219e+00
5.953727722167968750e+00
6.029386997222900391e+00
6.022671222686767578e+00
5.942783355712890625e+00
5.964555740356445312e+00
6.076952934265136719e+00
5.894228935241699219e+00
5.934394836425781250e+00
5.847261428833007812e+00
5.961685657501220703e+00
5.909461975097656250e+00
5.875070571899414062e+00
5.986927509307861328e+00
5.965739250183105469e+00
5.874779701232910156e+00
5.894641876220703125e+00
5.967540264129638672e+00
5.952366828918457031e+00
5.948469161987304688e+00
5.912438869476318359e+00
5.968857288360595703e+00
6.018646240234375000e+00
6.062026023864746094e+00
6.039919376373291016e+00
6.010810852050781250e+00
5.918929100036621094e+00
5.932896137237548828e+00
5.888535499572753906e+00
5.868858814239501953e+00
5.848772525787353516e+00
6.056273460388183594e+00
6.023381233215332031e+00
6.010920524597167969e+00
5.848602771759033203e+00
6.020583629608154297e+00
6.010841846466064453e+00
5.904270172119140625e+00
5.854589462280273438e+00
5.939281463623046875e+00
6.056799888610839844e+00
5.894783020019531250e+00
6.048671722412109375e+00
5.971830844879150391e+00
5.973506927490234375e+00
5.951466560363769531e+00
5.945403099060058594e+00
5.920267105102539062e+00
6.117781639099121094e+00
6.042320728302001953e+00
6.035502433776855469e+00
5.834345340728759766e+00
5.952836990356445312e+00
5.999699115753173828e+00
6.045245647430419922e+00
5.940113544464111328e+00
5.986751556396484375e+00
5.925359725952148438e+00
5.874238967895507812e+00
5.988670349121093750e+00
5.798533439636230469e+00
5.997365474700927734e+00
6.087419033050537109e+00
6.131652355194091797e+00
6.048867702484130859e+00
5.977695465087890625e+00
5.994612693786621094e+00
5.924343585968017578e+00
6.008654594421386719e+00
5.953003406524658203e+00
5.991432189941406250e+00
6.004256725311279297e+00
5.963109016418457031e+00
5.887734889984130859e+00
6.126051902770996094e+00
5.965004920959472656e+00
6.008847236633300781e+00
5.877605438232421875e+00
5.794438362121582031e+00
5.966470718383789062e+00
5.888163566589355469e+00
5.972186565399169922e+00
5.868843078613281250e+00
5.934774875640869141e+00
5.853294849395751953e+00
5.911793231964111328e+00
5.846199989318847656e+00
5.840028285980224609e+00
6.044209480285644531e+00
5.884928703308105469e+00
5.805881977081298828e+00
6.162972450256347656e+00
5.891335010528564453e+00
5.857588768005371094e+00
5.954498767852783203e+00
5.884664535522460938e+00
5.894915580749511719e+00
5.783577442169189453e+00
6.003160953521728516e+00
6.008468627929687500e+00
6.116602897644042969e+00
5.937436103820800781e+00
5.989716053009033203e+00
5.988016128540039062e+00
6.003118991851806641e+00
6.003684043884277344e+00
5.940921306610107422e+00
5.948353767395019531e+00
5.976746559143066406e+00
5.962483882904052734e+00
5.958552837371826172e+00
6.122439384460449219e+00
6.091320514678955078e+00
5.923618316650390625e+00
5.966425895690917969e+00
5.977871417999267578e+00
5.987081527709960938e+00
5.919643402099609375e+00
5.926684379577636719e+00
6.028544425964355469e+00
5.930070400238037109e+00
5.850296020507812500e+00
5.910260200500488281e+00
6.027605533599853516e+00
5.904959678649902344e+00
5.860302925109863281e+00
5.912711620330810547e+00
6.002884864807128906e+00
5.805950164794921875e+00
5.988997459411621094e+00
5.865840911865234375e+00
5.938330650329589844e+00
6.121481895446777344e+00
5.887563228607177734e+00
5.968617916107177734e+00
5.922258853912353516e+00
6.165610313415527344e+00
5.881504535675048828e+00
5.835869789123535156e+00
5.980349063873291016e+00
5.944895744323730469e+00
5.996845722198486328e+00
5.841581821441650391e+00
5.887587547302246094e+00
5.747721195220947266e+00
5.901325225830078125e+00
5.963858604431152344e+00
5.954085826873779297e+00
5.877159595489501953e+00
5.894607067108154297e+00
5.807280540466308594e+00
5.972921371459960938e+00
5.954809665679931641e+00
5.992998123168945312e+00
5.908617019653320312e+00
6.000595092773437500e+00
6.010604858398437500e+00
5.857936859130859375e+00
5.806756973266601562e+00
5.919657707214355469e+00
5.950773239135742188e+00
5.903320312500000000e+00
5.852412700653076172e+00
6.031947135925292969e+00
5.984738349914550781e+00
5.809781074523925781e+00
5.881831645965576172e+00
5.973014354705810547e+00
5.968566894531250000e+00
5.974471092224121094e+00
6.022379398345947266e+00
6.044453144073486328e+00
5.901957988739013672e+00
5.952392578125000000e+00
6.070186614990234375e+00
5.855299949645996094e+00
5.775277137756347656e+00
5.870740890502929688e+00
5.966193199157714844e+00
6.030995845794677734e+00
5.867583274841308594e+00
5.900320053100585938e+00
5.889326095581054688e+00
5.912060737609863281e+00
5.985874176025390625e+00
5.819400310516357422e+00
5.962279319763183594e+00
6.048656463623046875e+00
5.901640415191650391e+00
5.981017112731933594e+00
5.913779258728027344e+00
5.820929527282714844e+00
5.971371650695800781e+00
5.972559928894042969e+00
5.809419155120849609e+00
5.896238803863525391e+00
5.860314846038818359e+00
5.920536041259765625e+00
5.809446334838867188e+00
5.833671092987060547e+00
5.970280647277832031e+00
6.104794502258300781e+00
5.824290752410888672e+00
5.851190090179443359e+00
5.930306434631347656e+00
5.825603961944580078e+00
5.893848419189453125e+00
5.971015930175781250e+00
5.827158927917480469e+00
5.836872100830078125e+00
5.846368789672851562e+00
5.851057052612304688e+00
5.929250717163085938e+00
5.873502731323242188e+00
5.986492633819580078e+00
5.898099899291992188e+00
5.930830478668212891e+00
5.853569030761718750e+00
5.912820339202880859e+00
5.880440711975097656e+00
5.884737968444824219e+00
5.784771919250488281e+00
5.902667045593261719e+00
5.881303787231445312e+00
5.863135337829589844e+00
5.808475017547607422e+00
5.901255607604980469e+00
5.960696697235107422e+00
5.729752540588378906e+00
5.948523998260498047e+00
5.952455520629882812e+00
5.947159290313720703e+00
5.887596607208251953e+00
5.925131797790527344e+00
5.733848571777343750e+00
5.879682540893554688e+00
5.771416187286376953e+00
5.900073051452636719e+00
5.861379623413085938e+00
5.842272281646728516e+00
5.953949928283691406e+00
5.853118896484375000e+00
5.977833271026611328e+00
5.993833065032958984e+00
5.839920997619628906e+00
5.906197547912597656e+00
6.111918449401855469e+00
5.997158050537109375e+00
5.825917243957519531e+00
5.828504562377929688e+00
5.843459129333496094e+00
5.887514591217041016e+00
6.124981403350830078e+00
5.884557723999023438e+00
5.828104496002197266e+00
6.097466468811035156e+00
5.750181198120117188e+00
5.809382915496826172e+00
6.074568748474121094e+00
5.776032924652099609e+00
5.890401363372802734e+00
5.865314483642578125e+00
5.909157752990722656e+00
5.800420761108398438e+00
6.033594608306884766e+00
5.815527915954589844e+00
5.888584136962890625e+00
5.844883441925048828e+00
5.863102912902832031e+00
5.857221603393554688e+00
5.928997993469238281e+00
5.768186092376708984e+00
6.042016506195068359e+00
5.834922790527343750e+00
5.743851661682128906e+00
5.910919666290283203e+00
5.977704524993896484e+00
5.896661281585693359e+00
5.874215126037597656e+00
5.881818294525146484e+00
5.909105300903320312e+00
5.850821495056152344e+00
5.864471435546875000e+00
5.884204387664794922e+00
5.916402816772460938e+00
5.882710456848144531e+00
5.995858669281005859e+00
5.978061199188232422e+00
5.855872154235839844e+00
5.878774642944335938e+00
5.911415100097656250e+00
6.024519920349121094e+00
5.883158683776855469e+00
5.936377525329589844e+00
5.835752487182617188e+00
5.878798961639404297e+00
6.040531158447265625e+00
5.791673660278320312e+00
5.835570335388183594e+00
6.079513549804687500e+00
5.930006980895996094e+00
5.854434967041015625e+00
5.974116802215576172e+00
5.860599994659423828e+00
5.889102935791015625e+00
5.866390705108642578e+00
5.767959117889404297e+00
5.906761169433593750e+00
5.785907745361328125e+00
5.755743026733398438e+00
5.803200721740722656e+00
5.820075988769531250e+00
6.200057983398437500e+00
5.778508186340332031e+00
5.837884426116943359e+00
5.795192718505859375e+00
5.853370189666748047e+00
5.808186531066894531e+00
5.775601387023925781e+00
6.012676239013671875e+00
5.812764644622802734e+00
5.886778354644775391e+00
5.949880123138427734e+00
5.859467506408691406e+00
5.852016448974609375e+00
5.928439140319824219e+00
5.850742340087890625e+00
5.868170261383056641e+00
6.040646553039550781e+00
5.849192142486572266e+00
5.879401206970214844e+00
5.739074230194091797e+00
5.837949275970458984e+00
5.815446376800537109e+00
5.831362247467041016e+00
5.869886398315429688e+00
6.058013916015625000e+00
5.823716163635253906e+00
5.893596649169921875e+00
5.867119789123535156e+00
5.982341766357421875e+00
5.880703449249267578e+00
5.861835002899169922e+00
5.824079036712646484e+00
6.025345325469970703e+00
5.801006793975830078e+00
5.798398971557617188e+00
5.916431903839111328e+00
5.909619331359863281e+00
5.941339969635009766e+00
5.880273818969726562e+00
5.765452384948730469e+00
5.828109741210937500e+00
5.884577274322509766e+00
5.892728805541992188e+00
6.026074886322021484e+00
5.815631389617919922e+00
6.001613616943359375e+00
5.923562526702880859e+00
5.848147869110107422e+00
5.891383171081542969e+00
5.752707481384277344e+00
5.998723506927490234e+00
6.054615497589111328e+00
5.937695026397705078e+00
5.895691871643066406e+00
6.080615520477294922e+00
5.864702224731445312e+00
5.895707607269287109e+00
5.887241840362548828e+00
5.765822887420654297e+00
5.944936752319335938e+00
5.979212760925292969e+00
5.809145450592041016e+00
5.915471076965332031e+00
5.810132026672363281e+00
5.884114265441894531e+00
5.881095886230468750e+00
5.954367160797119141e+00
6.040457248687744141e+00
5.839590549468994141e+00
5.889317512512207031e+00
5.992096424102783203e+00
5.855525016784667969e+00
5.759119987487792969e+00
5.737993240356445312e+00
5.842283725738525391e+00
5.863519668579101562e+00
5.846379280090332031e+00
5.826833724975585938e+00
5.949026584625244141e+00
5.851820468902587891e+00
5.817062854766845703e+00
5.873656749725341797e+00
5.870305061340332031e+00
5.755909442901611328e+00
5.906991481781005859e+00
5.896199703216552734e+00
5.866381645202636719e+00
5.806425571441650391e+00
5.818867206573486328e+00
5.936712265014648438e+00
5.931779861450195312e+00
5.839641571044921875e+00
5.932242870330810547e+00
5.856642246246337891e+00
5.796402931213378906e+00
5.764495849609375000e+00
5.803620338439941406e+00
5.894090652465820312e+00
5.803730487823486328e+00
5.869193077087402344e+00
5.821097373962402344e+00
5.803343772888183594e+00
5.766067981719970703e+00
5.782378673553466797e+00
5.908451080322265625e+00
5.841563224792480469e+00
5.860321521759033203e+00
5.831245422363281250e+00
5.788232326507568359e+00
5.887650012969970703e+00
5.942155838012695312e+00
5.861633300781250000e+00
5.851931571960449219e+00
5.919677734375000000e+00
5.835772037506103516e+00
5.831121444702148438e+00
5.798425674438476562e+00
5.806449890136718750e+00
5.825303554534912109e+00
5.808162212371826172e+00
5.938113212585449219e+00
5.746389389038085938e+00
5.803596019744873047e+00
5.768980026245117188e+00
6.037430763244628906e+00
5.937377452850341797e+00
5.816191673278808594e+00
5.836877822875976562e+00
6.017700672149658203e+00
5.804600715637207031e+00
5.861729621887207031e+00
5.805729866027832031e+00
5.901074886322021484e+00
5.697315692901611328e+00
6.065312385559082031e+00
5.969861030578613281e+00
5.749135017395019531e+00
5.859488010406494141e+00
5.799980640411376953e+00
5.802301883697509766e+00
5.836536407470703125e+00
5.878795623779296875e+00
5.820749759674072266e+00
5.907499313354492188e+00
5.833621501922607422e+00
5.877246856689453125e+00
5.905826568603515625e+00
5.762416839599609375e+00
5.961051464080810547e+00
5.825543403625488281e+00
5.889825344085693359e+00
5.785189628601074219e+00
5.909630775451660156e+00
5.901700496673583984e+00
5.902191638946533203e+00
5.798184394836425781e+00
5.870655059814453125e+00
5.945468425750732422e+00
5.826716423034667969e+00
5.764004707336425781e+00
5.732107162475585938e+00
5.815808296203613281e+00
5.812834262847900391e+00
5.831428527832031250e+00
5.802859306335449219e+00
6.002888679504394531e+00
5.902602195739746094e+00
5.880528450012207031e+00
5.876843929290771484e+00
5.930601596832275391e+00
5.928653717041015625e+00
5.889458656311035156e+00
5.922624111175537109e+00
5.910461425781250000e+00
5.895856857299804688e+00
6.037807464599609375e+00
5.842017650604248047e+00
5.974884510040283203e+00
6.039310932159423828e+00
5.808412551879882812e+00
5.928451538085937500e+00
5.952937602996826172e+00
5.856466770172119141e+00
5.838590145111083984e+00
6.005259037017822266e+00
6.026439666748046875e+00
5.787496566772460938e+00
5.954764366149902344e+00
5.838545799255371094e+00
5.966746807098388672e+00
5.796129226684570312e+00
5.973791122436523438e+00
6.033869266510009766e+00
5.944493770599365234e+00
5.811889171600341797e+00
5.826447963714599609e+00
5.844525337219238281e+00
5.749779701232910156e+00
5.799567699432373047e+00
5.804980278015136719e+00
5.928732395172119141e+00
5.811823844909667969e+00
5.797828197479248047e+00
5.878397941589355469e+00
5.928218841552734375e+00
5.984355926513671875e+00
5.833082675933837891e+00
5.955615043640136719e+00
5.927886486053466797e+00
5.956457614898681641e+00
5.834227561950683594e+00
5.835000991821289062e+00
5.867079734802246094e+00
5.808686256408691406e+00
5.870097160339355469e+00
5.914510250091552734e+00
5.778505325317382812e+00
6.069111824035644531e+00
5.875950336456298828e+00
5.996299743652343750e+00
5.808709621429443359e+00
5.895799636840820312e+00
5.895516395568847656e+00
5.823767662048339844e+00
5.871021270751953125e+00
5.763708591461181641e+00
5.900383949279785156e+00
5.925875663757324219e+00
5.967110157012939453e+00
5.981094837188720703e+00
5.863733768463134766e+00
5.820776939392089844e+00
5.751888275146484375e+00
5.852227210998535156e+00
5.860157966613769531e+00
5.960043430328369141e+00
5.725339889526367188e+00
5.808279991149902344e+00
5.798279285430908203e+00
5.818121433258056641e+00
5.855264663696289062e+00
5.782073497772216797e+00
5.898460865020751953e+00
5.935309410095214844e+00
5.777789115905761719e+00
5.912067413330078125e+00
5.869452476501464844e+00
5.778730392456054688e+00
5.828098297119140625e+00
5.809463024139404297e+00
5.879756927490234375e+00
5.758797645568847656e+00
5.927750587463378906e+00
5.786257266998291016e+00
5.864079952239990234e+00
5.984161376953125000e+00
5.784032344818115234e+00
5.840310096740722656e+00
5.796765804290771484e+00
5.803452968597412109e+00
5.858180999755859375e+00
5.722440719604492188e+00
5.992924690246582031e+00
5.874448776245117188e+00
5.832190513610839844e+00
5.780725002288818359e+00
5.970166206359863281e+00
5.800192832946777344e+00
5.852373123168945312e+00
5.726550579071044922e+00
5.834899902343750000e+00
5.756720066070556641e+00
5.853645324707031250e+00
5.789206504821777344e+00
5.769527435302734375e+00
5.794800281524658203e+00
5.697756767272949219e+00
5.806337356567382812e+00
5.718349456787109375e+00
5.952902793884277344e+00
5.867983818054199219e+00
5.841263771057128906e+00
5.806582450866699219e+00
5.743656158447265625e+00
5.962631225585937500e+00
5.850879192352294922e+00
5.782169342041015625e+00
5.758917331695556641e+00
5.797379970550537109e+00
6.000125408172607422e+00
5.792616367340087891e+00
5.794661521911621094e+00
5.658913612365722656e+00
5.721448421478271484e+00
5.835407257080078125e+00
5.801718711853027344e+00
5.935524463653564453e+00
5.821604251861572266e+00
5.715877532958984375e+00
5.982304096221923828e+00
5.813202381134033203e+00
5.894189357757568359e+00
5.799696922302246094e+00
6.051646232604980469e+00
5.876045703887939453e+00
5.917849063873291016e+00
5.861497879028320312e+00
5.785324096679687500e+00
5.953351974487304688e+00
5.760538101196289062e+00
5.790125846862792969e+00
5.830011367797851562e+00
5.883045196533203125e+00
5.765760898590087891e+00
5.795174598693847656e+00
5.807954311370849609e+00
5.767710685729980469e+00
5.720775604248046875e+00
5.835999965667724609e+00
5.771425247192382812e+00
5.849233150482177734e+00
5.696515083312988281e+00
5.947407245635986328e+00
5.788801670074462891e+00
5.705311775207519531e+00
5.928809642791748047e+00
5.799612998962402344e+00
5.909610271453857422e+00
5.772216320037841797e+00
5.886459827423095703e+00
5.844822883605957031e+00
5.782282829284667969e+00
5.675194740295410156e+00
5.720769405364990234e+00
5.794280529022216797e+00
5.854656696319580078e+00
5.742077827453613281e+00
5.814544677734375000e+00
5.877911090850830078e+00
5.811138153076171875e+00
5.963339328765869141e+00
5.824487686157226562e+00
5.738982200622558594e+00
5.839179992675781250e+00
5.876519680023193359e+00
5.814033031463623047e+00
5.965127468109130859e+00
6.006916522979736328e+00
5.830933570861816406e+00
5.782238006591796875e+00
5.741587162017822266e+00
5.840240001678466797e+00
5.877071380615234375e+00
5.853112220764160156e+00
5.895355224609375000e+00
5.764012336730957031e+00
5.843258857727050781e+00
5.787920951843261719e+00
5.730902671813964844e+00
5.794152259826660156e+00
5.782572746276855469e+00
5.729104518890380859e+00
5.790482044219970703e+00
5.724313259124755859e+00
5.779459953308105469e+00
5.773328304290771484e+00
5.838698863983154297e+00
5.950655460357666016e+00
5.822373390197753906e+00
5.806184291839599609e+00
5.784804821014404297e+00
5.785193920135498047e+00
5.766652107238769531e+00
5.742649555206298828e+00
5.732398033142089844e+00
5.842128753662109375e+00
5.942760467529296875e+00
5.827338218688964844e+00
5.962707996368408203e+00
6.018852710723876953e+00
5.813220500946044922e+00
5.880344390869140625e+00
5.854870319366455078e+00
5.912129402160644531e+00
5.818781375885009766e+00
6.027101516723632812e+00
6.079717636108398438e+00
5.780067443847656250e+00
5.810147285461425781e+00
5.831459522247314453e+00
5.804961204528808594e+00
5.911464691162109375e+00
5.895750045776367188e+00
5.740821361541748047e+00
5.762998580932617188e+00
5.762935638427734375e+00
5.783294677734375000e+00
5.843461036682128906e+00
5.786826610565185547e+00
5.765517234802246094e+00
5.833639144897460938e+00
5.777217864990234375e+00
6.001013278961181641e+00
5.927019119262695312e+00
5.772237777709960938e+00
5.784530639648437500e+00
5.956907749176025391e+00
5.876346588134765625e+00
5.956495761871337891e+00
5.884513378143310547e+00
5.942793369293212891e+00
5.810999870300292969e+00
5.795299530029296875e+00
5.804478168487548828e+00
5.793094635009765625e+00
5.722229957580566406e+00
6.008999824523925781e+00
5.832261085510253906e+00
5.826879501342773438e+00
5.854027748107910156e+00
5.708099842071533203e+00
5.784374713897705078e+00
5.946534633636474609e+00
5.716956138610839844e+00
5.944942951202392578e+00
5.878465652465820312e+00
5.719763755798339844e+00
5.803653717041015625e+00
5.765376091003417969e+00
5.848640918731689453e+00
5.837401866912841797e+00
5.767434120178222656e+00
5.818350791931152344e+00
5.849315643310546875e+00
5.702772140502929688e+00
5.734374046325683594e+00
5.959331512451171875e+00
5.698515892028808594e+00
5.944928169250488281e+00
5.810889720916748047e+00
5.769021987915039062e+00
5.709117889404296875e+00
5.826692581176757812e+00
5.709633827209472656e+00
5.968076229095458984e+00
5.908103942871093750e+00
5.663852691650390625e+00
5.900538921356201172e+00
5.894279956817626953e+00
5.768168449401855469e+00
5.826066970825195312e+00
5.751255035400390625e+00
5.839917182922363281e+00
5.899071693420410156e+00
5.801572799682617188e+00
5.919516563415527344e+00
5.871090888977050781e+00
5.886511325836181641e+00
5.941354274749755859e+00
5.847816467285156250e+00
5.941558837890625000e+00
5.862782478332519531e+00
5.798140525817871094e+00
5.845463275909423828e+00
5.762208938598632812e+00
5.879089355468750000e+00
5.864004611968994141e+00
5.860265254974365234e+00
5.842159271240234375e+00
5.927196025848388672e+00
5.750525474548339844e+00
5.825521469116210938e+00
5.855920791625976562e+00
5.986418724060058594e+00
5.807840347290039062e+00
5.894648075103759766e+00
5.714207172393798828e+00
5.769070148468017578e+00
5.815920352935791016e+00
5.790828704833984375e+00
5.900746345520019531e+00
5.767688751220703125e+00
5.778529167175292969e+00
5.765848159790039062e+00
5.762630939483642578e+00
5.833138942718505859e+00
5.857245445251464844e+00
5.810929298400878906e+00
5.732716560363769531e+00
5.678183555603027344e+00
5.656410694122314453e+00
5.827847480773925781e+00
5.735552787780761719e+00
5.843130111694335938e+00
5.977304935455322266e+00
5.767657756805419922e+00
5.708090305328369141e+00
5.974636077880859375e+00
5.764535903930664062e+00
5.874716758728027344e+00
5.782826423645019531e+00
5.873220920562744141e+00
5.775684356689453125e+00
5.772156715393066406e+00
5.808395862579345703e+00
5.830538749694824219e+00
5.788461685180664062e+00
5.973289012908935547e+00
5.875085353851318359e+00
5.907958984375000000e+00
5.808108329772949219e+00
5.859039306640625000e+00
5.843359947204589844e+00
5.762283802032470703e+00
5.777869224548339844e+00
5.854524612426757812e+00
6.089766025543212891e+00
5.773389339447021484e+00
5.760413169860839844e+00
5.814745903015136719e+00
5.897946357727050781e+00
