6.765294551849365234e+00
6.437064170837402344e+00
6.118432044982910156e+00
6.223920822143554688e+00
6.018622398376464844e+00
5.921531677246093750e+00
5.880928516387939453e+00
5.897726058959960938e+00
5.773700714111328125e+00
5.888968467712402344e+00
5.787147998809814453e+00
5.792891502380371094e+00
5.726299762725830078e+00
5.804586410522460938e+00
5.755372524261474609e+00
5.756076812744140625e+00
5.898840904235839844e+00
5.776571273803710938e+00
6.043666839599609375e+00
5.759726047515869141e+00
5.722358703613281250e+00
5.710568904876708984e+00
5.792463302612304688e+00
5.760821342468261719e+00
5.769320011138916016e+00
5.857520103454589844e+00
5.736594200134277344e+00
5.851736545562744141e+00
5.752783298492431641e+00
5.753070831298828125e+00
5.667665004730224609e+00
5.825672626495361328e+00
5.720826625823974609e+00
5.801508903503417969e+00
5.699976921081542969e+00
5.659265041351318359e+00
5.639953136444091797e+00
5.689780235290527344e+00
5.624761581420898438e+00
5.703713417053222656e+00
5.627544403076171875e+00
5.633040428161621094e+00
5.686223983764648438e+00
5.619062423706054688e+00
5.730990409851074219e+00
5.664955615997314453e+00
6.102117061614990234e+00
5.686089515686035156e+00
5.688076972961425781e+00
5.666369915008544922e+00
5.720605373382568359e+00
5.630592346191406250e+00
5.613731384277343750e+00
5.632308959960937500e+00
5.576324462890625000e+00
5.877345561981201172e+00
5.614391326904296875e+00
5.853435039520263672e+00
5.655169486999511719e+00
5.794372558593750000e+00
5.617875099182128906e+00
5.523879528045654297e+00
5.603318691253662109e+00
5.563907623291015625e+00
5.672360420227050781e+00
5.601405143737792969e+00
5.515459060668945312e+00
5.548231124877929688e+00
5.556879997253417969e+00
5.552415370941162109e+00
5.559587478637695312e+00
5.589556694030761719e+00
5.610091209411621094e+00
5.650674343109130859e+00
5.711374759674072266e+00
5.684603691101074219e+00
5.631757736206054688e+00
5.650879859924316406e+00
5.585760593414306641e+00
5.566158771514892578e+00
5.612928867340087891e+00
5.656497001647949219e+00
5.556536674499511719e+00
5.631591320037841797e+00
5.653241634368896484e+00
5.541197776794433594e+00
5.595079421997070312e+00
5.505749702453613281e+00
5.603515148162841797e+00
5.450473785400390625e+00
5.574830532073974609e+00
5.559697628021240234e+00
5.525176048278808594e+00
5.481710433959960938e+00
5.599117755889892578e+00
5.523122310638427734e+00
5.702442169189453125e+00
5.500764846801757812e+00
5.473721981048583984e+00
5.607591152191162109e+00
5.678030967712402344e+00
5.917843341827392578e+00
5.460998535156250000e+00
5.557899475097656250e+00
5.601066589355468750e+00
5.608063697814941406e+00
5.479176998138427734e+00
5.794783115386962891e+00
5.488663673400878906e+00
5.555876731872558594e+00
5.543076515197753906e+00
5.558330535888671875e+00
5.666183471679687500e+00
5.498648166656494141e+00
5.532379150390625000e+00
5.483288764953613281e+00
5.531922340393066406e+00
5.518067836761474609e+00
5.721843719482421875e+00
5.515198707580566406e+00
5.531101703643798828e+00
5.514887809753417969e+00
5.499541282653808594e+00
5.535964012145996094e+00
5.545130729675292969e+00
5.701327800750732422e+00
5.579729557037353516e+00
5.636162281036376953e+00
5.453043937683105469e+00
5.552204132080078125e+00
5.528874397277832031e+00
5.494235038757324219e+00
5.520029067993164062e+00
5.459893703460693359e+00
5.658086299896240234e+00
5.478296279907226562e+00
5.487370967864990234e+00
5.613594055175781250e+00
5.531159400939941406e+00
5.561991691589355469e+00
5.505965709686279297e+00
5.547091960906982422e+00
5.474284648895263672e+00
5.444687843322753906e+00
5.541284561157226562e+00
5.561151027679443359e+00
5.479186058044433594e+00
5.494029998779296875e+00
5.527243614196777344e+00
5.536788463592529297e+00
5.508829116821289062e+00
5.565536022186279297e+00
5.533559799194335938e+00
5.520273208618164062e+00
5.483813762664794922e+00
5.514552593231201172e+00
5.502217292785644531e+00
5.529164314270019531e+00
5.460551261901855469e+00
5.532783508300781250e+00
5.672455787658691406e+00
5.444356918334960938e+00
5.475962162017822266e+00
5.469327449798583984e+00
5.492934226989746094e+00
5.546862602233886719e+00
5.479701042175292969e+00
5.522202491760253906e+00
5.463578224182128906e+00
5.486389160156250000e+00
5.441624641418457031e+00
5.632502079010009766e+00
5.686930656433105469e+00
5.519540309906005859e+00
5.482467651367187500e+00
5.464884281158447266e+00
5.485926628112792969e+00
5.553993225097656250e+00
5.523075103759765625e+00
5.526318073272705078e+00
5.631503582000732422e+00
5.540220260620117188e+00
5.517025470733642578e+00
5.538026809692382812e+00
5.512341499328613281e+00
5.512408256530761719e+00
5.399094104766845703e+00
5.571339130401611328e+00
5.528700828552246094e+00
5.496743202209472656e+00
5.522687911987304688e+00
5.484782218933105469e+00
5.533096790313720703e+00
5.516601085662841797e+00
5.701406478881835938e+00
5.670105457305908203e+00
5.561245918273925781e+00
5.517358779907226562e+00
5.559028625488281250e+00
5.618124485015869141e+00
5.560059070587158203e+00
5.649025917053222656e+00
5.538266658782958984e+00
5.500017166137695312e+00
5.448367595672607422e+00
5.637471675872802734e+00
5.438742637634277344e+00
5.564091682434082031e+00
5.611306667327880859e+00
5.582096099853515625e+00
5.496356964111328125e+00
5.545653343200683594e+00
5.582216262817382812e+00
5.464941024780273438e+00
5.454528808593750000e+00
5.597374916076660156e+00
5.532066345214843750e+00
5.664384365081787109e+00
5.550931930541992188e+00
5.540302276611328125e+00
5.457092285156250000e+00
5.449678421020507812e+00
5.510930061340332031e+00
5.482802867889404297e+00
5.478664875030517578e+00
5.542762279510498047e+00
5.476643562316894531e+00
5.480639934539794922e+00
5.466903686523437500e+00
5.502634048461914062e+00
5.457056522369384766e+00
5.608969688415527344e+00
5.458099842071533203e+00
5.522622108459472656e+00
5.527343750000000000e+00
5.501428127288818359e+00
5.607492923736572266e+00
5.510551929473876953e+00
5.466294288635253906e+00
5.499094963073730469e+00
5.534940719604492188e+00
5.521039962768554688e+00
5.555813789367675781e+00
5.532711982727050781e+00
5.505976200103759766e+00
5.528789520263671875e+00
5.521284580230712891e+00
5.486163616180419922e+00
5.484907150268554688e+00
5.514645576477050781e+00
5.477441310882568359e+00
5.511368274688720703e+00
5.515320777893066406e+00
5.516000747680664062e+00
5.497336864471435547e+00
5.459424495697021484e+00
5.439891815185546875e+00
5.468554496765136719e+00
5.468513965606689453e+00
5.444622039794921875e+00
5.497781276702880859e+00
5.457654953002929688e+00
5.438461780548095703e+00
5.429375648498535156e+00
5.454605102539062500e+00
5.530041217803955078e+00
5.514291286468505859e+00
5.479166030883789062e+00
5.514092445373535156e+00
5.427493572235107422e+00
5.459633827209472656e+00
5.515225887298583984e+00
5.492733001708984375e+00
5.521201133728027344e+00
5.438140869140625000e+00
5.733584403991699219e+00
5.434312820434570312e+00
5.416400909423828125e+00
5.520128250122070312e+00
5.391770839691162109e+00
5.498341560363769531e+00
5.497801303863525391e+00
5.565254688262939453e+00
5.466139793395996094e+00
5.408170223236083984e+00
5.482588768005371094e+00
5.423873901367187500e+00
5.506600856781005859e+00
5.456342697143554688e+00
5.407864093780517578e+00
5.446860313415527344e+00
5.456613063812255859e+00
5.433305263519287109e+00
5.419057846069335938e+00
5.572576999664306641e+00
5.422626972198486328e+00
5.467144489288330078e+00
5.505689620971679688e+00
5.421881198883056641e+00
5.447986602783203125e+00
5.571341037750244141e+00
5.431224822998046875e+00
5.439149856567382812e+00
5.461814880371093750e+00
5.476700782775878906e+00
5.483095169067382812e+00
5.438903808593750000e+00
5.452159404754638672e+00
5.517777442932128906e+00
5.550704002380371094e+00
5.437186717987060547e+00
5.393721103668212891e+00
5.429193973541259766e+00
5.477694034576416016e+00
5.458854198455810547e+00
5.459677696228027344e+00
5.600566864013671875e+00
5.501516342163085938e+00
5.457064628601074219e+00
5.417933464050292969e+00
5.557146549224853516e+00
5.475512504577636719e+00
5.424736976623535156e+00
5.395595550537109375e+00
5.470953941345214844e+00
5.512106895446777344e+00
5.468409538269042969e+00
5.504120349884033203e+00
5.415896892547607422e+00
5.411819458007812500e+00
5.509334564208984375e+00
5.471678733825683594e+00
5.588187217712402344e+00
5.410378456115722656e+00
5.486519813537597656e+00
5.455281734466552734e+00
5.475433349609375000e+00
5.572964668273925781e+00
5.478230476379394531e+00
5.506410598754882812e+00
5.489785671234130859e+00
5.459459304809570312e+00
5.495840072631835938e+00
5.502677440643310547e+00
5.481322765350341797e+00
5.454958438873291016e+00
5.635349750518798828e+00
5.487527847290039062e+00
5.536118507385253906e+00
5.469022750854492188e+00
5.583535194396972656e+00
5.505472183227539062e+00
5.430720329284667969e+00
5.487897872924804688e+00
5.497511863708496094e+00
5.458260536193847656e+00
5.448906421661376953e+00
5.444332599639892578e+00
5.486730575561523438e+00
5.529596328735351562e+00
5.396893501281738281e+00
5.483532428741455078e+00
5.472270965576171875e+00
5.502020835876464844e+00
5.434934616088867188e+00
5.393854141235351562e+00
5.554441452026367188e+00
5.412999153137207031e+00
5.499828815460205078e+00
5.454510688781738281e+00
5.497314929962158203e+00
5.469151973724365234e+00
5.405787944793701172e+00
5.472282409667968750e+00
5.547655582427978516e+00
5.468445777893066406e+00
5.722880840301513672e+00
5.531495094299316406e+00
5.474148750305175781e+00
5.506968021392822266e+00
5.456797599792480469e+00
5.449556350708007812e+00
5.484218120574951172e+00
5.417223930358886719e+00
5.424809455871582031e+00
5.552568435668945312e+00
5.453567504882812500e+00
5.562467098236083984e+00
5.452815532684326172e+00
5.548415660858154297e+00
5.369106292724609375e+00
5.442857265472412109e+00
5.475943565368652344e+00
5.540535926818847656e+00
5.420116424560546875e+00
5.468761920928955078e+00
5.424735069274902344e+00
5.496836185455322266e+00
5.395524024963378906e+00
5.406700134277343750e+00
5.427128791809082031e+00
5.518111705780029297e+00
5.435068130493164062e+00
5.421317577362060547e+00
5.435353755950927734e+00
5.525140762329101562e+00
5.519496917724609375e+00
5.413243770599365234e+00
5.458570957183837891e+00
5.422426223754882812e+00
5.372860908508300781e+00
5.449312210083007812e+00
5.409608364105224609e+00
5.418089389801025391e+00
5.511336803436279297e+00
5.465588569641113281e+00
5.442216873168945312e+00
5.433967590332031250e+00
5.426165103912353516e+00
5.482939720153808594e+00
5.539015769958496094e+00
5.508881092071533203e+00
5.457629203796386719e+00
5.463788032531738281e+00
5.532802581787109375e+00
5.570607662200927734e+00
5.499114513397216797e+00
5.480689048767089844e+00
5.379501342773437500e+00
5.638270854949951172e+00
5.441664218902587891e+00
5.467331886291503906e+00
5.453414440155029297e+00
5.462029457092285156e+00
5.444694042205810547e+00
5.482735633850097656e+00
5.494063377380371094e+00
5.430983543395996094e+00
5.478233337402343750e+00
5.541173458099365234e+00
5.555455684661865234e+00
5.362194061279296875e+00
5.547393798828125000e+00
5.434545040130615234e+00
5.532062530517578125e+00
5.454290866851806641e+00
5.418384552001953125e+00
5.414682865142822266e+00
5.497133255004882812e+00
5.402463436126708984e+00
5.568450450897216797e+00
5.460306167602539062e+00
5.430144309997558594e+00
5.535402297973632812e+00
5.511467933654785156e+00
5.481861114501953125e+00
5.505468368530273438e+00
5.523224830627441406e+00
5.422429561614990234e+00
5.618774890899658203e+00
5.441509246826171875e+00
5.452026844024658203e+00
5.610786437988281250e+00
5.459855079650878906e+00
5.407604217529296875e+00
5.505812644958496094e+00
5.508884906768798828e+00
5.450687408447265625e+00
5.482455253601074219e+00
5.439586639404296875e+00
5.456802368164062500e+00
5.466955184936523438e+00
5.410985946655273438e+00
5.450518608093261719e+00
5.555441856384277344e+00
5.434790134429931641e+00
5.425611495971679688e+00
5.448232173919677734e+00
5.478106975555419922e+00
5.449746608734130859e+00
5.574121475219726562e+00
5.485630035400390625e+00
5.491868019104003906e+00
5.409925937652587891e+00
5.398902893066406250e+00
5.385872364044189453e+00
5.514439582824707031e+00
5.538677215576171875e+00
5.658921718597412109e+00
5.521767139434814453e+00
5.460959434509277344e+00
5.769421100616455078e+00
5.442684173583984375e+00
5.408751487731933594e+00
5.412896156311035156e+00
5.433090209960937500e+00
5.488010883331298828e+00
5.492601871490478516e+00
5.533524513244628906e+00
5.459677219390869141e+00
5.484641551971435547e+00
5.537963867187500000e+00
5.593916893005371094e+00
5.550032138824462891e+00
5.402280807495117188e+00
5.438031196594238281e+00
5.451623916625976562e+00
5.438458442687988281e+00
5.418279647827148438e+00
5.518700599670410156e+00
5.495026588439941406e+00
5.423784732818603516e+00
5.456754684448242188e+00
5.434905052185058594e+00
5.475298404693603516e+00
5.416816711425781250e+00
5.388004302978515625e+00
5.447782039642333984e+00
5.428076267242431641e+00
5.562104225158691406e+00
5.528155326843261719e+00
5.386196136474609375e+00
5.686078071594238281e+00
5.440531730651855469e+00
5.452355384826660156e+00
5.478654861450195312e+00
5.403167247772216797e+00
5.379651069641113281e+00
5.428717613220214844e+00
5.558255672454833984e+00
5.537532329559326172e+00
5.431200027465820312e+00
5.504972934722900391e+00
5.391269683837890625e+00
5.454334259033203125e+00
5.443731307983398438e+00
5.448874950408935547e+00
5.500572204589843750e+00
5.434317588806152344e+00
5.596452236175537109e+00
5.479108333587646484e+00
5.593013763427734375e+00
5.481625080108642578e+00
5.445139884948730469e+00
5.501058578491210938e+00
5.400859355926513672e+00
5.426364421844482422e+00
5.518865108489990234e+00
5.440961837768554688e+00
5.409370899200439453e+00
5.541022777557373047e+00
5.443592548370361328e+00
5.460474014282226562e+00
5.482048511505126953e+00
5.365369319915771484e+00
5.534461975097656250e+00
5.470209598541259766e+00
5.376844406127929688e+00
5.502027511596679688e+00
5.421807765960693359e+00
5.501499176025390625e+00
5.528431892395019531e+00
5.374213695526123047e+00
5.394564628601074219e+00
5.470656871795654297e+00
5.511290073394775391e+00
5.812955856323242188e+00
5.465286254882812500e+00
5.386278152465820312e+00
5.474208831787109375e+00
5.422870635986328125e+00
5.408285140991210938e+00
5.484753608703613281e+00
5.533852577209472656e+00
5.585633754730224609e+00
5.475414276123046875e+00
5.494476318359375000e+00
5.458713054656982422e+00
5.491623878479003906e+00
5.477673053741455078e+00
5.504952430725097656e+00
5.514950752258300781e+00
5.438615798950195312e+00
5.474718093872070312e+00
5.596152782440185547e+00
5.496722221374511719e+00
5.404856681823730469e+00
5.460189819335937500e+00
5.433983325958251953e+00
5.405122280120849609e+00
5.470815658569335938e+00
5.452702999114990234e+00
5.596985340118408203e+00
5.425814628601074219e+00
5.518908977508544922e+00
5.381155014038085938e+00
5.480542182922363281e+00
5.391471385955810547e+00
5.593606472015380859e+00
5.413607597351074219e+00
5.455472469329833984e+00
5.443367958068847656e+00
5.434836387634277344e+00
5.406169891357421875e+00
5.436396598815917969e+00
5.580636024475097656e+00
5.418199062347412109e+00
5.450353145599365234e+00
5.469811439514160156e+00
5.465754508972167969e+00
5.615252494812011719e+00
5.432469367980957031e+00
5.476830005645751953e+00
5.551281929016113281e+00
5.619016647338867188e+00
5.389888763427734375e+00
5.509567260742187500e+00
5.458058357238769531e+00
5.397117614746093750e+00
5.419493675231933594e+00
5.431373119354248047e+00
5.354193687438964844e+00
5.410264015197753906e+00
5.442183494567871094e+00
5.509302139282226562e+00
5.443635940551757812e+00
5.455359935760498047e+00
5.470593452453613281e+00
5.487427711486816406e+00
5.503290653228759766e+00
5.430968761444091797e+00
5.410882949829101562e+00
5.377988815307617188e+00
5.416081428527832031e+00
5.465035915374755859e+00
5.555754661560058594e+00
5.480710506439208984e+00
5.485207557678222656e+00
5.567523956298828125e+00
5.481485366821289062e+00
5.455893516540527344e+00
5.459858894348144531e+00
5.361469745635986328e+00
5.425971031188964844e+00
5.481722831726074219e+00
5.476593017578125000e+00
5.500890731811523438e+00
5.417489051818847656e+00
5.388538837432861328e+00
5.543866634368896484e+00
5.385974884033203125e+00
5.417118072509765625e+00
5.461666584014892578e+00
5.483790874481201172e+00
5.532821655273437500e+00
5.428516387939453125e+00
5.395116806030273438e+00
5.369613647460937500e+00
5.427529335021972656e+00
5.471729278564453125e+00
5.398513317108154297e+00
5.407482147216796875e+00
5.484658241271972656e+00
5.439701080322265625e+00
5.405777931213378906e+00
5.376649856567382812e+00
5.427121162414550781e+00
5.400218009948730469e+00
5.421685695648193359e+00
5.479446411132812500e+00
5.373129844665527344e+00
5.487238407135009766e+00
5.447879314422607422e+00
5.502478599548339844e+00
5.376588344573974609e+00
5.462986469268798828e+00
5.473549365997314453e+00
5.411862373352050781e+00
5.501497268676757812e+00
5.495208740234375000e+00
5.478018760681152344e+00
5.488683700561523438e+00
5.531184196472167969e+00
5.433859825134277344e+00
5.403060436248779297e+00
5.394622802734375000e+00
5.477348327636718750e+00
5.447616577148437500e+00
5.441340923309326172e+00
5.430023193359375000e+00
5.420602798461914062e+00
5.401001930236816406e+00
5.511518478393554688e+00
5.414664268493652344e+00
5.464010715484619141e+00
5.434219837188720703e+00
5.389786720275878906e+00
5.374468803405761719e+00
5.496667861938476562e+00
5.410001277923583984e+00
5.382363319396972656e+00
5.505537033081054688e+00
5.366621971130371094e+00
5.349401473999023438e+00
5.643007278442382812e+00
5.551869869232177734e+00
5.433504104614257812e+00
5.518011093139648438e+00
5.460938930511474609e+00
5.469397544860839844e+00
5.476297855377197266e+00
5.443948745727539062e+00
5.461207866668701172e+00
5.476070404052734375e+00
5.423710346221923828e+00
5.443334579467773438e+00
5.433663368225097656e+00
5.406511306762695312e+00
5.405604362487792969e+00
5.438437461853027344e+00
5.430675506591796875e+00
5.373752117156982422e+00
5.474669933319091797e+00
5.341667652130126953e+00
5.350589752197265625e+00
5.457267284393310547e+00
5.352080345153808594e+00
5.460670948028564453e+00
5.396869659423828125e+00
5.521170616149902344e+00
5.493926048278808594e+00
5.380196094512939453e+00
5.418344497680664062e+00
5.371546745300292969e+00
5.586455345153808594e+00
5.463883876800537109e+00
5.419374465942382812e+00
5.421516418457031250e+00
5.455511093139648438e+00
5.381124019622802734e+00
5.449529170989990234e+00
5.383026599884033203e+00
5.487575054168701172e+00
5.418008804321289062e+00
5.614126205444335938e+00
5.478979587554931641e+00
5.514457702636718750e+00
5.402861118316650391e+00
5.540673255920410156e+00
5.448231697082519531e+00
5.351797103881835938e+00
5.585096836090087891e+00
5.406974315643310547e+00
5.407773017883300781e+00
5.451110363006591797e+00
5.441304206848144531e+00
5.422901153564453125e+00
5.361303806304931641e+00
5.508945465087890625e+00
5.399963378906250000e+00
5.545755863189697266e+00
5.384262084960937500e+00
5.431728363037109375e+00
5.409468650817871094e+00
5.432687759399414062e+00
5.451252937316894531e+00
5.467055320739746094e+00
5.400683403015136719e+00
5.504626274108886719e+00
5.446893692016601562e+00
5.418665885925292969e+00
5.486900806427001953e+00
5.371849060058593750e+00
5.499226570129394531e+00
5.397906303405761719e+00
5.401124954223632812e+00
5.405019760131835938e+00
5.524507522583007812e+00
5.393436908721923828e+00
5.498570442199707031e+00
5.456320762634277344e+00
5.485684871673583984e+00
5.550710201263427734e+00
5.350067615509033203e+00
5.493838787078857422e+00
5.484900474548339844e+00
5.498424530029296875e+00
5.612119674682617188e+00
5.434523105621337891e+00
5.508833408355712891e+00
5.423796176910400391e+00
5.581030845642089844e+00
5.511397838592529297e+00
5.460925579071044922e+00
5.417396068572998047e+00
5.374344348907470703e+00
5.380784988403320312e+00
5.404899597167968750e+00
5.378852367401123047e+00
5.393430709838867188e+00
5.543632030487060547e+00
5.391798019409179688e+00
5.505023479461669922e+00
5.362103939056396484e+00
5.425887107849121094e+00
5.382572174072265625e+00
5.387236118316650391e+00
5.409808158874511719e+00
5.418970584869384766e+00
5.433303833007812500e+00
5.410195827484130859e+00
5.457302570343017578e+00
5.411818504333496094e+00
5.402913570404052734e+00
5.419717311859130859e+00
5.385414600372314453e+00
5.477830410003662109e+00
5.487919330596923828e+00
5.445064544677734375e+00
5.525438308715820312e+00
5.476447582244873047e+00
5.430701255798339844e+00
5.370304584503173828e+00
5.472086429595947266e+00
5.480285167694091797e+00
5.456142425537109375e+00
5.362353801727294922e+00
5.402811050415039062e+00
5.412219047546386719e+00
5.510443687438964844e+00
5.367004394531250000e+00
5.422898292541503906e+00
5.425526618957519531e+00
5.406340122222900391e+00
5.431190013885498047e+00
5.479743003845214844e+00
5.404850959777832031e+00
5.458829879760742188e+00
5.363209247589111328e+00
5.539201736450195312e+00
5.419043064117431641e+00
5.359066009521484375e+00
5.371418476104736328e+00
5.417799949645996094e+00
5.454326152801513672e+00
5.381591796875000000e+00
5.366398811340332031e+00
5.373667716979980469e+00
5.418166160583496094e+00
5.332322120666503906e+00
5.392112255096435547e+00
5.426053524017333984e+00
5.427839279174804688e+00
5.370435714721679688e+00
5.424087524414062500e+00
5.422188758850097656e+00
5.389371871948242188e+00
5.394026756286621094e+00
5.462620258331298828e+00
5.454619407653808594e+00
5.408658981323242188e+00
5.488100528717041016e+00
5.368875503540039062e+00
5.528888225555419922e+00
5.369633674621582031e+00
5.446757316589355469e+00
5.471635818481445312e+00
5.513354301452636719e+00
5.387859344482421875e+00
5.501696109771728516e+00
5.366720199584960938e+00
5.356796741485595703e+00
5.441800117492675781e+00
5.407214164733886719e+00
5.359014511108398438e+00
5.437248229980468750e+00
5.370605945587158203e+00
5.463294029235839844e+00
5.388370037078857422e+00
5.597193717956542969e+00
5.443181037902832031e+00
5.408157825469970703e+00
5.502520084381103516e+00
5.411695003509521484e+00
5.389353752136230469e+00
5.411752700805664062e+00
5.360054969787597656e+00
5.377809524536132812e+00
5.431510448455810547e+00
5.594039916992187500e+00
5.403136730194091797e+00
5.380722045898437500e+00
5.359286308288574219e+00
5.392996311187744141e+00
5.450490951538085938e+00
5.502450942993164062e+00
5.470112323760986328e+00
5.440219879150390625e+00
5.314571380615234375e+00
5.404912948608398438e+00
5.535110950469970703e+00
5.402612686157226562e+00
5.413196563720703125e+00
5.563033103942871094e+00
5.372372627258300781e+00
5.377559661865234375e+00
5.321826934814453125e+00
5.441155910491943359e+00
5.459067344665527344e+00
5.431165695190429688e+00
5.382293224334716797e+00
5.427981376647949219e+00
5.322993278503417969e+00
5.398115634918212891e+00
5.440285682678222656e+00
5.415963649749755859e+00
5.346919059753417969e+00
5.360145092010498047e+00
5.413988113403320312e+00
5.313572883605957031e+00
5.490723609924316406e+00
5.414215564727783203e+00
5.454323768615722656e+00
5.434093475341796875e+00
5.328106880187988281e+00
5.489204883575439453e+00
5.515723228454589844e+00
5.479024410247802734e+00
5.439682006835937500e+00
5.473241806030273438e+00
5.403866767883300781e+00
5.419426918029785156e+00
5.429239273071289062e+00
5.484955787658691406e+00
5.398046016693115234e+00
5.385478973388671875e+00
5.421719074249267578e+00
5.402353286743164062e+00
5.398563861846923828e+00
5.409740447998046875e+00
5.396679878234863281e+00
5.409029006958007812e+00
5.440217018127441406e+00
5.412347316741943359e+00
5.377655029296875000e+00
5.373418807983398438e+00
5.388427734375000000e+00
5.454234123229980469e+00
5.390136718750000000e+00
5.378089904785156250e+00
5.402227878570556641e+00
5.503808975219726562e+00
5.423044681549072266e+00
5.454866409301757812e+00
5.463879585266113281e+00
5.512031555175781250e+00
5.390742301940917969e+00
5.469542026519775391e+00
5.505426883697509766e+00
5.347257137298583984e+00
5.395844459533691406e+00
5.380119323730468750e+00
5.489396572113037109e+00
5.411311149597167969e+00
5.433255672454833984e+00
5.376657485961914062e+00
5.434396266937255859e+00
5.363264083862304688e+00
5.369058609008789062e+00
5.377923011779785156e+00
