6.887444972991943359e+00
6.817850589752197266e+00
6.734822750091552734e+00
6.697327136993408203e+00
6.649740695953369141e+00
6.527719497680664062e+00
6.465108871459960938e+00
6.468076705932617188e+00
6.436065196990966797e+00
6.400953292846679688e+00
6.509817123413085938e+00
6.320181846618652344e+00
6.400894165039062500e+00
6.320522308349609375e+00
6.331689834594726562e+00
6.333147525787353516e+00
6.285536766052246094e+00
6.387541770935058594e+00
6.336952686309814453e+00
6.352939605712890625e+00
6.257549285888671875e+00
6.181863784790039062e+00
6.182525634765625000e+00
6.225048065185546875e+00
6.275086879730224609e+00
6.262716293334960938e+00
6.263251304626464844e+00
6.198759078979492188e+00
6.393780708312988281e+00
6.239416599273681641e+00
6.200911521911621094e+00
6.122392177581787109e+00
6.332869052886962891e+00
6.224234104156494141e+00
6.269109249114990234e+00
6.204111576080322266e+00
6.223336219787597656e+00
6.228652000427246094e+00
6.179522514343261719e+00
6.250967979431152344e+00
6.202895164489746094e+00
6.219674110412597656e+00
6.333474159240722656e+00
6.170997619628906250e+00
6.136539936065673828e+00
6.180016517639160156e+00
6.151391983032226562e+00
6.263684272766113281e+00
6.285775661468505859e+00
6.230564117431640625e+00
6.350584030151367188e+00
6.238320827484130859e+00
6.109292984008789062e+00
6.153385162353515625e+00
6.229333400726318359e+00
6.138645172119140625e+00
6.236124992370605469e+00
6.076228141784667969e+00
6.087898254394531250e+00
6.124758243560791016e+00
6.191231727600097656e+00
5.976207256317138672e+00
6.154753208160400391e+00
6.137582302093505859e+00
6.227383613586425781e+00
6.141287803649902344e+00
6.142734527587890625e+00
5.993466854095458984e+00
6.109369277954101562e+00
6.270928859710693359e+00
6.052365303039550781e+00
6.083423137664794922e+00
6.024098396301269531e+00
6.084515094757080078e+00
6.201730728149414062e+00
6.123029708862304688e+00
6.051783561706542969e+00
6.023089408874511719e+00
6.126987934112548828e+00
6.098909378051757812e+00
6.031360626220703125e+00
5.963441371917724609e+00
6.036604881286621094e+00
6.200899600982666016e+00
6.179546356201171875e+00
6.178414344787597656e+00
6.191321849822998047e+00
6.090374946594238281e+00
6.105219841003417969e+00
6.175199031829833984e+00
6.156201362609863281e+00
6.118243217468261719e+00
6.250475883483886719e+00
6.149750709533691406e+00
6.011321544647216797e+00
6.076029777526855469e+00
6.122331619262695312e+00
6.185925006866455078e+00
6.134934425354003906e+00
6.039380073547363281e+00
5.979175567626953125e+00
6.017714500427246094e+00
6.180978298187255859e+00
6.153649806976318359e+00
6.051109313964843750e+00
6.094933032989501953e+00
6.131651878356933594e+00
6.107829570770263672e+00
6.031413555145263672e+00
6.105130672454833984e+00
6.075082778930664062e+00
6.045510292053222656e+00
6.078723430633544922e+00
6.080454826354980469e+00
6.203884601593017578e+00
6.030385494232177734e+00
6.016063690185546875e+00
6.089370250701904297e+00
6.076072216033935547e+00
6.086450576782226562e+00
6.332808017730712891e+00
6.174664020538330078e+00
6.073946475982666016e+00
6.032310962677001953e+00
6.078617572784423828e+00
5.970379829406738281e+00
6.025844097137451172e+00
6.230082988739013672e+00
6.097731113433837891e+00
6.030482292175292969e+00
6.174608230590820312e+00
6.199947357177734375e+00
6.156726837158203125e+00
6.128252506256103516e+00
6.064484119415283203e+00
6.227880954742431641e+00
6.097924232482910156e+00
5.983531475067138672e+00
6.046546459197998047e+00
6.208394527435302734e+00
5.935547828674316406e+00
6.027948856353759766e+00
5.981567859649658203e+00
5.979924678802490234e+00
6.112004756927490234e+00
6.042236804962158203e+00
6.034157752990722656e+00
6.145575046539306641e+00
6.053839683532714844e+00
6.018920421600341797e+00
6.046598434448242188e+00
6.165485858917236328e+00
5.985545635223388672e+00
5.956082820892333984e+00
6.036277770996093750e+00
6.022911071777343750e+00
6.019793510437011719e+00
6.028041839599609375e+00
5.934022903442382812e+00
5.943957805633544922e+00
6.107586860656738281e+00
5.988646507263183594e+00
6.012085914611816406e+00
6.030582904815673828e+00
6.019652843475341797e+00
5.973509788513183594e+00
5.941889286041259766e+00
6.001007080078125000e+00
6.054619789123535156e+00
5.987140655517578125e+00
6.101616859436035156e+00
6.065101623535156250e+00
6.062276840209960938e+00
6.085689544677734375e+00
6.072853565216064453e+00
6.032420158386230469e+00
6.121447086334228516e+00
5.992743968963623047e+00
5.967601776123046875e+00
6.143519878387451172e+00
6.063426017761230469e+00
5.948548793792724609e+00
6.059750080108642578e+00
5.938346862792968750e+00
5.919424057006835938e+00
6.004969596862792969e+00
6.091552734375000000e+00
6.078660011291503906e+00
5.950615882873535156e+00
5.996226310729980469e+00
5.949166297912597656e+00
6.066717624664306641e+00
5.962116718292236328e+00
5.994963645935058594e+00
5.919475555419921875e+00
5.972447395324707031e+00
5.864378452301025391e+00
6.104072093963623047e+00
5.972816944122314453e+00
6.031783103942871094e+00
6.026966094970703125e+00
6.000545501708984375e+00
6.210137367248535156e+00
6.005153656005859375e+00
5.979987144470214844e+00
5.979269981384277344e+00
6.062362670898437500e+00
6.077122688293457031e+00
6.061599731445312500e+00
5.978208065032958984e+00
5.874321460723876953e+00
6.076183319091796875e+00
5.915760993957519531e+00
6.045072555541992188e+00
5.983180046081542969e+00
6.074194908142089844e+00
6.045328140258789062e+00
5.991724967956542969e+00
5.938905239105224609e+00
6.016793251037597656e+00
6.148066997528076172e+00
5.989089488983154297e+00
5.972314834594726562e+00
6.122307777404785156e+00
6.058403968811035156e+00
6.024171352386474609e+00
6.016272068023681641e+00
6.179171562194824219e+00
6.095223426818847656e+00
5.987964630126953125e+00
5.966024875640869141e+00
6.016980171203613281e+00
6.077275276184082031e+00
6.022319316864013672e+00
6.010762214660644531e+00
6.012313365936279297e+00
6.106238842010498047e+00
6.030746459960937500e+00
5.940139770507812500e+00
5.910963058471679688e+00
6.026517391204833984e+00
6.003099918365478516e+00
6.038372039794921875e+00
5.896028041839599609e+00
6.019696712493896484e+00
6.046626567840576172e+00
6.113649845123291016e+00
6.062594413757324219e+00
5.999490261077880859e+00
5.999954700469970703e+00
6.069688320159912109e+00
5.984317302703857422e+00
6.118582725524902344e+00
6.149976730346679688e+00
6.002855300903320312e+00
5.957094192504882812e+00
5.977103233337402344e+00
5.936402797698974609e+00
6.052886009216308594e+00
6.149081707000732422e+00
6.013378620147705078e+00
5.945913314819335938e+00
5.990591049194335938e+00
5.920161724090576172e+00
6.055067062377929688e+00
5.898671150207519531e+00
6.189884185791015625e+00
6.000890254974365234e+00
6.131178379058837891e+00
5.967876911163330078e+00
6.035017967224121094e+00
6.136912345886230469e+00
6.076945781707763672e+00
5.989455223083496094e+00
6.144230842590332031e+00
5.945629119873046875e+00
6.049122810363769531e+00
5.901483535766601562e+00
6.098010540008544922e+00
5.937345504760742188e+00
5.969631195068359375e+00
6.056033134460449219e+00
6.050300598144531250e+00
6.056175708770751953e+00
5.930013179779052734e+00
5.943286895751953125e+00
6.105663299560546875e+00
5.911785125732421875e+00
5.967633247375488281e+00
6.020412921905517578e+00
5.935540199279785156e+00
5.953809738159179688e+00
5.994901657104492188e+00
5.920107364654541016e+00
6.043017864227294922e+00
5.918694972991943359e+00
5.938647747039794922e+00
5.969486713409423828e+00
5.977633953094482422e+00
6.002353191375732422e+00
6.056777954101562500e+00
5.879724025726318359e+00
6.029043674468994141e+00
5.918698310852050781e+00
5.910921096801757812e+00
6.042941093444824219e+00
5.865830421447753906e+00
6.051364898681640625e+00
6.014395236968994141e+00
6.086181163787841797e+00
5.927726745605468750e+00
5.967914104461669922e+00
5.959183216094970703e+00
5.942457199096679688e+00
6.190762042999267578e+00
5.907783508300781250e+00
6.152514457702636719e+00
5.935667991638183594e+00
6.030289173126220703e+00
6.018647193908691406e+00
6.083204269409179688e+00
5.917387962341308594e+00
5.990839004516601562e+00
6.069549560546875000e+00
5.947895526885986328e+00
5.935617446899414062e+00
5.992897033691406250e+00
5.988312721252441406e+00
5.915789604187011719e+00
6.007733821868896484e+00
5.982838630676269531e+00
5.916961669921875000e+00
6.082430839538574219e+00
5.942050933837890625e+00
6.123920917510986328e+00
5.808406829833984375e+00
6.085167884826660156e+00
6.011938095092773438e+00
6.153526306152343750e+00
6.034817218780517578e+00
6.015610694885253906e+00
5.915964603424072266e+00
5.852488517761230469e+00
5.933743476867675781e+00
6.019514083862304688e+00
5.930986404418945312e+00
5.991771697998046875e+00
5.935674667358398438e+00
5.999015808105468750e+00
6.021763801574707031e+00
6.074237823486328125e+00
5.943244934082031250e+00
5.918779373168945312e+00
6.080098152160644531e+00
6.025700569152832031e+00
5.983357429504394531e+00
5.953576564788818359e+00
6.071030616760253906e+00
5.866365432739257812e+00
6.031866550445556641e+00
6.035074234008789062e+00
5.941946029663085938e+00
6.009850502014160156e+00
5.891553401947021484e+00
5.938507556915283203e+00
5.929525375366210938e+00
5.956209182739257812e+00
5.920216560363769531e+00
6.000507354736328125e+00
5.835560321807861328e+00
6.049550533294677734e+00
5.992893218994140625e+00
5.899589061737060547e+00
5.940538406372070312e+00
5.937126636505126953e+00
5.937066078186035156e+00
6.078736305236816406e+00
6.007905960083007812e+00
6.145627975463867188e+00
6.023023128509521484e+00
6.005382537841796875e+00
6.069894790649414062e+00
5.908254146575927734e+00
5.937535285949707031e+00
5.938214778900146484e+00
5.971906661987304688e+00
5.968957424163818359e+00
6.023517608642578125e+00
5.951745510101318359e+00
5.873191833496093750e+00
5.973128318786621094e+00
6.011900901794433594e+00
5.873807430267333984e+00
6.008114814758300781e+00
5.948056221008300781e+00
5.843307495117187500e+00
5.914772987365722656e+00
5.974081039428710938e+00
6.018839836120605469e+00
5.930127143859863281e+00
5.891492366790771484e+00
6.006956100463867188e+00
5.927003383636474609e+00
5.944594383239746094e+00
5.893538475036621094e+00
5.923999786376953125e+00
5.889425754547119141e+00
5.908160209655761719e+00
5.941120147705078125e+00
5.946195602416992188e+00
5.930421829223632812e+00
6.068626880645751953e+00
6.112819671630859375e+00
5.994019508361816406e+00
6.003798961639404297e+00
6.057621479034423828e+00
5.886449337005615234e+00
5.939894199371337891e+00
5.860392570495605469e+00
6.037918567657470703e+00
5.957549571990966797e+00
5.984827041625976562e+00
5.903104782104492188e+00
5.822577953338623047e+00
5.951004028320312500e+00
5.932340621948242188e+00
5.811611652374267578e+00
5.891794204711914062e+00
6.014282703399658203e+00
5.861647605895996094e+00
6.132067680358886719e+00
5.964909553527832031e+00
5.976500988006591797e+00
5.992925643920898438e+00
5.910420417785644531e+00
5.934471130371093750e+00
5.989529609680175781e+00
6.018786430358886719e+00
5.870800495147705078e+00
6.053977012634277344e+00
5.911068916320800781e+00
6.064420700073242188e+00
5.920798778533935547e+00
5.834900856018066406e+00
6.046209812164306641e+00
5.921514034271240234e+00
6.086047172546386719e+00
5.984866142272949219e+00
5.911626815795898438e+00
5.981810569763183594e+00
5.935143470764160156e+00
6.059528350830078125e+00
5.865818023681640625e+00
5.863334178924560547e+00
6.009983539581298828e+00
5.872257709503173828e+00
5.994436264038085938e+00
5.858986854553222656e+00
5.812899589538574219e+00
5.855332374572753906e+00
6.030004501342773438e+00
5.915191650390625000e+00
5.930306434631347656e+00
6.007113456726074219e+00
6.097528934478759766e+00
5.848826885223388672e+00
6.009719848632812500e+00
6.013832092285156250e+00
5.924714088439941406e+00
5.961116313934326172e+00
5.959484100341796875e+00
6.046226501464843750e+00
5.980739116668701172e+00
5.912040233612060547e+00
5.924671173095703125e+00
5.938020706176757812e+00
5.860102653503417969e+00
6.115812778472900391e+00
5.911363601684570312e+00
6.074888229370117188e+00
5.822004318237304688e+00
6.065763473510742188e+00
5.980468273162841797e+00
5.863728523254394531e+00
5.886963844299316406e+00
5.918266296386718750e+00
5.929517745971679688e+00
5.925034046173095703e+00
5.883366107940673828e+00
5.941536426544189453e+00
5.834649562835693359e+00
5.922826290130615234e+00
5.956420898437500000e+00
6.110000133514404297e+00
5.866158485412597656e+00
5.910621643066406250e+00
5.908790588378906250e+00
5.936839103698730469e+00
5.931415081024169922e+00
6.156061649322509766e+00
5.898651599884033203e+00
5.923286437988281250e+00
6.074574470520019531e+00
5.877337455749511719e+00
5.914874553680419922e+00
5.988104820251464844e+00
5.943391323089599609e+00
6.032258510589599609e+00
6.047495365142822266e+00
5.907400131225585938e+00
5.837830066680908203e+00
5.887472152709960938e+00
5.985910415649414062e+00
6.008807182312011719e+00
6.132569313049316406e+00
5.873566627502441406e+00
6.009146690368652344e+00
5.841858386993408203e+00
5.876511096954345703e+00
6.003303050994873047e+00
5.881078720092773438e+00
5.978776454925537109e+00
6.017217636108398438e+00
5.982913494110107422e+00
5.897601127624511719e+00
5.835816860198974609e+00
6.033366680145263672e+00
5.959591388702392578e+00
5.955018043518066406e+00
6.007624626159667969e+00
5.906414985656738281e+00
6.087600708007812500e+00
5.999661445617675781e+00
5.974771499633789062e+00
5.865365982055664062e+00
6.014666557312011719e+00
5.983327865600585938e+00
5.931382179260253906e+00
5.994084835052490234e+00
5.989429473876953125e+00
5.916240692138671875e+00
5.972727775573730469e+00
6.007633209228515625e+00
5.926405906677246094e+00
5.894334316253662109e+00
6.089338302612304688e+00
5.955629348754882812e+00
5.980648994445800781e+00
5.992797851562500000e+00
5.886421203613281250e+00
5.843915939331054688e+00
5.934892654418945312e+00
5.959174156188964844e+00
5.883885860443115234e+00
5.908866405487060547e+00
6.019184589385986328e+00
5.947900772094726562e+00
6.026729583740234375e+00
5.989110946655273438e+00
6.066547393798828125e+00
6.030127525329589844e+00
5.891122817993164062e+00
5.955618858337402344e+00
5.964020729064941406e+00
5.962121009826660156e+00
5.946069717407226562e+00
5.896752357482910156e+00
5.858391761779785156e+00
6.001443862915039062e+00
5.933012962341308594e+00
5.830945491790771484e+00
6.121604919433593750e+00
5.886669635772705078e+00
5.875594139099121094e+00
5.954463005065917969e+00
5.917476177215576172e+00
5.860273838043212891e+00
5.860548496246337891e+00
5.986267089843750000e+00
5.917302608489990234e+00
5.896745681762695312e+00
5.902522087097167969e+00
5.990833759307861328e+00
6.002670288085937500e+00
5.977447986602783203e+00
5.929162502288818359e+00
6.055160999298095703e+00
5.971117973327636719e+00
5.937361717224121094e+00
5.992036819458007812e+00
5.834044456481933594e+00
6.172333240509033203e+00
6.003967285156250000e+00
5.860696792602539062e+00
5.927038192749023438e+00
5.968211650848388672e+00
5.852917671203613281e+00
5.876281738281250000e+00
5.982068538665771484e+00
5.949153900146484375e+00
5.975004196166992188e+00
5.886781692504882812e+00
6.015336513519287109e+00
5.902630805969238281e+00
5.926789283752441406e+00
5.822986125946044922e+00
5.915291786193847656e+00
5.844388008117675781e+00
5.929469585418701172e+00
5.891533851623535156e+00
5.877874851226806641e+00
5.981388092041015625e+00
5.865274906158447266e+00
5.972765445709228516e+00
5.891834259033203125e+00
6.094263076782226562e+00
6.023999214172363281e+00
5.891791343688964844e+00
5.990412235260009766e+00
5.942855358123779297e+00
6.009157180786132812e+00
5.965574264526367188e+00
5.834930419921875000e+00
5.911081790924072266e+00
5.969105243682861328e+00
5.843721866607666016e+00
5.904813766479492188e+00
5.905621528625488281e+00
6.008639335632324219e+00
5.934929847717285156e+00
5.910362720489501953e+00
6.017841339111328125e+00
5.909584522247314453e+00
5.948257923126220703e+00
5.863988399505615234e+00
5.798766136169433594e+00
5.968009948730468750e+00
5.881319046020507812e+00
5.991944313049316406e+00
5.935150146484375000e+00
5.867222309112548828e+00
5.982999801635742188e+00
6.056395053863525391e+00
5.853426933288574219e+00
5.990296363830566406e+00
5.897857666015625000e+00
5.993162155151367188e+00
5.886548995971679688e+00
5.855009078979492188e+00
5.974209785461425781e+00
5.903445243835449219e+00
5.974716186523437500e+00
5.937256813049316406e+00
5.854011535644531250e+00
5.818241119384765625e+00
5.893683910369873047e+00
5.886995315551757812e+00
5.787985801696777344e+00
6.007202148437500000e+00
5.906788825988769531e+00
5.905752658843994141e+00
5.995740890502929688e+00
5.817283630371093750e+00
5.985254287719726562e+00
6.018082141876220703e+00
5.820970535278320312e+00
6.217216491699218750e+00
5.841506958007812500e+00
5.878784179687500000e+00
5.855988979339599609e+00
5.987323760986328125e+00
5.948286533355712891e+00
5.982174873352050781e+00
5.921519279479980469e+00
5.925498962402343750e+00
5.969925880432128906e+00
5.915451526641845703e+00
6.008657455444335938e+00
5.916450500488281250e+00
5.952629566192626953e+00
5.931982994079589844e+00
5.900414943695068359e+00
6.018456935882568359e+00
5.879305839538574219e+00
6.129924774169921875e+00
6.082706928253173828e+00
5.966713428497314453e+00
5.984848022460937500e+00
5.915274620056152344e+00
5.871564865112304688e+00
5.968815803527832031e+00
5.818411350250244141e+00
5.904123306274414062e+00
5.916244983673095703e+00
5.958080291748046875e+00
5.960964202880859375e+00
5.826015472412109375e+00
5.891305923461914062e+00
5.828837394714355469e+00
5.961965560913085938e+00
5.929986953735351562e+00
5.925021648406982422e+00
5.843587875366210938e+00
5.877277851104736328e+00
5.870347976684570312e+00
5.998693466186523438e+00
5.946991920471191406e+00
5.804367065429687500e+00
5.956276893615722656e+00
5.912189960479736328e+00
5.979618549346923828e+00
5.996798515319824219e+00
5.893488883972167969e+00
5.879486083984375000e+00
5.879242420196533203e+00
6.042454242706298828e+00
5.948148727416992188e+00
5.906211376190185547e+00
5.947063446044921875e+00
5.842229843139648438e+00
5.958271026611328125e+00
5.874892234802246094e+00
5.946738243103027344e+00
5.998645782470703125e+00
5.915093421936035156e+00
5.838905334472656250e+00
5.967212200164794922e+00
5.953781127929687500e+00
5.944468975067138672e+00
5.806750297546386719e+00
5.904287815093994141e+00
5.820421218872070312e+00
5.851169586181640625e+00
5.882731437683105469e+00
5.883029937744140625e+00
5.928838729858398438e+00
5.891928195953369141e+00
5.882546424865722656e+00
5.947512149810791016e+00
5.863603591918945312e+00
5.950045108795166016e+00
6.052334308624267578e+00
6.032573223114013672e+00
5.973604679107666016e+00
6.036272048950195312e+00
5.963189125061035156e+00
5.867321014404296875e+00
5.986496925354003906e+00
5.932911396026611328e+00
5.918526172637939453e+00
5.934323787689208984e+00
5.890584945678710938e+00
5.874050140380859375e+00
5.875514984130859375e+00
5.860331058502197266e+00
6.074122428894042969e+00
5.855582237243652344e+00
5.890939712524414062e+00
5.892968177795410156e+00
5.977422714233398438e+00
5.946791172027587891e+00
5.976927280426025391e+00
5.928859710693359375e+00
5.905479431152343750e+00
5.972993373870849609e+00
6.086641311645507812e+00
6.008792877197265625e+00
5.851132392883300781e+00
5.876855373382568359e+00
5.944420814514160156e+00
5.852725028991699219e+00
5.916007041931152344e+00
5.865933418273925781e+00
5.868820667266845703e+00
5.918341636657714844e+00
5.911962032318115234e+00
6.005858421325683594e+00
5.912948131561279297e+00
5.879419326782226562e+00
6.005609512329101562e+00
5.913703441619873047e+00
5.995650291442871094e+00
5.797821044921875000e+00
5.825421333312988281e+00
5.911300659179687500e+00
5.936105728149414062e+00
5.817936897277832031e+00
5.978533744812011719e+00
5.988089084625244141e+00
5.945304870605468750e+00
5.905879974365234375e+00
5.962023735046386719e+00
5.951263427734375000e+00
6.030996322631835938e+00
5.907320976257324219e+00
5.953505039215087891e+00
5.894823551177978516e+00
5.940939426422119141e+00
5.913743019104003906e+00
5.945304393768310547e+00
5.861743450164794922e+00
6.069519042968750000e+00
5.862882614135742188e+00
5.847343444824218750e+00
6.036326408386230469e+00
5.892280578613281250e+00
5.827749252319335938e+00
5.878060817718505859e+00
5.833607673645019531e+00
5.970701217651367188e+00
6.031602859497070312e+00
5.989227294921875000e+00
5.821344852447509766e+00
5.904854297637939453e+00
5.876029014587402344e+00
5.858024597167968750e+00
5.920699119567871094e+00
5.917286396026611328e+00
5.946263313293457031e+00
5.898314476013183594e+00
5.947329044342041016e+00
5.908783912658691406e+00
5.889195919036865234e+00
5.875946044921875000e+00
5.941619873046875000e+00
5.897614002227783203e+00
5.862607955932617188e+00
5.880340099334716797e+00
5.930037498474121094e+00
5.825422763824462891e+00
5.861313343048095703e+00
5.859400272369384766e+00
5.843389987945556641e+00
5.910614013671875000e+00
5.821475028991699219e+00
5.835431098937988281e+00
5.984623432159423828e+00
5.878570556640625000e+00
5.996926307678222656e+00
5.765314102172851562e+00
6.095567703247070312e+00
5.935129165649414062e+00
5.885813236236572266e+00
5.890149593353271484e+00
5.846302509307861328e+00
5.980788230895996094e+00
5.946882247924804688e+00
5.914354324340820312e+00
5.792612075805664062e+00
6.031533241271972656e+00
5.920938968658447266e+00
5.801044464111328125e+00
5.757339954376220703e+00
5.954832077026367188e+00
5.892623901367187500e+00
5.930916786193847656e+00
5.782750606536865234e+00
5.911963939666748047e+00
5.824309349060058594e+00
6.015784263610839844e+00
5.919660091400146484e+00
6.122350215911865234e+00
5.886080741882324219e+00
5.972300529479980469e+00
5.921869754791259766e+00
5.927952766418457031e+00
5.822448730468750000e+00
5.994642734527587891e+00
5.826675415039062500e+00
5.911139488220214844e+00
5.829540729522705078e+00
5.896050453186035156e+00
5.861367225646972656e+00
5.848881721496582031e+00
5.813836097717285156e+00
5.887871742248535156e+00
5.902551174163818359e+00
5.883611679077148438e+00
6.053145408630371094e+00
5.882528781890869141e+00
5.860086441040039062e+00
5.970914840698242188e+00
6.055828571319580078e+00
5.936064243316650391e+00
5.847391128540039062e+00
5.872725486755371094e+00
6.125041961669921875e+00
5.863656044006347656e+00
5.872561931610107422e+00
5.829257488250732422e+00
6.046993732452392578e+00
5.878016948699951172e+00
6.028094768524169922e+00
5.893157005310058594e+00
5.912802696228027344e+00
5.818604469299316406e+00
5.802484512329101562e+00
5.970493316650390625e+00
5.858608245849609375e+00
5.739439010620117188e+00
5.885080337524414062e+00
5.860575199127197266e+00
5.850876331329345703e+00
5.956936836242675781e+00
6.020804405212402344e+00
5.952524185180664062e+00
5.869526863098144531e+00
5.764117240905761719e+00
5.767814636230468750e+00
5.812142848968505859e+00
6.076228618621826172e+00
5.834569931030273438e+00
5.874589443206787109e+00
5.826760292053222656e+00
5.893604755401611328e+00
5.871219158172607422e+00
5.817905426025390625e+00
5.886365413665771484e+00
5.991137027740478516e+00
5.929148197174072266e+00
5.907611370086669922e+00
5.959201335906982422e+00
5.814895153045654297e+00
5.915307998657226562e+00
5.825360298156738281e+00
5.998353481292724609e+00
5.874186038970947266e+00
5.893726348876953125e+00
5.858577251434326172e+00
5.824385643005371094e+00
5.937484264373779297e+00
5.855766296386718750e+00
5.838211536407470703e+00
5.849572181701660156e+00
5.996001243591308594e+00
5.866503715515136719e+00
5.948885917663574219e+00
5.959519386291503906e+00
5.886915206909179688e+00
5.887711048126220703e+00
5.925213813781738281e+00
5.863297462463378906e+00
5.966535091400146484e+00
5.787574768066406250e+00
5.888499736785888672e+00
5.874099731445312500e+00
5.828117370605468750e+00
6.094465255737304688e+00
5.911153316497802734e+00
5.782653808593750000e+00
5.798625469207763672e+00
5.866393566131591797e+00
5.955708026885986328e+00
5.798112392425537109e+00
5.879228591918945312e+00
5.825214385986328125e+00
5.840099334716796875e+00
5.807790756225585938e+00
6.033379077911376953e+00
5.871327400207519531e+00
5.912050724029541016e+00
5.796934127807617188e+00
6.012251377105712891e+00
5.837902069091796875e+00
5.914484024047851562e+00
5.830988883972167969e+00
5.879614830017089844e+00
5.862590789794921875e+00
5.859194755554199219e+00
5.903315067291259766e+00
