1.684461975097656250e+02
1.491290435791015625e+02
1.443801269531250000e+02
1.425570373535156250e+02
1.405866394042968750e+02
1.391557312011718750e+02
1.379003906250000000e+02
1.371494445800781250e+02
1.366287536621093750e+02
1.360436096191406250e+02
1.356427917480468750e+02
1.353890380859375000e+02
1.350631103515625000e+02
1.346890563964843750e+02
1.344785461425781250e+02
1.342674865722656250e+02
1.341837768554687500e+02
1.338889160156250000e+02
1.335539398193359375e+02
1.334662933349609375e+02
1.329973754882812500e+02
1.329258422851562500e+02
1.327056579589843750e+02
1.323773803710937500e+02
1.317973175048828125e+02
1.320423583984375000e+02
1.311323547363281250e+02
1.306606597900390625e+02
1.301090698242187500e+02
1.298205718994140625e+02
1.302754058837890625e+02
1.297315673828125000e+02
1.292159576416015625e+02
1.290536651611328125e+02
1.289249420166015625e+02
1.288548278808593750e+02
1.285449218750000000e+02
1.289179992675781250e+02
1.286078796386718750e+02
1.275293502807617188e+02
1.281102600097656250e+02
1.279422683715820312e+02
1.279802703857421875e+02
1.276293106079101562e+02
1.274555969238281250e+02
1.276011657714843750e+02
1.269099349975585938e+02
1.268078079223632812e+02
1.262670135498046875e+02
1.266336059570312500e+02
1.266282653808593750e+02
1.267918701171875000e+02
1.263721618652343750e+02
1.269072570800781250e+02
1.258311004638671875e+02
1.258877105712890625e+02
1.258377380371093750e+02
1.257073974609375000e+02
1.253869323730468750e+02
1.260303649902343750e+02
1.257002868652343750e+02
1.256345214843750000e+02
1.255331268310546875e+02
1.259177093505859375e+02
1.249875946044921875e+02
1.259234619140625000e+02
1.256488418579101562e+02
1.256014556884765625e+02
1.252063446044921875e+02
1.254705581665039062e+02
1.252102355957031250e+02
1.252389831542968750e+02
1.252344894409179688e+02
1.250258789062500000e+02
1.251881332397460938e+02
1.251014404296875000e+02
1.251261672973632812e+02
1.247140960693359375e+02
1.250649795532226562e+02
1.253244781494140625e+02
1.248911895751953125e+02
1.247607421875000000e+02
1.245067443847656250e+02
1.243476638793945312e+02
1.245154876708984375e+02
1.252701339721679688e+02
1.246860961914062500e+02
1.249139633178710938e+02
1.249237213134765625e+02
1.241879577636718750e+02
1.246046829223632812e+02
1.248461303710937500e+02
1.245457611083984375e+02
1.247308425903320312e+02
1.240961608886718750e+02
1.239746856689453125e+02
1.239666748046875000e+02
1.251956939697265625e+02
1.238926239013671875e+02
1.244668960571289062e+02
1.239248733520507812e+02
1.246836471557617188e+02
1.238940429687500000e+02
1.244957275390625000e+02
1.247184600830078125e+02
1.243938064575195312e+02
1.237503051757812500e+02
1.234159774780273438e+02
1.238281936645507812e+02
1.233558349609375000e+02
1.239690399169921875e+02
1.238164672851562500e+02
1.237464523315429688e+02
1.238435211181640625e+02
1.239217071533203125e+02
1.233887481689453125e+02
1.240227966308593750e+02
1.235683135986328125e+02
1.241545562744140625e+02
1.232224884033203125e+02
1.242345581054687500e+02
1.239379653930664062e+02
1.239401702880859375e+02
1.239800109863281250e+02
1.234172668457031250e+02
1.233689575195312500e+02
1.234092712402343750e+02
1.237090148925781250e+02
1.231012725830078125e+02
1.236162414550781250e+02
1.234736785888671875e+02
1.232631683349609375e+02
1.233884735107421875e+02
1.241510009765625000e+02
1.233673858642578125e+02
1.236102905273437500e+02
1.230658416748046875e+02
1.237956466674804688e+02
1.230616912841796875e+02
1.236033020019531250e+02
1.235617218017578125e+02
1.231260604858398438e+02
1.230458831787109375e+02
1.228793182373046875e+02
1.231445541381835938e+02
1.227433319091796875e+02
1.224851760864257812e+02
1.235509796142578125e+02
1.227561798095703125e+02
1.228547973632812500e+02
1.233958282470703125e+02
1.238271331787109375e+02
1.226783981323242188e+02
1.227456207275390625e+02
1.228875122070312500e+02
1.225000457763671875e+02
1.234226531982421875e+02
1.221984252929687500e+02
1.231253967285156250e+02
1.232081146240234375e+02
1.224576644897460938e+02
1.226961059570312500e+02
1.227489318847656250e+02
1.221585617065429688e+02
1.225035705566406250e+02
1.223848266601562500e+02
1.231485671997070312e+02
1.225077590942382812e+02
1.229532623291015625e+02
1.231238708496093750e+02
1.222596969604492188e+02
1.228429946899414062e+02
1.230786895751953125e+02
1.225805816650390625e+02
1.227741088867187500e+02
1.226703796386718750e+02
1.224945449829101562e+02
1.228759460449218750e+02
1.223956146240234375e+02
1.224049530029296875e+02
1.224817123413085938e+02
1.221813964843750000e+02
1.218556060791015625e+02
1.222360000610351562e+02
1.219313812255859375e+02
1.217140350341796875e+02
1.223625488281250000e+02
1.224876556396484375e+02
1.222261428833007812e+02
1.220043487548828125e+02
1.216260681152343750e+02
1.220793151855468750e+02
1.218757171630859375e+02
1.218797302246093750e+02
1.222017517089843750e+02
1.224308319091796875e+02
1.220146484375000000e+02
1.214369659423828125e+02
1.226167144775390625e+02
1.218873443603515625e+02
1.215147628784179688e+02
1.224964904785156250e+02
1.211498565673828125e+02
1.219481964111328125e+02
1.230615310668945312e+02
1.213711547851562500e+02
1.224583816528320312e+02
1.218127212524414062e+02
1.207386474609375000e+02
1.220994415283203125e+02
1.212908020019531250e+02
1.215354461669921875e+02
1.225932617187500000e+02
1.218592834472656250e+02
1.224156188964843750e+02
1.222196044921875000e+02
1.216195220947265625e+02
1.211181793212890625e+02
1.224410858154296875e+02
1.217593841552734375e+02
1.221440277099609375e+02
1.218574981689453125e+02
1.221212768554687500e+02
1.216194305419921875e+02
1.218294219970703125e+02
1.222655639648437500e+02
1.220552825927734375e+02
1.222364196777343750e+02
1.217661590576171875e+02
1.217582550048828125e+02
1.214909820556640625e+02
1.222436676025390625e+02
1.219716796875000000e+02
1.212589874267578125e+02
1.217242584228515625e+02
1.216420211791992188e+02
1.211032943725585938e+02
1.217292633056640625e+02
1.224236297607421875e+02
1.218287506103515625e+02
1.215050201416015625e+02
1.218859100341796875e+02
1.225564041137695312e+02
1.209803237915039062e+02
1.217008132934570312e+02
1.220480957031250000e+02
1.225647430419921875e+02
1.219560699462890625e+02
1.206123962402343750e+02
1.221688385009765625e+02
1.220418090820312500e+02
1.215767364501953125e+02
1.221756515502929688e+02
1.218947906494140625e+02
1.213482818603515625e+02
1.218070678710937500e+02
1.213547973632812500e+02
1.218737945556640625e+02
1.218070449829101562e+02
1.218305206298828125e+02
1.210336914062500000e+02
1.216163253784179688e+02
1.215316009521484375e+02
1.215410308837890625e+02
1.214513320922851562e+02
1.211861190795898438e+02
1.208936157226562500e+02
1.218496780395507812e+02
1.219914932250976562e+02
1.217743530273437500e+02
1.216306762695312500e+02
1.218061981201171875e+02
1.217139434814453125e+02
1.220590286254882812e+02
1.214602661132812500e+02
1.219682312011718750e+02
1.220073165893554688e+02
1.215436401367187500e+02
1.213727569580078125e+02
1.212206802368164062e+02
1.218041687011718750e+02
1.209701080322265625e+02
1.220306243896484375e+02
1.210885009765625000e+02
1.217173080444335938e+02
1.215337219238281250e+02
1.215091705322265625e+02
1.212223281860351562e+02
1.216608734130859375e+02
1.216274566650390625e+02
1.214011917114257812e+02
1.213146057128906250e+02
1.220783996582031250e+02
1.218419494628906250e+02
1.208045654296875000e+02
1.208277740478515625e+02
1.212797241210937500e+02
1.216617584228515625e+02
1.220026931762695312e+02
1.211503372192382812e+02
1.212305068969726562e+02
1.219429321289062500e+02
1.209692687988281250e+02
1.208288879394531250e+02
1.213963623046875000e+02
1.215915679931640625e+02
1.215323181152343750e+02
1.215818023681640625e+02
1.212637405395507812e+02
1.210323867797851562e+02
1.218707580566406250e+02
1.219647445678710938e+02
1.210480575561523438e+02
1.213628234863281250e+02
1.220526962280273438e+02
1.212663116455078125e+02
1.208088073730468750e+02
1.210634689331054688e+02
1.215781555175781250e+02
1.209514389038085938e+02
1.215475463867187500e+02
1.219836273193359375e+02
1.222975387573242188e+02
1.209995117187500000e+02
1.216709442138671875e+02
1.213935394287109375e+02
1.210913848876953125e+02
1.209977416992187500e+02
1.214601745605468750e+02
1.212004547119140625e+02
1.211287765502929688e+02
1.216381988525390625e+02
1.214937515258789062e+02
1.206800231933593750e+02
1.206665344238281250e+02
1.216377410888671875e+02
1.211485137939453125e+02
1.211803741455078125e+02
1.210522537231445312e+02
1.209388427734375000e+02
1.208278961181640625e+02
1.211194458007812500e+02
1.209222412109375000e+02
1.216194610595703125e+02
1.211837539672851562e+02
1.213686370849609375e+02
1.209996490478515625e+02
1.215025024414062500e+02
1.207942352294921875e+02
1.215964202880859375e+02
1.213453903198242188e+02
1.217321319580078125e+02
1.210022048950195312e+02
1.213783569335937500e+02
1.211599121093750000e+02
1.215297470092773438e+02
1.210672454833984375e+02
1.207311248779296875e+02
1.213853454589843750e+02
1.210325927734375000e+02
1.213930358886718750e+02
1.214537200927734375e+02
1.214201507568359375e+02
1.205352783203125000e+02
1.216189117431640625e+02
1.206405944824218750e+02
1.209905853271484375e+02
1.214955749511718750e+02
1.213617248535156250e+02
1.215626220703125000e+02
1.204521484375000000e+02
1.208109588623046875e+02
1.217700653076171875e+02
1.211472702026367188e+02
1.207765579223632812e+02
1.211036376953125000e+02
1.211788940429687500e+02
1.212800750732421875e+02
1.211128158569335938e+02
1.213797073364257812e+02
1.207338256835937500e+02
1.215733795166015625e+02
1.211816482543945312e+02
1.215535736083984375e+02
1.206268539428710938e+02
1.214904479980468750e+02
1.202539825439453125e+02
1.214401702880859375e+02
1.213235015869140625e+02
1.211319427490234375e+02
1.210509719848632812e+02
1.202612915039062500e+02
1.207063598632812500e+02
1.210878906250000000e+02
1.210826263427734375e+02
1.218412017822265625e+02
1.207436676025390625e+02
1.208450393676757812e+02
1.207802581787109375e+02
1.210743484497070312e+02
1.206195983886718750e+02
1.205819244384765625e+02
1.208605957031250000e+02
1.213827667236328125e+02
1.209356002807617188e+02
1.207346191406250000e+02
1.213429718017578125e+02
1.212080078125000000e+02
1.214622344970703125e+02
1.207986450195312500e+02
1.221673583984375000e+02
1.210904541015625000e+02
1.211863861083984375e+02
1.212860565185546875e+02
1.205734710693359375e+02
1.209262924194335938e+02
1.213506774902343750e+02
1.220934295654296875e+02
1.209261856079101562e+02
1.212425384521484375e+02
1.210663452148437500e+02
1.207404327392578125e+02
1.213890228271484375e+02
1.209275970458984375e+02
1.210928649902343750e+02
1.209510498046875000e+02
1.211580810546875000e+02
1.215154266357421875e+02
1.211994171142578125e+02
1.203139114379882812e+02
1.203897399902343750e+02
1.208498229980468750e+02
1.216114349365234375e+02
1.212991180419921875e+02
1.214837646484375000e+02
1.207465515136718750e+02
1.208826446533203125e+02
1.208137969970703125e+02
1.211368713378906250e+02
1.212242431640625000e+02
1.208565368652343750e+02
1.217195892333984375e+02
1.209931030273437500e+02
1.207900238037109375e+02
1.204986877441406250e+02
1.207873153686523438e+02
1.211482238769531250e+02
1.210456542968750000e+02
1.211164016723632812e+02
1.210100097656250000e+02
1.212272186279296875e+02
1.208472366333007812e+02
1.210415039062500000e+02
1.212398071289062500e+02
1.204606933593750000e+02
1.205846939086914062e+02
1.212611618041992188e+02
1.207240905761718750e+02
1.211266479492187500e+02
1.209246597290039062e+02
1.211130218505859375e+02
1.214445343017578125e+02
1.207778167724609375e+02
1.212469024658203125e+02
1.214020080566406250e+02
1.208855361938476562e+02
1.204465637207031250e+02
1.203116149902343750e+02
1.202547912597656250e+02
1.205805740356445312e+02
1.211120834350585938e+02
1.205375671386718750e+02
1.205719451904296875e+02
1.212566223144531250e+02
1.206762847900390625e+02
1.205959396362304688e+02
1.203806991577148438e+02
1.210234222412109375e+02
1.208495864868164062e+02
1.209618988037109375e+02
1.207610778808593750e+02
1.211202239990234375e+02
1.216032257080078125e+02
1.208804626464843750e+02
1.204352264404296875e+02
1.209027709960937500e+02
1.208571472167968750e+02
1.208541030883789062e+02
1.207985076904296875e+02
1.211223907470703125e+02
1.200756225585937500e+02
1.202022781372070312e+02
1.210547790527343750e+02
1.203547363281250000e+02
1.205871734619140625e+02
1.215480804443359375e+02
1.205176773071289062e+02
1.207565612792968750e+02
1.211339874267578125e+02
1.204550552368164062e+02
1.214580688476562500e+02
1.204728088378906250e+02
1.210817108154296875e+02
1.213893585205078125e+02
1.209154281616210938e+02
1.203214263916015625e+02
1.206465454101562500e+02
1.204969024658203125e+02
1.204910430908203125e+02
1.201058349609375000e+02
1.210873107910156250e+02
1.212120819091796875e+02
1.209218902587890625e+02
1.201766357421875000e+02
1.200631256103515625e+02
1.206227416992187500e+02
1.202758789062500000e+02
1.204269714355468750e+02
1.204425354003906250e+02
1.209463577270507812e+02
1.206586532592773438e+02
1.209660263061523438e+02
1.201885223388671875e+02
1.204465637207031250e+02
1.208829727172851562e+02
1.202755737304687500e+02
1.209049835205078125e+02
1.203509521484375000e+02
1.201820983886718750e+02
1.208572692871093750e+02
1.207502593994140625e+02
1.214564361572265625e+02
1.207483825683593750e+02
1.203686141967773438e+02
1.198563232421875000e+02
1.207222900390625000e+02
1.205095062255859375e+02
1.200443878173828125e+02
1.202280654907226562e+02
1.206303558349609375e+02
1.207811584472656250e+02
1.206995239257812500e+02
1.209007415771484375e+02
1.197673110961914062e+02
1.199491271972656250e+02
1.200940170288085938e+02
1.202109756469726562e+02
1.204629821777343750e+02
1.203400344848632812e+02
1.205602569580078125e+02
1.212367477416992188e+02
1.211841659545898438e+02
1.211491470336914062e+02
1.207371139526367188e+02
1.211240310668945312e+02
1.198990402221679688e+02
1.200516052246093750e+02
1.210618591308593750e+02
1.208934326171875000e+02
1.207283477783203125e+02
1.205119934082031250e+02
1.214866714477539062e+02
1.204740066528320312e+02
1.203895187377929688e+02
1.202624282836914062e+02
1.207045669555664062e+02
1.212666778564453125e+02
1.204655914306640625e+02
1.207106781005859375e+02
1.205464935302734375e+02
1.203570098876953125e+02
1.206909027099609375e+02
1.207377471923828125e+02
1.203405456542968750e+02
1.202096710205078125e+02
1.210117950439453125e+02
1.199450073242187500e+02
1.213067626953125000e+02
1.206342315673828125e+02
1.209868774414062500e+02
1.207836151123046875e+02
1.205418395996093750e+02
1.211694335937500000e+02
1.206450347900390625e+02
1.208148193359375000e+02
1.198708038330078125e+02
1.200373077392578125e+02
1.202743682861328125e+02
1.211039123535156250e+02
1.207985458374023438e+02
1.204618377685546875e+02
1.196704864501953125e+02
1.199952621459960938e+02
1.203562316894531250e+02
1.207242126464843750e+02
1.194861755371093750e+02
1.206994628906250000e+02
1.201000823974609375e+02
1.200767517089843750e+02
1.203830718994140625e+02
1.200587158203125000e+02
1.204752044677734375e+02
1.208620376586914062e+02
1.201119842529296875e+02
1.202056503295898438e+02
1.205088043212890625e+02
1.204814987182617188e+02
1.206797332763671875e+02
1.199554901123046875e+02
1.199762573242187500e+02
1.208152008056640625e+02
1.199096069335937500e+02
1.202892608642578125e+02
1.206412200927734375e+02
1.209584884643554688e+02
1.208537673950195312e+02
1.205738983154296875e+02
1.206927566528320312e+02
1.198563690185546875e+02
1.197044067382812500e+02
1.199806976318359375e+02
1.203270416259765625e+02
1.200476074218750000e+02
1.205971679687500000e+02
1.206591033935546875e+02
1.200865936279296875e+02
1.205551681518554688e+02
1.195299835205078125e+02
1.210444946289062500e+02
1.204301834106445312e+02
1.199728698730468750e+02
1.199772491455078125e+02
1.210168533325195312e+02
1.209497604370117188e+02
1.194701080322265625e+02
1.204034881591796875e+02
1.192702941894531250e+02
1.206294860839843750e+02
1.207108612060546875e+02
1.203726043701171875e+02
1.200754699707031250e+02
1.205774536132812500e+02
1.200818176269531250e+02
1.202716293334960938e+02
1.201885833740234375e+02
1.208807220458984375e+02
1.207261810302734375e+02
1.201495208740234375e+02
1.205725784301757812e+02
1.204774475097656250e+02
1.204022521972656250e+02
1.202372283935546875e+02
1.210753021240234375e+02
1.197322235107421875e+02
1.206251983642578125e+02
1.204887847900390625e+02
1.200432891845703125e+02
1.204202728271484375e+02
1.208401107788085938e+02
1.196415328979492188e+02
1.203200531005859375e+02
1.207570953369140625e+02
1.208890609741210938e+02
1.195396499633789062e+02
1.195415802001953125e+02
1.191755371093750000e+02
1.194140167236328125e+02
1.210719146728515625e+02
1.198985900878906250e+02
1.199331054687500000e+02
1.208604278564453125e+02
1.196797790527343750e+02
1.204789276123046875e+02
1.200179138183593750e+02
1.207385253906250000e+02
1.200213470458984375e+02
1.194733428955078125e+02
1.203535919189453125e+02
1.200042419433593750e+02
1.203964080810546875e+02
1.202480163574218750e+02
1.201643371582031250e+02
1.196342773437500000e+02
1.192130584716796875e+02
1.202528533935546875e+02
1.194255218505859375e+02
1.201879272460937500e+02
1.205538635253906250e+02
1.202485885620117188e+02
1.201533355712890625e+02
1.203332519531250000e+02
1.200173263549804688e+02
1.200781555175781250e+02
1.202485961914062500e+02
1.202452621459960938e+02
1.204732666015625000e+02
1.193616027832031250e+02
1.203751220703125000e+02
1.200894012451171875e+02
1.209416503906250000e+02
1.209168243408203125e+02
1.199329071044921875e+02
1.196571807861328125e+02
1.203070678710937500e+02
1.201449584960937500e+02
1.205653381347656250e+02
1.210135498046875000e+02
1.201510467529296875e+02
1.214211730957031250e+02
1.201399688720703125e+02
1.199760360717773438e+02
1.201657257080078125e+02
1.198973693847656250e+02
1.213399963378906250e+02
1.196655731201171875e+02
1.200547027587890625e+02
1.202825698852539062e+02
1.196644744873046875e+02
1.195503387451171875e+02
1.200376510620117188e+02
1.209637222290039062e+02
1.201439819335937500e+02
1.203369750976562500e+02
1.201206512451171875e+02
1.204922027587890625e+02
1.197919692993164062e+02
1.201054382324218750e+02
1.201279220581054688e+02
1.199951477050781250e+02
1.199504928588867188e+02
1.199801864624023438e+02
1.205608291625976562e+02
1.199133071899414062e+02
1.196044464111328125e+02
1.201346740722656250e+02
1.198298797607421875e+02
1.205516204833984375e+02
1.196233367919921875e+02
1.202097091674804688e+02
1.196126556396484375e+02
1.198495635986328125e+02
1.197374649047851562e+02
1.193779144287109375e+02
1.192584457397460938e+02
1.196778869628906250e+02
1.200655899047851562e+02
1.200504379272460938e+02
1.200663299560546875e+02
1.200109710693359375e+02
1.199015731811523438e+02
1.196966857910156250e+02
1.205362548828125000e+02
1.198254394531250000e+02
1.194009094238281250e+02
1.192613067626953125e+02
1.200317001342773438e+02
1.202555770874023438e+02
1.193875579833984375e+02
1.201677398681640625e+02
1.195336303710937500e+02
1.208697814941406250e+02
1.203899459838867188e+02
1.194083557128906250e+02
1.203567352294921875e+02
1.195869140625000000e+02
1.185445251464843750e+02
1.199094924926757812e+02
1.193995208740234375e+02
1.201651458740234375e+02
1.199958038330078125e+02
1.192108535766601562e+02
1.198462371826171875e+02
1.198594589233398438e+02
1.197468414306640625e+02
1.200049285888671875e+02
1.194547882080078125e+02
1.196311035156250000e+02
1.205262527465820312e+02
1.205941390991210938e+02
1.202381286621093750e+02
1.200570678710937500e+02
1.199365386962890625e+02
1.195427093505859375e+02
1.196470794677734375e+02
1.199251327514648438e+02
1.194558410644531250e+02
1.202344207763671875e+02
1.210617370605468750e+02
1.202855987548828125e+02
1.200865478515625000e+02
1.201510772705078125e+02
1.195590209960937500e+02
1.194773025512695312e+02
1.200753860473632812e+02
1.196069946289062500e+02
1.201366882324218750e+02
1.197967529296875000e+02
1.202033615112304688e+02
1.195732955932617188e+02
1.195831756591796875e+02
1.197029800415039062e+02
1.203981399536132812e+02
1.198661193847656250e+02
1.197621459960937500e+02
1.195879745483398438e+02
1.198464889526367188e+02
1.199884719848632812e+02
1.199944686889648438e+02
1.194435577392578125e+02
1.200994262695312500e+02
1.195029602050781250e+02
1.191650390625000000e+02
1.193114166259765625e+02
1.194505691528320312e+02
1.194942169189453125e+02
1.199421997070312500e+02
1.201053237915039062e+02
1.206421508789062500e+02
1.192001953125000000e+02
1.197653579711914062e+02
1.194412231445312500e+02
1.202550048828125000e+02
1.193707427978515625e+02
1.189916229248046875e+02
1.201002044677734375e+02
1.198185501098632812e+02
1.202193603515625000e+02
1.196269073486328125e+02
1.191099090576171875e+02
1.190719299316406250e+02
1.204156036376953125e+02
1.199877166748046875e+02
1.193277206420898438e+02
1.196800384521484375e+02
1.197545166015625000e+02
1.201353912353515625e+02
1.196298065185546875e+02
1.196259460449218750e+02
1.203747711181640625e+02
1.194532165527343750e+02
1.202030181884765625e+02
1.202365570068359375e+02
1.194535980224609375e+02
1.188728561401367188e+02
1.198142776489257812e+02
1.195134735107421875e+02
1.201972961425781250e+02
1.197632827758789062e+02
1.196340637207031250e+02
1.197189712524414062e+02
1.203915863037109375e+02
1.196652832031250000e+02
1.196235351562500000e+02
1.193579101562500000e+02
1.198729705810546875e+02
1.197953033447265625e+02
1.198632202148437500e+02
1.196374893188476562e+02
1.199737548828125000e+02
1.205198287963867188e+02
1.189806976318359375e+02
1.192894134521484375e+02
1.193007202148437500e+02
1.193021545410156250e+02
1.195248718261718750e+02
1.199509735107421875e+02
1.186014709472656250e+02
1.195074005126953125e+02
1.193459320068359375e+02
1.196335906982421875e+02
1.196854248046875000e+02
1.190392837524414062e+02
1.198182067871093750e+02
1.199961700439453125e+02
1.199998550415039062e+02
1.199735946655273438e+02
1.191936187744140625e+02
1.193030853271484375e+02
1.205145492553710938e+02
1.202072525024414062e+02
1.197733306884765625e+02
1.194508743286132812e+02
1.198392944335937500e+02
1.196442718505859375e+02
1.198039245605468750e+02
1.195190124511718750e+02
1.189052505493164062e+02
1.198136672973632812e+02
1.186827545166015625e+02
1.194676208496093750e+02
1.190332794189453125e+02
1.195029602050781250e+02
1.195249786376953125e+02
1.195399398803710938e+02
1.194611358642578125e+02
1.195694732666015625e+02
1.195175323486328125e+02
1.196976547241210938e+02
1.188392944335937500e+02
1.195163574218750000e+02
1.198421173095703125e+02
1.199981384277343750e+02
1.197103729248046875e+02
1.199553604125976562e+02
1.191920623779296875e+02
1.191519699096679688e+02
1.193477020263671875e+02
1.199655914306640625e+02
1.191206207275390625e+02
1.192588348388671875e+02
1.206070556640625000e+02
1.190189285278320312e+02
1.205053253173828125e+02
1.193542404174804688e+02
1.196173400878906250e+02
1.184895629882812500e+02
1.200996704101562500e+02
1.194862976074218750e+02
1.191624221801757812e+02
1.199332504272460938e+02
1.197314910888671875e+02
1.194469680786132812e+02
1.193737716674804688e+02
1.192492828369140625e+02
1.199444427490234375e+02
1.192471389770507812e+02
1.196036758422851562e+02
1.191973266601562500e+02
1.195076446533203125e+02
1.197194595336914062e+02
1.192711410522460938e+02
1.203545837402343750e+02
1.201703491210937500e+02
1.198661804199218750e+02
1.193440780639648438e+02
1.199150695800781250e+02
1.196542587280273438e+02
1.198003082275390625e+02
1.194030303955078125e+02
1.200476379394531250e+02
1.191564559936523438e+02
1.199341430664062500e+02
1.192548522949218750e+02
1.186566009521484375e+02
1.193739471435546875e+02
1.199491882324218750e+02
1.192350769042968750e+02
1.200209503173828125e+02
1.189467773437500000e+02
1.207100982666015625e+02
1.196570892333984375e+02
1.187443542480468750e+02
1.190494537353515625e+02
1.196952667236328125e+02
1.189014129638671875e+02
1.199967117309570312e+02
1.192113647460937500e+02
1.191901855468750000e+02
1.195414199829101562e+02
1.197524871826171875e+02
1.191392211914062500e+02
1.200863647460937500e+02
1.193935394287109375e+02
1.191109237670898438e+02
1.190352630615234375e+02
1.205395584106445312e+02
1.196163635253906250e+02
1.187887573242187500e+02
1.196917266845703125e+02
1.203891754150390625e+02
