6.839960575103759766e+00
6.714318752288818359e+00
6.629947185516357422e+00
6.550252914428710938e+00
6.491862773895263672e+00
6.528343677520751953e+00
6.356834411621093750e+00
6.361994266510009766e+00
6.322123527526855469e+00
6.260496139526367188e+00
6.199132442474365234e+00
6.145038127899169922e+00
6.202657222747802734e+00
6.173876762390136719e+00
6.179780960083007812e+00
6.083823680877685547e+00
6.139368057250976562e+00
6.093300819396972656e+00
6.386249065399169922e+00
6.121634006500244141e+00
6.502556324005126953e+00
6.104061126708984375e+00
6.085163593292236328e+00
6.170677185058593750e+00
6.116391181945800781e+00
6.195267677307128906e+00
6.026429176330566406e+00
6.097869873046875000e+00
6.279379844665527344e+00
5.984523296356201172e+00
5.984330177307128906e+00
5.933313846588134766e+00
6.058794021606445312e+00
5.961112976074218750e+00
6.102186203002929688e+00
6.000755310058593750e+00
6.083494663238525391e+00
6.011145114898681641e+00
6.010712623596191406e+00
5.956829071044921875e+00
5.945923328399658203e+00
5.955440044403076172e+00
6.047224044799804688e+00
6.016932487487792969e+00
5.911345481872558594e+00
5.954828262329101562e+00
5.890414237976074219e+00
5.893013477325439453e+00
6.079453468322753906e+00
5.870003700256347656e+00
5.933252811431884766e+00
5.982783794403076172e+00
5.875047206878662109e+00
5.958421707153320312e+00
5.997782707214355469e+00
5.993848323822021484e+00
5.952119350433349609e+00
5.950224399566650391e+00
6.014232635498046875e+00
5.891471862792968750e+00
5.984454154968261719e+00
5.834554672241210938e+00
5.914117336273193359e+00
5.999504089355468750e+00
6.008975982666015625e+00
5.840371131896972656e+00
5.930188179016113281e+00
5.823519706726074219e+00
5.813809394836425781e+00
6.224965095520019531e+00
5.872846126556396484e+00
6.107253074645996094e+00
6.054022789001464844e+00
5.969500064849853516e+00
5.938217639923095703e+00
5.912509441375732422e+00
5.974950313568115234e+00
6.158837795257568359e+00
5.832125663757324219e+00
5.986597061157226562e+00
5.805344104766845703e+00
5.853751659393310547e+00
5.850094795227050781e+00
5.876044750213623047e+00
6.070606708526611328e+00
5.926044940948486328e+00
5.879635810852050781e+00
5.832850456237792969e+00
6.003071308135986328e+00
5.933045864105224609e+00
5.945210456848144531e+00
5.914822101593017578e+00
6.063965320587158203e+00
6.082599639892578125e+00
6.013850212097167969e+00
6.015464782714843750e+00
5.954984188079833984e+00
5.868971824645996094e+00
5.828108310699462891e+00
5.892937183380126953e+00
5.899249553680419922e+00
5.783109188079833984e+00
5.941153526306152344e+00
5.935923576354980469e+00
5.985522747039794922e+00
5.823396682739257812e+00
5.830968856811523438e+00
5.800265312194824219e+00
5.965394020080566406e+00
5.831888198852539062e+00
5.794368267059326172e+00
5.855697154998779297e+00
5.764889240264892578e+00
5.815424442291259766e+00
5.816181182861328125e+00
5.784457683563232422e+00
5.919826030731201172e+00
5.803304672241210938e+00
5.879954814910888672e+00
5.869316101074218750e+00
5.898526191711425781e+00
6.021748542785644531e+00
6.183078765869140625e+00
5.746101379394531250e+00
5.945924758911132812e+00
5.981029033660888672e+00
5.869256496429443359e+00
5.863109588623046875e+00
5.866798877716064453e+00
5.912231445312500000e+00
5.947252273559570312e+00
5.801381587982177734e+00
5.832445144653320312e+00
5.753420352935791016e+00
6.155826091766357422e+00
5.894824981689453125e+00
5.830587387084960938e+00
5.888873100280761719e+00
5.714606285095214844e+00
5.804470062255859375e+00
5.933794975280761719e+00
5.861566543579101562e+00
5.858174800872802734e+00
5.821558475494384766e+00
5.919740200042724609e+00
5.751398086547851562e+00
5.774054050445556641e+00
5.885704040527343750e+00
5.827949523925781250e+00
6.025256633758544922e+00
5.750329494476318359e+00
5.771861553192138672e+00
5.949461460113525391e+00
5.823364257812500000e+00
5.796008586883544922e+00
5.831358909606933594e+00
5.869409561157226562e+00
5.952211380004882812e+00
5.758712768554687500e+00
5.806970596313476562e+00
5.817278385162353516e+00
5.828648090362548828e+00
5.796696662902832031e+00
6.034245491027832031e+00
5.797071933746337891e+00
5.870075702667236328e+00
5.779101371765136719e+00
5.787735462188720703e+00
5.868843555450439453e+00
5.720913410186767578e+00
5.967179775238037109e+00
6.081850528717041016e+00
5.855321884155273438e+00
5.768758296966552734e+00
5.953143596649169922e+00
5.729166984558105469e+00
5.931091308593750000e+00
5.880948066711425781e+00
5.854333400726318359e+00
5.888164997100830078e+00
5.733890533447265625e+00
5.837461948394775391e+00
5.756926059722900391e+00
5.973397254943847656e+00
6.014089107513427734e+00
5.792648792266845703e+00
5.715740680694580078e+00
5.787797451019287109e+00
5.752536773681640625e+00
5.953252792358398438e+00
5.847877502441406250e+00
5.828805446624755859e+00
5.781144142150878906e+00
5.753563880920410156e+00
5.802616119384765625e+00
5.722237110137939453e+00
5.979272842407226562e+00
5.769242286682128906e+00
5.788831710815429688e+00
5.803997993469238281e+00
5.845324516296386719e+00
5.759074687957763672e+00
5.766367435455322266e+00
5.810416698455810547e+00
5.833782672882080078e+00
5.771457195281982422e+00
5.769076347351074219e+00
5.684466838836669922e+00
5.752718925476074219e+00
5.847814083099365234e+00
5.702261447906494141e+00
5.789462089538574219e+00
5.788593292236328125e+00
5.876761436462402344e+00
5.904433250427246094e+00
5.773555755615234375e+00
5.898941993713378906e+00
5.781887054443359375e+00
5.920524597167968750e+00
5.730477809906005859e+00
5.723200321197509766e+00
5.807276248931884766e+00
5.826279640197753906e+00
5.862035751342773438e+00
5.854360103607177734e+00
5.825342655181884766e+00
5.778702259063720703e+00
5.759634971618652344e+00
5.807465076446533203e+00
5.751473903656005859e+00
5.719870567321777344e+00
5.736682415008544922e+00
5.867051124572753906e+00
5.883408546447753906e+00
5.736832141876220703e+00
5.765177726745605469e+00
5.717929840087890625e+00
5.779572963714599609e+00
5.870875358581542969e+00
5.926129341125488281e+00
5.735791683197021484e+00
5.894479751586914062e+00
5.802121639251708984e+00
5.777856349945068359e+00
5.673802375793457031e+00
5.785039901733398438e+00
5.694991111755371094e+00
5.702725410461425781e+00
5.746829986572265625e+00
5.703281402587890625e+00
5.672594070434570312e+00
5.789289474487304688e+00
5.686622619628906250e+00
5.731521606445312500e+00
5.729041576385498047e+00
5.924091815948486328e+00
5.752574443817138672e+00
5.769204139709472656e+00
5.734380722045898438e+00
5.857845783233642578e+00
5.918452262878417969e+00
5.823004245758056641e+00
5.800967693328857422e+00
5.705282211303710938e+00
5.699439525604248047e+00
5.712232589721679688e+00
5.714886188507080078e+00
5.713342666625976562e+00
5.721700668334960938e+00
5.706780433654785156e+00
5.883234500885009766e+00
5.741187572479248047e+00
5.726346015930175781e+00
5.848084449768066406e+00
5.787963390350341797e+00
5.776829242706298828e+00
5.748084545135498047e+00
5.901564598083496094e+00
5.918616294860839844e+00
5.892176628112792969e+00
5.785720348358154297e+00
5.752815246582031250e+00
5.903972148895263672e+00
5.727700710296630859e+00
5.806843280792236328e+00
5.760248661041259766e+00
5.914238452911376953e+00
5.682058334350585938e+00
5.763407707214355469e+00
5.731732368469238281e+00
5.730244636535644531e+00
5.774358749389648438e+00
5.670611381530761719e+00
5.789895534515380859e+00
5.675958633422851562e+00
5.727452754974365234e+00
5.640703201293945312e+00
5.715902328491210938e+00
5.764816284179687500e+00
5.697260379791259766e+00
5.818422317504882812e+00
5.814379692077636719e+00
5.685768127441406250e+00
5.753331184387207031e+00
5.798236846923828125e+00
5.701142311096191406e+00
5.832257270812988281e+00
5.737337112426757812e+00
5.767347335815429688e+00
5.829357624053955078e+00
5.713268756866455078e+00
5.759498596191406250e+00
5.715089321136474609e+00
5.800793170928955078e+00
5.780835151672363281e+00
5.779963016510009766e+00
5.722202301025390625e+00
5.803555011749267578e+00
5.655219078063964844e+00
5.823666095733642578e+00
5.779435634613037109e+00
5.684669017791748047e+00
5.762606143951416016e+00
5.695147514343261719e+00
5.876368045806884766e+00
5.669721603393554688e+00
5.818046569824218750e+00
5.841233730316162109e+00
5.824455738067626953e+00
5.679601669311523438e+00
5.667023181915283203e+00
5.672498703002929688e+00
6.124766826629638672e+00
5.795855522155761719e+00
5.740663528442382812e+00
5.707827568054199219e+00
5.911431789398193359e+00
5.705484390258789062e+00
5.711326599121093750e+00
5.689360141754150391e+00
5.705260276794433594e+00
5.717248916625976562e+00
5.806406974792480469e+00
5.821876049041748047e+00
5.881080150604248047e+00
5.767203330993652344e+00
5.714004993438720703e+00
5.877276897430419922e+00
5.813349723815917969e+00
5.695449829101562500e+00
5.736339092254638672e+00
5.919905662536621094e+00
5.716040134429931641e+00
5.841875076293945312e+00
5.692730903625488281e+00
5.667334079742431641e+00
5.693063259124755859e+00
5.752370357513427734e+00
5.704243183135986328e+00
5.911613464355468750e+00
5.694865226745605469e+00
5.659744262695312500e+00
5.767503738403320312e+00
5.693212509155273438e+00
5.811720371246337891e+00
5.719164848327636719e+00
5.690775394439697266e+00
5.638148307800292969e+00
5.719069004058837891e+00
5.605207443237304688e+00
5.725233078002929688e+00
5.777102470397949219e+00
5.836883068084716797e+00
5.709394454956054688e+00
5.745112419128417969e+00
5.746688365936279297e+00
5.671599388122558594e+00
5.698742389678955078e+00
5.733494281768798828e+00
5.670228004455566406e+00
5.877338409423828125e+00
5.628606796264648438e+00
5.672389030456542969e+00
5.873121261596679688e+00
5.690980911254882812e+00
5.692187309265136719e+00
5.773234367370605469e+00
5.709492683410644531e+00
5.651162624359130859e+00
5.691071510314941406e+00
5.759679317474365234e+00
5.705739974975585938e+00
5.649027824401855469e+00
6.065140247344970703e+00
5.777661800384521484e+00
5.716090202331542969e+00
5.639793872833251953e+00
5.735882759094238281e+00
5.752099990844726562e+00
5.680004596710205078e+00
5.704679489135742188e+00
5.759564876556396484e+00
5.782470703125000000e+00
5.860513687133789062e+00
5.687386035919189453e+00
5.726851940155029297e+00
5.793443679809570312e+00
5.642820358276367188e+00
5.773964405059814453e+00
5.630658149719238281e+00
5.622253894805908203e+00
5.670537471771240234e+00
5.650398254394531250e+00
5.803268432617187500e+00
5.680111885070800781e+00
5.862925529479980469e+00
5.664391040802001953e+00
5.797432422637939453e+00
5.795228481292724609e+00
5.638901710510253906e+00
5.656708717346191406e+00
5.693690299987792969e+00
5.725958824157714844e+00
5.647699356079101562e+00
5.768464565277099609e+00
5.734154701232910156e+00
5.688059806823730469e+00
5.735649108886718750e+00
5.698320388793945312e+00
5.596544742584228516e+00
5.772783279418945312e+00
5.647106647491455078e+00
5.976171493530273438e+00
5.690955162048339844e+00
5.681244850158691406e+00
5.649450778961181641e+00
5.666703224182128906e+00
5.664410591125488281e+00
5.692883491516113281e+00
5.631604194641113281e+00
5.703387737274169922e+00
5.663932800292968750e+00
5.778676033020019531e+00
5.576657295227050781e+00
5.721531867980957031e+00
5.706575870513916016e+00
5.622745513916015625e+00
5.659698009490966797e+00
5.597481250762939453e+00
5.694595336914062500e+00
5.630311489105224609e+00
5.966511726379394531e+00
5.693056106567382812e+00
5.747801780700683594e+00
5.784189224243164062e+00
5.921019554138183594e+00
5.799448013305664062e+00
5.729994773864746094e+00
5.642441749572753906e+00
5.695295333862304688e+00
5.676290988922119141e+00
5.742307662963867188e+00
5.867166996002197266e+00
5.693650245666503906e+00
5.644157409667968750e+00
5.761096954345703125e+00
5.771072387695312500e+00
5.883629322052001953e+00
5.671401023864746094e+00
5.865340232849121094e+00
5.722208023071289062e+00
5.667572498321533203e+00
5.671202659606933594e+00
5.672424316406250000e+00
5.726380348205566406e+00
5.656857013702392578e+00
5.782583236694335938e+00
5.697002887725830078e+00
5.920722007751464844e+00
5.743902683258056641e+00
5.697081565856933594e+00
5.696315765380859375e+00
5.644309043884277344e+00
5.683857917785644531e+00
5.632135868072509766e+00
5.717867851257324219e+00
5.809899330139160156e+00
5.675869941711425781e+00
5.753126144409179688e+00
5.804226398468017578e+00
5.795596599578857422e+00
5.811798572540283203e+00
5.728777885437011719e+00
5.672542572021484375e+00
5.809774398803710938e+00
5.735669612884521484e+00
5.754306316375732422e+00
5.747924327850341797e+00
5.705776691436767578e+00
5.709204673767089844e+00
5.712316989898681641e+00
6.029347419738769531e+00
5.655523777008056641e+00
5.751270771026611328e+00
5.759095668792724609e+00
5.716009140014648438e+00
5.680803298950195312e+00
5.758358001708984375e+00
5.767384529113769531e+00
5.669323444366455078e+00
5.873665809631347656e+00
5.745657920837402344e+00
5.669980525970458984e+00
5.686610221862792969e+00
5.727588653564453125e+00
5.651594638824462891e+00
5.684834480285644531e+00
5.658590316772460938e+00
5.696434974670410156e+00
5.681953430175781250e+00
5.832837104797363281e+00
5.682172298431396484e+00
5.783845901489257812e+00
5.876494884490966797e+00
5.576240062713623047e+00
5.746932029724121094e+00
5.677918434143066406e+00
5.623373985290527344e+00
5.610177993774414062e+00
5.684371948242187500e+00
5.726637840270996094e+00
5.661154747009277344e+00
5.686197757720947266e+00
5.782927989959716797e+00
5.667889595031738281e+00
5.660147666931152344e+00
5.648651123046875000e+00
5.763181209564208984e+00
5.680408477783203125e+00
5.664672851562500000e+00
5.830835342407226562e+00
5.666711807250976562e+00
5.656847476959228516e+00
5.809347152709960938e+00
5.697310447692871094e+00
5.722026348114013672e+00
5.603817939758300781e+00
5.782445907592773438e+00
5.919794559478759766e+00
5.679661273956298828e+00
5.616354942321777344e+00
5.804521560668945312e+00
5.686611652374267578e+00
5.590156555175781250e+00
5.642037391662597656e+00
5.715797901153564453e+00
5.660339355468750000e+00
5.707214355468750000e+00
5.649419307708740234e+00
5.698076725006103516e+00
5.652029991149902344e+00
5.714332580566406250e+00
5.809023857116699219e+00
5.660241127014160156e+00
5.625211715698242188e+00
5.789199352264404297e+00
5.628046035766601562e+00
5.740396499633789062e+00
5.740526676177978516e+00
5.699197769165039062e+00
5.647465229034423828e+00
5.845028877258300781e+00
5.748573303222656250e+00
5.662020683288574219e+00
5.733053684234619141e+00
5.745272636413574219e+00
5.657603263854980469e+00
5.740787029266357422e+00
5.747882843017578125e+00
5.637805938720703125e+00
5.677446365356445312e+00
5.727620124816894531e+00
5.679693222045898438e+00
5.649858474731445312e+00
5.731175899505615234e+00
5.776302814483642578e+00
5.809930324554443359e+00
5.589717388153076172e+00
5.890909194946289062e+00
5.665628433227539062e+00
5.986637592315673828e+00
5.653898239135742188e+00
5.710848331451416016e+00
5.664723396301269531e+00
5.705126762390136719e+00
5.954951286315917969e+00
5.698676586151123047e+00
5.731918811798095703e+00
5.606387138366699219e+00
5.720862388610839844e+00
5.688929557800292969e+00
5.840498447418212891e+00
5.642158031463623047e+00
5.698051452636718750e+00
5.822329044342041016e+00
5.750542640686035156e+00
5.627926349639892578e+00
5.803308010101318359e+00
5.779425144195556641e+00
5.679386138916015625e+00
5.641308307647705078e+00
5.556837081909179688e+00
5.660967826843261719e+00
5.647363185882568359e+00
5.628786087036132812e+00
5.652991294860839844e+00
5.632102966308593750e+00
5.639707565307617188e+00
5.737111091613769531e+00
5.727124214172363281e+00
5.631469726562500000e+00
5.675315856933593750e+00
5.729066371917724609e+00
5.748511314392089844e+00
5.749725341796875000e+00
5.664625167846679688e+00
5.760409355163574219e+00
5.864561557769775391e+00
5.730658531188964844e+00
5.660257816314697266e+00
5.653608322143554688e+00
5.669757843017578125e+00
5.862531661987304688e+00
5.649778842926025391e+00
5.684322357177734375e+00
5.626389026641845703e+00
5.585194587707519531e+00
5.641417503356933594e+00
5.692998886108398438e+00
5.692657947540283203e+00
5.714421749114990234e+00
5.679692268371582031e+00
5.699440479278564453e+00
5.742860794067382812e+00
5.728327274322509766e+00
5.686305046081542969e+00
5.665815353393554688e+00
5.764947891235351562e+00
5.628297328948974609e+00
5.657084941864013672e+00
5.677659034729003906e+00
5.773894786834716797e+00
5.613261222839355469e+00
5.807084083557128906e+00
5.877923965454101562e+00
5.701869964599609375e+00
5.636366844177246094e+00
5.627367019653320312e+00
5.690839767456054688e+00
5.603361129760742188e+00
5.633132934570312500e+00
5.718903541564941406e+00
5.646906375885009766e+00
5.716960906982421875e+00
5.684290885925292969e+00
5.753658771514892578e+00
5.694307327270507812e+00
5.618994235992431641e+00
5.670754909515380859e+00
5.664461612701416016e+00
5.724608421325683594e+00
5.661461353302001953e+00
5.694999694824218750e+00
5.879765987396240234e+00
5.669726371765136719e+00
5.635239601135253906e+00
5.709919929504394531e+00
5.782611370086669922e+00
5.715632915496826172e+00
5.625506877899169922e+00
5.789694309234619141e+00
5.613452911376953125e+00
5.639454364776611328e+00
5.637079238891601562e+00
5.764826774597167969e+00
5.571592807769775391e+00
5.674028396606445312e+00
5.711430072784423828e+00
5.703547954559326172e+00
5.660869598388671875e+00
5.730660915374755859e+00
5.766303539276123047e+00
5.658092498779296875e+00
5.624122619628906250e+00
5.868810653686523438e+00
5.695428371429443359e+00
5.701641082763671875e+00
5.923337459564208984e+00
5.735704421997070312e+00
5.696359157562255859e+00
5.622617721557617188e+00
5.614284038543701172e+00
5.638886451721191406e+00
5.639278888702392578e+00
5.775981426239013672e+00
5.639359474182128906e+00
5.717419624328613281e+00
5.633449554443359375e+00
5.693850994110107422e+00
5.648028850555419922e+00
5.652435302734375000e+00
5.810592651367187500e+00
5.718695163726806641e+00
5.758048057556152344e+00
5.621468544006347656e+00
5.679978370666503906e+00
5.610254764556884766e+00
5.644195079803466797e+00
5.641134262084960938e+00
5.603017807006835938e+00
5.746451377868652344e+00
5.646441936492919922e+00
5.658022880554199219e+00
5.578685760498046875e+00
5.604986190795898438e+00
5.700937271118164062e+00
5.612440109252929688e+00
5.646723270416259766e+00
5.690877914428710938e+00
5.600209236145019531e+00
5.587666988372802734e+00
5.650386810302734375e+00
5.648037910461425781e+00
5.715282440185546875e+00
5.560207366943359375e+00
5.555198192596435547e+00
5.645880699157714844e+00
5.651368141174316406e+00
5.784626483917236328e+00
5.776589393615722656e+00
5.934004783630371094e+00
5.627565860748291016e+00
5.662278652191162109e+00
5.729340553283691406e+00
5.679832458496093750e+00
5.615868568420410156e+00
5.662932872772216797e+00
5.671793460845947266e+00
5.684367656707763672e+00
5.665427207946777344e+00
5.598952293395996094e+00
5.599850177764892578e+00
5.692132949829101562e+00
5.672539234161376953e+00
5.720345497131347656e+00
5.862020492553710938e+00
5.573251724243164062e+00
5.659351825714111328e+00
5.635274410247802734e+00
5.637675285339355469e+00
5.892512321472167969e+00
5.884715557098388672e+00
5.741123199462890625e+00
5.660639286041259766e+00
5.682694435119628906e+00
5.624719142913818359e+00
5.699814796447753906e+00
5.670425891876220703e+00
5.700787544250488281e+00
5.651207923889160156e+00
5.786486625671386719e+00
5.664621829986572266e+00
5.687948226928710938e+00
5.665444374084472656e+00
5.740912914276123047e+00
5.612788200378417969e+00
5.614626884460449219e+00
5.659760475158691406e+00
5.701228141784667969e+00
5.750387668609619141e+00
5.741610050201416016e+00
5.735181331634521484e+00
5.670860767364501953e+00
5.617373466491699219e+00
5.748588562011718750e+00
5.832398414611816406e+00
5.659534931182861328e+00
5.720997810363769531e+00
5.787343978881835938e+00
5.666563034057617188e+00
5.774724960327148438e+00
5.597672462463378906e+00
5.607794284820556641e+00
5.771112442016601562e+00
5.695490360260009766e+00
5.569309234619140625e+00
5.729229927062988281e+00
5.571699619293212891e+00
5.613716125488281250e+00
5.779812335968017578e+00
5.665235996246337891e+00
5.576551437377929688e+00
5.794682502746582031e+00
5.718760013580322266e+00
5.594862937927246094e+00
5.670053005218505859e+00
5.685489177703857422e+00
6.007125377655029297e+00
5.722038269042968750e+00
5.697100162506103516e+00
5.732332706451416016e+00
5.834957599639892578e+00
5.603002548217773438e+00
5.789837360382080078e+00
5.638037681579589844e+00
5.610476493835449219e+00
5.680737495422363281e+00
5.648398399353027344e+00
5.620020866394042969e+00
5.832907199859619141e+00
5.667955875396728516e+00
5.725172042846679688e+00
5.648383140563964844e+00
5.661514282226562500e+00
5.692170143127441406e+00
5.583117008209228516e+00
5.836154460906982422e+00
5.632686138153076172e+00
5.805956840515136719e+00
5.634509563446044922e+00
5.636574268341064453e+00
5.622044086456298828e+00
5.625202178955078125e+00
5.737500667572021484e+00
5.662373542785644531e+00
5.694265365600585938e+00
5.541597843170166016e+00
5.624277591705322266e+00
5.685953140258789062e+00
5.557412624359130859e+00
5.612182617187500000e+00
5.766400337219238281e+00
5.666520595550537109e+00
5.770967960357666016e+00
5.715837955474853516e+00
6.148019313812255859e+00
5.628145217895507812e+00
5.740485191345214844e+00
5.676430225372314453e+00
5.733304023742675781e+00
5.674989700317382812e+00
5.612825393676757812e+00
5.686897277832031250e+00
5.660935401916503906e+00
5.661859512329101562e+00
5.709825992584228516e+00
5.742476940155029297e+00
5.615539073944091797e+00
5.647578716278076172e+00
5.698039054870605469e+00
5.585556030273437500e+00
5.686147689819335938e+00
5.693312168121337891e+00
5.684165954589843750e+00
5.608064174652099609e+00
5.686981678009033203e+00
5.645423889160156250e+00
5.629176139831542969e+00
5.653601646423339844e+00
5.686447143554687500e+00
5.646342277526855469e+00
5.680092334747314453e+00
5.711899757385253906e+00
5.651476383209228516e+00
5.608354568481445312e+00
5.634197235107421875e+00
5.673190116882324219e+00
5.606639862060546875e+00
5.641772270202636719e+00
5.614777088165283203e+00
5.606842994689941406e+00
5.670161724090576172e+00
5.644149780273437500e+00
5.824013233184814453e+00
5.617238044738769531e+00
5.712702751159667969e+00
5.689120769500732422e+00
5.696016311645507812e+00
5.826602935791015625e+00
5.576608657836914062e+00
5.744931221008300781e+00
5.599894046783447266e+00
5.610955715179443359e+00
5.578906059265136719e+00
5.604895591735839844e+00
5.666727066040039062e+00
5.759663581848144531e+00
5.591376304626464844e+00
5.586444854736328125e+00
5.618206977844238281e+00
5.599727153778076172e+00
5.786466121673583984e+00
5.706171989440917969e+00
5.588737964630126953e+00
5.616190433502197266e+00
5.703518390655517578e+00
5.596728324890136719e+00
5.709060668945312500e+00
5.608289718627929688e+00
5.601353645324707031e+00
5.696283817291259766e+00
5.711010932922363281e+00
5.601461410522460938e+00
5.574415206909179688e+00
5.724381923675537109e+00
5.702002048492431641e+00
5.686584472656250000e+00
5.814990043640136719e+00
5.582218647003173828e+00
5.655717372894287109e+00
5.686336517333984375e+00
5.653749465942382812e+00
5.608957290649414062e+00
5.647238254547119141e+00
5.681626319885253906e+00
5.957351207733154297e+00
5.606406688690185547e+00
5.606786727905273438e+00
5.883342742919921875e+00
5.642788887023925781e+00
5.790363311767578125e+00
5.811957359313964844e+00
5.646999359130859375e+00
5.650316715240478516e+00
5.596416473388671875e+00
5.649126052856445312e+00
5.654085159301757812e+00
5.803379058837890625e+00
5.900002479553222656e+00
5.621728897094726562e+00
5.674335002899169922e+00
5.761058807373046875e+00
5.777459621429443359e+00
5.744456291198730469e+00
5.741172313690185547e+00
5.690468788146972656e+00
5.662399768829345703e+00
5.607178211212158203e+00
5.775796890258789062e+00
5.633790969848632812e+00
5.785243988037109375e+00
5.674246788024902344e+00
5.579577445983886719e+00
5.636735439300537109e+00
5.669845581054687500e+00
5.679517745971679688e+00
5.721579074859619141e+00
5.574974060058593750e+00
5.823534011840820312e+00
5.670023441314697266e+00
5.638244628906250000e+00
5.749250888824462891e+00
5.633089065551757812e+00
5.714314460754394531e+00
5.740531921386718750e+00
5.675267219543457031e+00
5.727494239807128906e+00
5.670399665832519531e+00
5.602145195007324219e+00
5.662214279174804688e+00
