6.839700698852539062e+00
6.595183372497558594e+00
6.428366184234619141e+00
6.471354484558105469e+00
6.277905464172363281e+00
6.236283302307128906e+00
6.125512599945068359e+00
6.151871681213378906e+00
6.074012756347656250e+00
6.075254440307617188e+00
6.130389213562011719e+00
6.083575248718261719e+00
6.240023612976074219e+00
6.051266670227050781e+00
6.092182636260986328e+00
6.041984081268310547e+00
5.915828704833984375e+00
6.241168022155761719e+00
6.019891738891601562e+00
5.962016105651855469e+00
6.027929306030273438e+00
5.983565330505371094e+00
6.060078620910644531e+00
5.923965454101562500e+00
5.881835460662841797e+00
5.920354366302490234e+00
5.908932685852050781e+00
5.873782157897949219e+00
5.822039604187011719e+00
5.900270938873291016e+00
5.995578765869140625e+00
6.017329216003417969e+00
5.958652019500732422e+00
5.904452323913574219e+00
5.915375232696533203e+00
5.853697299957275391e+00
5.970808506011962891e+00
5.825366497039794922e+00
5.932089805603027344e+00
5.792276382446289062e+00
5.741498947143554688e+00
5.901342391967773438e+00
5.825785160064697266e+00
5.749858856201171875e+00
6.094896316528320312e+00
6.002042293548583984e+00
5.871602535247802734e+00
5.802641391754150391e+00
5.866576671600341797e+00
5.846787929534912109e+00
5.965953350067138672e+00
5.864791870117187500e+00
5.886100769042968750e+00
5.769805908203125000e+00
5.807837009429931641e+00
5.689144611358642578e+00
6.060467720031738281e+00
5.845808982849121094e+00
5.917146682739257812e+00
5.751091003417968750e+00
5.801487445831298828e+00
5.726517677307128906e+00
5.840369701385498047e+00
5.842951774597167969e+00
5.740922451019287109e+00
5.837492465972900391e+00
5.775685310363769531e+00
5.823538780212402344e+00
5.693908691406250000e+00
5.756222724914550781e+00
5.791542053222656250e+00
5.740634918212890625e+00
5.692055702209472656e+00
5.742186546325683594e+00
5.885978221893310547e+00
5.851849555969238281e+00
5.766664981842041016e+00
5.710933685302734375e+00
5.814424037933349609e+00
5.721668720245361328e+00
5.725701332092285156e+00
5.765384674072265625e+00
5.696712970733642578e+00
5.760560989379882812e+00
5.868791103363037109e+00
5.779842376708984375e+00
5.786922454833984375e+00
5.838343143463134766e+00
5.777478694915771484e+00
5.804708957672119141e+00
5.873434066772460938e+00
5.758263111114501953e+00
5.727753162384033203e+00
5.732915401458740234e+00
5.705715179443359375e+00
5.712478637695312500e+00
5.824464797973632812e+00
5.731465339660644531e+00
5.773951530456542969e+00
5.677991867065429688e+00
5.915984153747558594e+00
5.761950969696044922e+00
5.755271434783935547e+00
5.717072010040283203e+00
5.737833023071289062e+00
5.626951217651367188e+00
5.643537521362304688e+00
5.706220626831054688e+00
5.653591156005859375e+00
5.805381774902343750e+00
5.794834136962890625e+00
5.716412544250488281e+00
5.930713653564453125e+00
5.879135131835937500e+00
5.718106269836425781e+00
5.888212203979492188e+00
5.686984062194824219e+00
5.705278396606445312e+00
5.706286430358886719e+00
5.832712173461914062e+00
5.783813476562500000e+00
5.894186019897460938e+00
5.804421424865722656e+00
5.730819225311279297e+00
5.959901332855224609e+00
5.951911449432373047e+00
5.738483428955078125e+00
5.674986362457275391e+00
5.759643554687500000e+00
5.790893554687500000e+00
5.696848392486572266e+00
5.747473239898681641e+00
5.675260543823242188e+00
5.667787075042724609e+00
5.654105186462402344e+00
5.801888942718505859e+00
5.828221321105957031e+00
5.818280696868896484e+00
5.727990150451660156e+00
5.836133003234863281e+00
5.772346973419189453e+00
5.705606937408447266e+00
5.619475364685058594e+00
5.645199775695800781e+00
5.709055900573730469e+00
5.915424346923828125e+00
5.722450256347656250e+00
5.743046760559082031e+00
5.713668346405029297e+00
5.744402408599853516e+00
5.726280212402343750e+00
5.732236862182617188e+00
5.742166519165039062e+00
5.635147094726562500e+00
5.828301429748535156e+00
5.770802497863769531e+00
5.849191665649414062e+00
5.608778953552246094e+00
5.670583724975585938e+00
5.586987972259521484e+00
5.666803359985351562e+00
5.698230743408203125e+00
5.827816009521484375e+00
5.718107700347900391e+00
5.755154132843017578e+00
5.797994613647460938e+00
5.743148803710937500e+00
5.795384883880615234e+00
5.894591808319091797e+00
5.808300018310546875e+00
5.668125629425048828e+00
5.750173091888427734e+00
5.716372966766357422e+00
5.786327362060546875e+00
5.858827114105224609e+00
5.741993904113769531e+00
5.736630439758300781e+00
5.772085189819335938e+00
5.690218925476074219e+00
5.702609062194824219e+00
5.743849277496337891e+00
5.627473831176757812e+00
5.648540496826171875e+00
5.858414173126220703e+00
5.680697917938232422e+00
5.708078384399414062e+00
5.586130142211914062e+00
5.636348247528076172e+00
5.805899143218994141e+00
5.672811508178710938e+00
5.626856327056884766e+00
5.565433025360107422e+00
5.798074722290039062e+00
5.622654914855957031e+00
5.691284179687500000e+00
5.611078262329101562e+00
5.641925811767578125e+00
5.593192577362060547e+00
5.790555000305175781e+00
5.762639999389648438e+00
5.648429870605468750e+00
5.782604217529296875e+00
5.793225288391113281e+00
5.706909656524658203e+00
5.871355533599853516e+00
5.736604690551757812e+00
5.644556999206542969e+00
5.602416992187500000e+00
5.700256347656250000e+00
5.646684646606445312e+00
5.703377246856689453e+00
5.820293426513671875e+00
5.903290748596191406e+00
5.816200256347656250e+00
5.631819725036621094e+00
5.829102039337158203e+00
5.622493743896484375e+00
5.666362285614013672e+00
5.788398742675781250e+00
5.914484024047851562e+00
5.606492996215820312e+00
5.672757148742675781e+00
5.764713764190673828e+00
5.708108425140380859e+00
5.730083942413330078e+00
5.671836853027343750e+00
5.737277507781982422e+00
5.757356166839599609e+00
5.619091033935546875e+00
5.802374839782714844e+00
5.676396369934082031e+00
5.641275405883789062e+00
5.628960132598876953e+00
5.722310066223144531e+00
5.707029342651367188e+00
5.659304618835449219e+00
5.703773975372314453e+00
5.673929214477539062e+00
5.694614410400390625e+00
5.736710071563720703e+00
5.727397918701171875e+00
5.633453369140625000e+00
5.730984210968017578e+00
5.635780334472656250e+00
5.679083347320556641e+00
5.696059703826904297e+00
5.932844161987304688e+00
5.661466121673583984e+00
5.656638145446777344e+00
5.609871387481689453e+00
5.583057403564453125e+00
5.605431556701660156e+00
5.773936271667480469e+00
5.548427581787109375e+00
5.597336769104003906e+00
5.620412349700927734e+00
5.637490272521972656e+00
5.755921363830566406e+00
5.819074630737304688e+00
5.747521877288818359e+00
5.718047142028808594e+00
5.629045963287353516e+00
5.649003982543945312e+00
5.608509540557861328e+00
5.677211284637451172e+00
5.713937759399414062e+00
5.678668975830078125e+00
5.636647224426269531e+00
5.671313762664794922e+00
5.897433280944824219e+00
5.611000537872314453e+00
5.683540344238281250e+00
5.782709121704101562e+00
5.750761032104492188e+00
5.610099792480468750e+00
5.863003253936767578e+00
5.734177112579345703e+00
5.840238094329833984e+00
5.959765434265136719e+00
5.654965877532958984e+00
5.775673389434814453e+00
5.607924461364746094e+00
5.668924808502197266e+00
5.688442230224609375e+00
5.806376934051513672e+00
5.785132884979248047e+00
5.620326042175292969e+00
5.656851768493652344e+00
5.669889450073242188e+00
5.590541839599609375e+00
5.750790119171142578e+00
5.633222579956054688e+00
5.672114372253417969e+00
5.629458904266357422e+00
5.661973953247070312e+00
5.645499229431152344e+00
5.599018096923828125e+00
5.626440525054931641e+00
5.578397750854492188e+00
5.757390975952148438e+00
5.700850486755371094e+00
5.535706996917724609e+00
5.586191177368164062e+00
5.632560253143310547e+00
5.635551452636718750e+00
5.600830078125000000e+00
5.548644542694091797e+00
5.732029438018798828e+00
5.660848617553710938e+00
5.578939437866210938e+00
5.531782150268554688e+00
5.554113864898681641e+00
5.599298954010009766e+00
5.665283203125000000e+00
5.606865882873535156e+00
5.692099094390869141e+00
5.747549057006835938e+00
5.620275497436523438e+00
5.717395782470703125e+00
5.688485145568847656e+00
5.624817848205566406e+00
5.600795269012451172e+00
5.647761344909667969e+00
5.764294624328613281e+00
5.565290451049804688e+00
5.697479724884033203e+00
5.656638145446777344e+00
5.825012207031250000e+00
5.575463294982910156e+00
5.646920680999755859e+00
5.746908664703369141e+00
5.729824066162109375e+00
5.564466476440429688e+00
5.635944366455078125e+00
5.788987159729003906e+00
5.680639743804931641e+00
5.595990180969238281e+00
5.664539337158203125e+00
5.658600330352783203e+00
5.628532409667968750e+00
5.810629367828369141e+00
5.718780994415283203e+00
5.704525947570800781e+00
5.577335834503173828e+00
5.673213005065917969e+00
5.666743278503417969e+00
5.661888122558593750e+00
5.655309200286865234e+00
5.755805015563964844e+00
5.785756587982177734e+00
5.952182292938232422e+00
5.784065723419189453e+00
5.746319293975830078e+00
5.783668041229248047e+00
5.620574951171875000e+00
5.817537307739257812e+00
5.813664436340332031e+00
5.595724105834960938e+00
5.619828224182128906e+00
5.630857944488525391e+00
5.716869354248046875e+00
5.779157638549804688e+00
5.691470146179199219e+00
5.631481170654296875e+00
5.588025569915771484e+00
5.560444355010986328e+00
5.617108345031738281e+00
5.628461837768554688e+00
5.660278797149658203e+00
5.660617828369140625e+00
5.581675052642822266e+00
5.682782173156738281e+00
5.613841533660888672e+00
5.535855770111083984e+00
5.625668525695800781e+00
5.617319107055664062e+00
5.669511795043945312e+00
5.631618022918701172e+00
5.681544303894042969e+00
5.666495800018310547e+00
5.622723579406738281e+00
5.578868389129638672e+00
5.577211380004882812e+00
5.633140563964843750e+00
5.499589920043945312e+00
5.611456871032714844e+00
5.559652328491210938e+00
5.701183319091796875e+00
5.543848514556884766e+00
5.583427429199218750e+00
5.689255714416503906e+00
5.564848423004150391e+00
5.708644866943359375e+00
5.576367378234863281e+00
5.547205448150634766e+00
5.518518447875976562e+00
5.781413078308105469e+00
5.482605934143066406e+00
5.667592048645019531e+00
5.710931301116943359e+00
5.562666893005371094e+00
5.554300308227539062e+00
5.614339828491210938e+00
5.638961791992187500e+00
5.497558593750000000e+00
5.775391578674316406e+00
5.873710632324218750e+00
5.594762802124023438e+00
5.567390441894531250e+00
5.677631378173828125e+00
5.567498683929443359e+00
5.604627132415771484e+00
5.632133483886718750e+00
5.589582443237304688e+00
5.621495246887207031e+00
5.718683719635009766e+00
5.561550617218017578e+00
5.590000629425048828e+00
5.588893413543701172e+00
5.573187828063964844e+00
5.609646320343017578e+00
5.563438892364501953e+00
5.734973430633544922e+00
5.668072700500488281e+00
5.646340370178222656e+00
5.574772357940673828e+00
5.564722537994384766e+00
5.540075302124023438e+00
5.635888099670410156e+00
5.534981727600097656e+00
5.635560512542724609e+00
5.518372535705566406e+00
5.597088336944580078e+00
5.506427764892578125e+00
5.703261852264404297e+00
5.501365661621093750e+00
5.599208831787109375e+00
5.645401954650878906e+00
5.600905895233154297e+00
5.607087612152099609e+00
5.674090385437011719e+00
5.719818115234375000e+00
5.770237922668457031e+00
5.663232803344726562e+00
5.642145156860351562e+00
5.622055053710937500e+00
5.553209781646728516e+00
5.627445697784423828e+00
5.654367446899414062e+00
5.600971221923828125e+00
5.639732360839843750e+00
5.826103210449218750e+00
5.532528877258300781e+00
5.627780914306640625e+00
5.575839519500732422e+00
5.578282356262207031e+00
5.577054500579833984e+00
5.612214088439941406e+00
5.606279850006103516e+00
5.554472923278808594e+00
5.551289558410644531e+00
5.560458183288574219e+00
5.581785678863525391e+00
5.538823127746582031e+00
5.553834915161132812e+00
5.571798801422119141e+00
5.467343807220458984e+00
5.644781112670898438e+00
5.537448883056640625e+00
5.655039310455322266e+00
5.619714736938476562e+00
5.700484275817871094e+00
5.666266918182373047e+00
5.668665885925292969e+00
5.580211162567138672e+00
5.520633697509765625e+00
5.630151271820068359e+00
5.679133892059326172e+00
5.582518577575683594e+00
5.574049949645996094e+00
5.630923271179199219e+00
5.598124027252197266e+00
5.510654449462890625e+00
5.610839366912841797e+00
5.515495300292968750e+00
5.724330425262451172e+00
5.672052383422851562e+00
5.586884021759033203e+00
5.560033321380615234e+00
5.530540466308593750e+00
5.546270370483398438e+00
5.527570247650146484e+00
5.543232917785644531e+00
5.590861320495605469e+00
5.551284790039062500e+00
5.586292743682861328e+00
5.571994781494140625e+00
5.575325012207031250e+00
5.597619533538818359e+00
5.541362762451171875e+00
5.525895118713378906e+00
5.584058761596679688e+00
5.566905498504638672e+00
5.537755012512207031e+00
5.565063476562500000e+00
5.674384117126464844e+00
5.744328975677490234e+00
5.646473884582519531e+00
5.752384185791015625e+00
5.526609897613525391e+00
5.599969863891601562e+00
5.555612564086914062e+00
5.794913291931152344e+00
5.593302249908447266e+00
5.705542564392089844e+00
5.597656726837158203e+00
5.741920948028564453e+00
5.664729118347167969e+00
5.565242767333984375e+00
5.509198665618896484e+00
5.667698383331298828e+00
5.632651329040527344e+00
5.486593723297119141e+00
5.600118637084960938e+00
5.560249805450439453e+00
5.679085731506347656e+00
5.603511333465576172e+00
5.663134574890136719e+00
5.582920074462890625e+00
5.550441741943359375e+00
5.703695774078369141e+00
5.553367614746093750e+00
5.663318157196044922e+00
5.643940925598144531e+00
5.595517158508300781e+00
5.662803173065185547e+00
5.648444652557373047e+00
5.723963260650634766e+00
5.676401138305664062e+00
5.561415672302246094e+00
5.613041877746582031e+00
5.561382770538330078e+00
5.543918609619140625e+00
5.559187412261962891e+00
5.675215721130371094e+00
5.584360122680664062e+00
5.507796287536621094e+00
5.680239677429199219e+00
5.724196910858154297e+00
5.439647674560546875e+00
5.577142715454101562e+00
5.670786380767822266e+00
5.567490100860595703e+00
5.629238128662109375e+00
5.571146011352539062e+00
5.636501312255859375e+00
5.552514553070068359e+00
5.575055122375488281e+00
5.618679046630859375e+00
5.644698143005371094e+00
5.606476783752441406e+00
5.613683223724365234e+00
5.492746829986572266e+00
5.629669666290283203e+00
5.624219894409179688e+00
5.670477867126464844e+00
5.558814525604248047e+00
5.670598506927490234e+00
5.624104022979736328e+00
5.565571784973144531e+00
5.739842414855957031e+00
5.669944763183593750e+00
5.493296623229980469e+00
5.605512619018554688e+00
5.518789291381835938e+00
5.693254470825195312e+00
5.581398487091064453e+00
5.549075126647949219e+00
5.530084609985351562e+00
5.603266239166259766e+00
5.729131221771240234e+00
5.565455436706542969e+00
5.472976684570312500e+00
5.643490314483642578e+00
5.628536224365234375e+00
5.736199378967285156e+00
5.494621276855468750e+00
5.559103012084960938e+00
5.600817680358886719e+00
5.654558181762695312e+00
5.688667774200439453e+00
5.498337745666503906e+00
5.529483318328857422e+00
5.560853004455566406e+00
5.522734642028808594e+00
5.642800807952880859e+00
5.501474380493164062e+00
5.576055526733398438e+00
5.658543586730957031e+00
5.602190494537353516e+00
5.749722957611083984e+00
5.535582542419433594e+00
5.668395519256591797e+00
5.486124038696289062e+00
5.608520030975341797e+00
5.547403335571289062e+00
5.583852767944335938e+00
5.639552116394042969e+00
5.566152095794677734e+00
5.696179866790771484e+00
5.595889091491699219e+00
5.603262901306152344e+00
5.519165515899658203e+00
5.549899101257324219e+00
5.765645980834960938e+00
5.710571289062500000e+00
5.683705329895019531e+00
5.627430915832519531e+00
5.643542289733886719e+00
5.606483459472656250e+00
5.585735797882080078e+00
5.575588226318359375e+00
5.576429367065429688e+00
5.613723754882812500e+00
5.567024707794189453e+00
5.548552513122558594e+00
5.678051948547363281e+00
5.607605934143066406e+00
5.511333942413330078e+00
5.495472431182861328e+00
5.739728927612304688e+00
5.616213798522949219e+00
5.634819507598876953e+00
5.517265796661376953e+00
5.838710308074951172e+00
5.669038772583007812e+00
5.654809951782226562e+00
5.592623710632324219e+00
5.574122428894042969e+00
5.578162670135498047e+00
5.709390640258789062e+00
5.537018775939941406e+00
5.609853744506835938e+00
5.567945480346679688e+00
5.570959091186523438e+00
5.637425422668457031e+00
5.591692924499511719e+00
5.577405929565429688e+00
5.535694122314453125e+00
5.527581214904785156e+00
5.588202476501464844e+00
5.531120777130126953e+00
5.578032970428466797e+00
5.608839035034179688e+00
5.643827438354492188e+00
5.544417858123779297e+00
5.499279975891113281e+00
5.595909118652343750e+00
5.534125328063964844e+00
5.528247833251953125e+00
5.703325271606445312e+00
5.562096595764160156e+00
5.561473369598388672e+00
5.616159439086914062e+00
5.575048923492431641e+00
5.580676555633544922e+00
5.614704132080078125e+00
5.536908626556396484e+00
5.566679954528808594e+00
5.491932868957519531e+00
5.595263004302978516e+00
5.705979347229003906e+00
5.516583442687988281e+00
5.700234889984130859e+00
5.652104377746582031e+00
5.620871543884277344e+00
5.617971420288085938e+00
5.627174377441406250e+00
5.610305309295654297e+00
5.552198410034179688e+00
5.656738758087158203e+00
5.575973033905029297e+00
5.615032196044921875e+00
5.508935451507568359e+00
5.517013549804687500e+00
5.629055023193359375e+00
5.626791000366210938e+00
5.607556343078613281e+00
5.716135978698730469e+00
5.532780170440673828e+00
5.595008850097656250e+00
5.537091732025146484e+00
5.726902961730957031e+00
5.583242893218994141e+00
5.632170200347900391e+00
5.604325771331787109e+00
5.708850860595703125e+00
5.702487468719482422e+00
5.550882339477539062e+00
5.586705207824707031e+00
5.576462745666503906e+00
5.635040283203125000e+00
5.624951839447021484e+00
5.589374065399169922e+00
5.797498226165771484e+00
5.551270484924316406e+00
5.527416229248046875e+00
5.522408008575439453e+00
5.576762676239013672e+00
5.706815242767333984e+00
5.539612293243408203e+00
5.636407852172851562e+00
5.589626789093017578e+00
5.647394180297851562e+00
5.587129116058349609e+00
5.511078834533691406e+00
5.652833938598632812e+00
5.595571994781494141e+00
5.689290523529052734e+00
5.544872283935546875e+00
5.532359600067138672e+00
5.571663379669189453e+00
5.585065364837646484e+00
5.646857738494873047e+00
5.646078109741210938e+00
5.628245353698730469e+00
5.580843925476074219e+00
5.660263061523437500e+00
5.593483924865722656e+00
5.630496978759765625e+00
5.575675010681152344e+00
5.461954116821289062e+00
5.562935829162597656e+00
5.615222930908203125e+00
5.571728229522705078e+00
5.702760219573974609e+00
5.649687767028808594e+00
5.663305282592773438e+00
5.756448745727539062e+00
5.616908073425292969e+00
5.546096801757812500e+00
5.706194877624511719e+00
5.552270889282226562e+00
5.633089065551757812e+00
5.579694747924804688e+00
5.564533233642578125e+00
5.729968547821044922e+00
5.549725055694580078e+00
5.641816616058349609e+00
5.609139442443847656e+00
5.499925136566162109e+00
5.610621929168701172e+00
5.540037155151367188e+00
5.624400615692138672e+00
5.591073036193847656e+00
5.830555438995361328e+00
5.573930740356445312e+00
5.501584529876708984e+00
5.459801673889160156e+00
5.581871986389160156e+00
5.554423332214355469e+00
5.612695693969726562e+00
5.752357482910156250e+00
5.532408237457275391e+00
5.511267185211181641e+00
5.719280719757080078e+00
5.571171760559082031e+00
5.538202285766601562e+00
5.759801864624023438e+00
5.502412796020507812e+00
5.554023265838623047e+00
5.658843517303466797e+00
5.655718803405761719e+00
5.582324504852294922e+00
5.626983642578125000e+00
5.509761810302734375e+00
5.533736705780029297e+00
5.504794120788574219e+00
5.488958358764648438e+00
5.578126907348632812e+00
5.711643218994140625e+00
5.604167938232421875e+00
5.531839370727539062e+00
5.614036560058593750e+00
5.516541481018066406e+00
5.673664093017578125e+00
5.524479389190673828e+00
5.534600257873535156e+00
5.509597778320312500e+00
5.587915897369384766e+00
5.461755752563476562e+00
5.526828765869140625e+00
5.514094829559326172e+00
5.739711761474609375e+00
5.586734294891357422e+00
5.806707859039306641e+00
5.569626808166503906e+00
5.652075767517089844e+00
5.510182380676269531e+00
5.548392772674560547e+00
5.532838821411132812e+00
5.568513870239257812e+00
5.503067016601562500e+00
5.576842784881591797e+00
5.522830486297607422e+00
5.514627933502197266e+00
5.596468448638916016e+00
5.489941120147705078e+00
5.539756774902343750e+00
5.498712539672851562e+00
5.625038146972656250e+00
5.641828060150146484e+00
5.528218269348144531e+00
5.554917335510253906e+00
5.591816902160644531e+00
5.592943191528320312e+00
5.604191303253173828e+00
5.710995674133300781e+00
5.617820739746093750e+00
5.513934612274169922e+00
5.584572792053222656e+00
5.529094696044921875e+00
5.738815307617187500e+00
5.660217285156250000e+00
5.520022392272949219e+00
5.574675083160400391e+00
5.600058078765869141e+00
5.576312541961669922e+00
5.591640472412109375e+00
5.513206481933593750e+00
5.530003070831298828e+00
5.711743831634521484e+00
5.579172611236572266e+00
5.601674556732177734e+00
5.510426521301269531e+00
5.542668819427490234e+00
5.842885971069335938e+00
5.667315959930419922e+00
5.650823593139648438e+00
5.496565818786621094e+00
5.560881137847900391e+00
5.645273208618164062e+00
5.572758674621582031e+00
5.538962841033935547e+00
5.636117935180664062e+00
5.724997520446777344e+00
5.570891380310058594e+00
5.838636398315429688e+00
5.633449554443359375e+00
5.513104438781738281e+00
5.625654220581054688e+00
5.606882095336914062e+00
5.600363731384277344e+00
5.497098922729492188e+00
5.511809349060058594e+00
5.598905086517333984e+00
5.566823959350585938e+00
5.627395629882812500e+00
5.441565513610839844e+00
5.573572635650634766e+00
5.588199138641357422e+00
5.582633018493652344e+00
5.546094417572021484e+00
5.580858230590820312e+00
5.642185211181640625e+00
5.501583099365234375e+00
5.567608833312988281e+00
5.530045509338378906e+00
5.612450599670410156e+00
5.540571212768554688e+00
5.562725067138671875e+00
5.644157886505126953e+00
5.522947788238525391e+00
5.564999580383300781e+00
5.568391323089599609e+00
5.527302742004394531e+00
5.538685321807861328e+00
5.517340183258056641e+00
5.488387107849121094e+00
5.581226348876953125e+00
5.514972686767578125e+00
5.483071327209472656e+00
5.545146465301513672e+00
5.488979816436767578e+00
5.677486896514892578e+00
5.601408958435058594e+00
5.611190319061279297e+00
5.569788932800292969e+00
5.610175609588623047e+00
5.554693222045898438e+00
5.644832611083984375e+00
5.497873306274414062e+00
5.628409385681152344e+00
5.559232711791992188e+00
5.626519203186035156e+00
5.753928184509277344e+00
5.495560646057128906e+00
5.473962306976318359e+00
5.567749500274658203e+00
5.548562049865722656e+00
5.551148414611816406e+00
5.555398941040039062e+00
5.459361553192138672e+00
5.670873165130615234e+00
5.565697193145751953e+00
5.500917434692382812e+00
5.553576946258544922e+00
5.511751174926757812e+00
5.549066543579101562e+00
5.575962543487548828e+00
5.615315437316894531e+00
5.767300605773925781e+00
5.580089569091796875e+00
5.719447135925292969e+00
5.638320922851562500e+00
5.466436862945556641e+00
5.509374618530273438e+00
5.509706974029541016e+00
5.505078792572021484e+00
5.592941761016845703e+00
5.528043746948242188e+00
5.498967170715332031e+00
5.581316947937011719e+00
5.529717445373535156e+00
5.506513118743896484e+00
5.592058658599853516e+00
5.610127925872802734e+00
5.555595397949218750e+00
5.530348777770996094e+00
5.525140762329101562e+00
5.524979591369628906e+00
5.566473960876464844e+00
5.589970588684082031e+00
5.539958000183105469e+00
5.610253334045410156e+00
5.674342155456542969e+00
5.494553565979003906e+00
5.505930900573730469e+00
5.568091392517089844e+00
5.590114593505859375e+00
5.542588710784912109e+00
5.558794975280761719e+00
5.531563282012939453e+00
5.510790824890136719e+00
5.670867919921875000e+00
5.465950965881347656e+00
5.510439395904541016e+00
5.630362510681152344e+00
5.470882892608642578e+00
5.580265045166015625e+00
5.520567893981933594e+00
5.546766757965087891e+00
5.520433425903320312e+00
5.518918991088867188e+00
5.668607711791992188e+00
5.432442665100097656e+00
5.562003135681152344e+00
5.547181606292724609e+00
5.540484905242919922e+00
5.675069332122802734e+00
5.538589000701904297e+00
5.493224620819091797e+00
5.613771438598632812e+00
5.540250301361083984e+00
5.667231082916259766e+00
5.523253917694091797e+00
5.591547966003417969e+00
5.512922763824462891e+00
5.568815231323242188e+00
5.588218688964843750e+00
