6.825357437133789062e+00
6.533778190612792969e+00
6.411093235015869141e+00
6.428002834320068359e+00
6.390806674957275391e+00
6.364179134368896484e+00
6.337341785430908203e+00
6.286759376525878906e+00
6.314949035644531250e+00
6.133961677551269531e+00
6.156095504760742188e+00
6.422316074371337891e+00
6.261443138122558594e+00
6.122749328613281250e+00
6.134941577911376953e+00
6.084538936614990234e+00
6.077723026275634766e+00
6.133204460144042969e+00
6.043520927429199219e+00
6.183994293212890625e+00
6.034958362579345703e+00
5.993553161621093750e+00
5.954165935516357422e+00
6.086918830871582031e+00
6.138288974761962891e+00
6.042368412017822266e+00
6.019074440002441406e+00
6.002645492553710938e+00
5.931429862976074219e+00
6.064352512359619141e+00
6.166400909423828125e+00
5.965978622436523438e+00
6.025769710540771484e+00
6.024477958679199219e+00
5.902768611907958984e+00
6.066240787506103516e+00
6.055532455444335938e+00
5.933230876922607422e+00
6.046152114868164062e+00
6.066752433776855469e+00
6.242291450500488281e+00
5.997082710266113281e+00
5.950608730316162109e+00
6.108675003051757812e+00
6.063611507415771484e+00
6.089653491973876953e+00
6.040061473846435547e+00
6.285204410552978516e+00
5.996864318847656250e+00
6.107445716857910156e+00
6.113023281097412109e+00
6.022568225860595703e+00
5.917315483093261719e+00
5.947532176971435547e+00
6.006136417388916016e+00
5.985687255859375000e+00
5.978520870208740234e+00
5.902168273925781250e+00
6.069774627685546875e+00
5.940614223480224609e+00
5.933798789978027344e+00
5.979104995727539062e+00
5.935685157775878906e+00
5.868158340454101562e+00
6.040744304656982422e+00
5.885634422302246094e+00
5.929433822631835938e+00
5.973775386810302734e+00
5.911503314971923828e+00
6.056344985961914062e+00
5.941473007202148438e+00
6.105883598327636719e+00
5.956348419189453125e+00
5.964156627655029297e+00
5.836350440979003906e+00
5.898617744445800781e+00
5.989645957946777344e+00
5.995642185211181641e+00
5.935905456542968750e+00
5.858551979064941406e+00
5.886112213134765625e+00
5.900854587554931641e+00
6.067088127136230469e+00
5.940210819244384766e+00
5.958732604980468750e+00
6.118003368377685547e+00
5.862814903259277344e+00
5.878311634063720703e+00
6.064873695373535156e+00
5.874013900756835938e+00
5.839278221130371094e+00
5.846747398376464844e+00
5.905896663665771484e+00
5.903245925903320312e+00
5.915143489837646484e+00
5.990646362304687500e+00
6.003005027770996094e+00
5.804276466369628906e+00
5.852125167846679688e+00
5.968518257141113281e+00
5.999238967895507812e+00
5.873159408569335938e+00
5.880721569061279297e+00
5.930765628814697266e+00
5.997922897338867188e+00
5.883196830749511719e+00
5.922558784484863281e+00
5.799319267272949219e+00
5.825999736785888672e+00
5.827938556671142578e+00
5.856696128845214844e+00
5.930671215057373047e+00
5.864570617675781250e+00
5.869232654571533203e+00
5.840349197387695312e+00
5.823946952819824219e+00
5.883721351623535156e+00
5.778178691864013672e+00
5.849700450897216797e+00
5.832955360412597656e+00
5.834910392761230469e+00
5.748569488525390625e+00
5.877404689788818359e+00
5.825632572174072266e+00
5.836254596710205078e+00
5.821650981903076172e+00
5.865572929382324219e+00
5.889256954193115234e+00
6.027320384979248047e+00
5.942072868347167969e+00
5.860878467559814453e+00
5.795182704925537109e+00
5.830009937286376953e+00
5.835222244262695312e+00
5.852006912231445312e+00
5.740109443664550781e+00
5.834859848022460938e+00
5.976262092590332031e+00
5.800529479980468750e+00
5.863217830657958984e+00
5.662631511688232422e+00
5.742393493652343750e+00
5.703829765319824219e+00
5.780620574951171875e+00
5.788605213165283203e+00
5.787389278411865234e+00
5.961206436157226562e+00
5.940659523010253906e+00
5.792922973632812500e+00
6.097191810607910156e+00
5.846983909606933594e+00
5.926743507385253906e+00
6.028752326965332031e+00
5.704786300659179688e+00
5.769500255584716797e+00
6.003566265106201172e+00
5.730051517486572266e+00
5.791795730590820312e+00
5.849102973937988281e+00
5.741917610168457031e+00
5.807699203491210938e+00
6.132341384887695312e+00
5.850291728973388672e+00
5.794237613677978516e+00
5.745843410491943359e+00
5.868755817413330078e+00
5.769494056701660156e+00
5.861557006835937500e+00
5.805758953094482422e+00
6.007030487060546875e+00
5.776076316833496094e+00
5.776260852813720703e+00
5.686551094055175781e+00
5.735174655914306641e+00
5.875201225280761719e+00
5.794818878173828125e+00
5.851962089538574219e+00
5.758924484252929688e+00
5.832853317260742188e+00
5.774514675140380859e+00
5.732487201690673828e+00
5.716521263122558594e+00
5.751739978790283203e+00
5.921973705291748047e+00
5.741921901702880859e+00
5.854035377502441406e+00
5.773645401000976562e+00
5.767232894897460938e+00
5.822545051574707031e+00
5.715891838073730469e+00
5.870738983154296875e+00
5.979679107666015625e+00
5.736884593963623047e+00
5.699123382568359375e+00
5.705429077148437500e+00
5.853204727172851562e+00
5.752907752990722656e+00
5.705741882324218750e+00
5.835476875305175781e+00
5.978383064270019531e+00
5.730108261108398438e+00
5.726499557495117188e+00
5.775447845458984375e+00
5.832874298095703125e+00
5.871481418609619141e+00
5.717803955078125000e+00
5.828594684600830078e+00
5.777474403381347656e+00
5.689016819000244141e+00
5.925996303558349609e+00
5.768878936767578125e+00
5.700530052185058594e+00
5.921993732452392578e+00
5.852439880371093750e+00
5.782284259796142578e+00
5.837605476379394531e+00
5.816071033477783203e+00
5.954520702362060547e+00
5.794709205627441406e+00
5.706398010253906250e+00
5.890625953674316406e+00
5.798511505126953125e+00
5.709946632385253906e+00
5.930193901062011719e+00
5.683266162872314453e+00
5.718315124511718750e+00
5.792533874511718750e+00
5.879680633544921875e+00
5.780628681182861328e+00
5.707285881042480469e+00
5.750448703765869141e+00
5.668048381805419922e+00
5.667776107788085938e+00
5.774966716766357422e+00
5.865502834320068359e+00
5.787840366363525391e+00
5.680894374847412109e+00
5.780483245849609375e+00
5.867794513702392578e+00
5.761949539184570312e+00
5.759674072265625000e+00
5.639138698577880859e+00
5.873356342315673828e+00
5.833258628845214844e+00
5.793490886688232422e+00
5.888741016387939453e+00
5.693946838378906250e+00
5.791423320770263672e+00
5.865530967712402344e+00
5.682942867279052734e+00
5.717463970184326172e+00
5.755390167236328125e+00
5.819400787353515625e+00
5.715034484863281250e+00
5.795722007751464844e+00
5.700384140014648438e+00
5.735559463500976562e+00
5.709784507751464844e+00
5.719022274017333984e+00
5.665190219879150391e+00
5.647726535797119141e+00
5.786926269531250000e+00
5.721837997436523438e+00
5.776130199432373047e+00
5.900768280029296875e+00
5.743710994720458984e+00
5.659678936004638672e+00
5.711484432220458984e+00
5.685475826263427734e+00
5.865164756774902344e+00
5.755859375000000000e+00
5.838997364044189453e+00
5.856707096099853516e+00
5.653133392333984375e+00
5.753911972045898438e+00
5.643470764160156250e+00
5.894001483917236328e+00
5.804238319396972656e+00
5.797050476074218750e+00
5.651070594787597656e+00
5.673589706420898438e+00
5.663618087768554688e+00
5.725194931030273438e+00
5.641323089599609375e+00
5.731012344360351562e+00
5.664387226104736328e+00
5.665211677551269531e+00
5.682494163513183594e+00
5.686037063598632812e+00
5.624857425689697266e+00
5.729489326477050781e+00
5.631102561950683594e+00
5.918176651000976562e+00
5.841794490814208984e+00
5.845707416534423828e+00
5.756120204925537109e+00
5.824257850646972656e+00
5.725963592529296875e+00
5.766463279724121094e+00
5.771413803100585938e+00
5.902424812316894531e+00
5.702156066894531250e+00
5.852724552154541016e+00
5.709112644195556641e+00
5.742203712463378906e+00
5.729951381683349609e+00
5.796989440917968750e+00
5.842432022094726562e+00
5.694605350494384766e+00
5.632170200347900391e+00
5.722546100616455078e+00
5.835863590240478516e+00
5.714744091033935547e+00
5.738787174224853516e+00
5.709966659545898438e+00
5.859529018402099609e+00
5.734807014465332031e+00
5.651948928833007812e+00
5.818136692047119141e+00
5.730325698852539062e+00
5.743084430694580078e+00
5.722438335418701172e+00
5.911094665527343750e+00
5.710628509521484375e+00
5.734942913055419922e+00
5.654327869415283203e+00
5.856630325317382812e+00
5.807383537292480469e+00
5.713878631591796875e+00
5.734584808349609375e+00
5.749751091003417969e+00
5.622670173645019531e+00
5.665050029754638672e+00
5.636266708374023438e+00
5.704838275909423828e+00
5.756604194641113281e+00
5.752710819244384766e+00
5.654421806335449219e+00
5.673156261444091797e+00
5.725081920623779297e+00
5.840445518493652344e+00
5.734376430511474609e+00
5.738780021667480469e+00
5.893475532531738281e+00
5.765056610107421875e+00
5.896793365478515625e+00
5.684025287628173828e+00
5.662977695465087891e+00
5.756296634674072266e+00
5.708584785461425781e+00
5.966778755187988281e+00
5.710402965545654297e+00
5.678954124450683594e+00
5.650592327117919922e+00
5.752543449401855469e+00
5.844483375549316406e+00
5.684468269348144531e+00
5.729100227355957031e+00
5.634416580200195312e+00
5.741899490356445312e+00
5.831765174865722656e+00
5.640871047973632812e+00
5.661521434783935547e+00
5.800223350524902344e+00
5.747249603271484375e+00
5.692910194396972656e+00
5.705218315124511719e+00
5.751426219940185547e+00
5.750903129577636719e+00
5.645304679870605469e+00
5.681919097900390625e+00
5.650732517242431641e+00
5.647335052490234375e+00
5.682719707489013672e+00
5.648581027984619141e+00
5.766513347625732422e+00
5.737893104553222656e+00
5.711096763610839844e+00
5.674393653869628906e+00
5.657391071319580078e+00
5.595963478088378906e+00
5.633469104766845703e+00
5.702303409576416016e+00
5.791953563690185547e+00
5.735471725463867188e+00
5.817672729492187500e+00
5.713109493255615234e+00
5.725360870361328125e+00
5.778677940368652344e+00
5.856603622436523438e+00
5.814860343933105469e+00
5.729290962219238281e+00
5.880017280578613281e+00
5.747780323028564453e+00
5.883117675781250000e+00
5.651008605957031250e+00
5.685567855834960938e+00
5.736066341400146484e+00
5.732864379882812500e+00
5.877344131469726562e+00
5.822773933410644531e+00
5.701330661773681641e+00
5.732739925384521484e+00
5.945858478546142578e+00
5.680091857910156250e+00
5.662083625793457031e+00
5.863998413085937500e+00
5.796047210693359375e+00
5.701795578002929688e+00
5.620170116424560547e+00
5.780554771423339844e+00
5.755886077880859375e+00
5.756834983825683594e+00
5.627399921417236328e+00
5.720865726470947266e+00
5.706770420074462891e+00
5.990097522735595703e+00
5.721898078918457031e+00
5.745093822479248047e+00
5.847031593322753906e+00
5.692688941955566406e+00
5.603934288024902344e+00
5.669322967529296875e+00
5.639639854431152344e+00
5.792153358459472656e+00
5.747089862823486328e+00
5.756793022155761719e+00
5.634638309478759766e+00
5.670349597930908203e+00
5.934778213500976562e+00
5.690444946289062500e+00
5.688420295715332031e+00
5.833442687988281250e+00
5.696554183959960938e+00
5.781033515930175781e+00
5.695156097412109375e+00
5.760323047637939453e+00
5.834908962249755859e+00
5.771797657012939453e+00
5.828129768371582031e+00
5.803839683532714844e+00
5.735245704650878906e+00
5.688536167144775391e+00
5.680653572082519531e+00
5.674963951110839844e+00
5.707266330718994141e+00
5.785770893096923828e+00
5.749419212341308594e+00
5.745145320892333984e+00
5.651891708374023438e+00
5.622183322906494141e+00
5.561740875244140625e+00
5.650342941284179688e+00
5.634167671203613281e+00
5.691401481628417969e+00
5.678078174591064453e+00
5.602353096008300781e+00
5.653455257415771484e+00
5.742698192596435547e+00
5.687819480895996094e+00
5.643053054809570312e+00
5.622493743896484375e+00
5.692992687225341797e+00
5.674265861511230469e+00
5.759549140930175781e+00
5.745752334594726562e+00
5.698412418365478516e+00
5.766982078552246094e+00
5.576526165008544922e+00
5.709890365600585938e+00
5.609418869018554688e+00
5.910502910614013672e+00
5.707096576690673828e+00
5.799580574035644531e+00
5.756000041961669922e+00
5.651649475097656250e+00
5.698172092437744141e+00
5.755280494689941406e+00
5.669117927551269531e+00
5.654917716979980469e+00
5.583922863006591797e+00
5.628499031066894531e+00
5.670226573944091797e+00
5.793408393859863281e+00
5.847108364105224609e+00
5.653156280517578125e+00
5.765371799468994141e+00
5.698215007781982422e+00
5.751739025115966797e+00
5.765807151794433594e+00
5.612476348876953125e+00
5.628808975219726562e+00
5.689712047576904297e+00
5.677814960479736328e+00
5.715347766876220703e+00
5.664536952972412109e+00
5.707359790802001953e+00
5.675110340118408203e+00
5.670020103454589844e+00
5.732321739196777344e+00
5.741735458374023438e+00
5.759350776672363281e+00
5.673143386840820312e+00
5.618879318237304688e+00
5.634888648986816406e+00
5.754197120666503906e+00
5.706615924835205078e+00
5.598005294799804688e+00
5.647273063659667969e+00
5.980211257934570312e+00
5.630199909210205078e+00
5.670451164245605469e+00
5.727338314056396484e+00
5.684384346008300781e+00
5.867101669311523438e+00
5.698253154754638672e+00
5.637248039245605469e+00
5.744816303253173828e+00
5.682947158813476562e+00
5.693495273590087891e+00
5.616792678833007812e+00
5.737783432006835938e+00
5.733180999755859375e+00
5.733334541320800781e+00
5.719387054443359375e+00
5.736948013305664062e+00
5.611320495605468750e+00
5.969767093658447266e+00
5.687048435211181641e+00
5.672033309936523438e+00
5.602740287780761719e+00
5.835991859436035156e+00
5.653933525085449219e+00
5.656586647033691406e+00
5.570421218872070312e+00
5.697277545928955078e+00
5.691851615905761719e+00
5.691634178161621094e+00
5.689574241638183594e+00
5.666180133819580078e+00
5.630496025085449219e+00
5.618165493011474609e+00
5.827700138092041016e+00
5.600973606109619141e+00
5.957581996917724609e+00
5.804774284362792969e+00
5.658650398254394531e+00
5.756875991821289062e+00
5.640224456787109375e+00
5.681056499481201172e+00
5.883708953857421875e+00
5.748982906341552734e+00
5.788159847259521484e+00
5.656718254089355469e+00
5.653458118438720703e+00
5.622073173522949219e+00
5.664350509643554688e+00
5.793677330017089844e+00
5.773579120635986328e+00
5.697082996368408203e+00
5.615500450134277344e+00
5.577213764190673828e+00
5.746773719787597656e+00
5.655673980712890625e+00
5.656388282775878906e+00
5.599493980407714844e+00
5.666480541229248047e+00
5.705369472503662109e+00
5.683884620666503906e+00
5.708003997802734375e+00
5.663222312927246094e+00
5.762513160705566406e+00
5.628190994262695312e+00
5.796095848083496094e+00
5.585505485534667969e+00
5.772956371307373047e+00
5.607496261596679688e+00
5.887566089630126953e+00
5.681853294372558594e+00
5.616937160491943359e+00
5.604153156280517578e+00
5.659862518310546875e+00
5.727239608764648438e+00
5.632735252380371094e+00
5.900681018829345703e+00
5.736890316009521484e+00
5.633548736572265625e+00
5.810148239135742188e+00
5.655264854431152344e+00
5.708345413208007812e+00
5.590997695922851562e+00
5.609074592590332031e+00
5.680944919586181641e+00
5.711726188659667969e+00
5.766924858093261719e+00
5.763024330139160156e+00
5.726932525634765625e+00
5.689641952514648438e+00
5.663289070129394531e+00
5.680160522460937500e+00
5.769058704376220703e+00
5.642640113830566406e+00
5.652933120727539062e+00
5.789467811584472656e+00
5.709369659423828125e+00
5.643120765686035156e+00
5.728525638580322266e+00
5.758090972900390625e+00
5.561003684997558594e+00
5.582813739776611328e+00
5.687627792358398438e+00
5.605630874633789062e+00
5.673938751220703125e+00
5.708152294158935547e+00
5.704050064086914062e+00
5.751473426818847656e+00
5.572464942932128906e+00
5.700960636138916016e+00
5.673693656921386719e+00
5.725624084472656250e+00
5.598340034484863281e+00
5.595638751983642578e+00
5.604560852050781250e+00
5.641005992889404297e+00
5.629396915435791016e+00
5.718081951141357422e+00
5.745810985565185547e+00
5.730602264404296875e+00
5.700919151306152344e+00
5.742637634277343750e+00
5.667110919952392578e+00
5.749177932739257812e+00
5.730899810791015625e+00
5.728363037109375000e+00
5.659646034240722656e+00
5.671228408813476562e+00
5.630770683288574219e+00
5.636647701263427734e+00
5.745216846466064453e+00
5.649062156677246094e+00
5.748686790466308594e+00
5.694942474365234375e+00
5.640287876129150391e+00
5.650771617889404297e+00
5.722850799560546875e+00
5.679519653320312500e+00
5.618242740631103516e+00
5.555815696716308594e+00
5.577131271362304688e+00
5.587440967559814453e+00
5.692541599273681641e+00
5.848216056823730469e+00
5.816195487976074219e+00
5.681948184967041016e+00
5.736323356628417969e+00
5.703737258911132812e+00
5.589905261993408203e+00
5.603073120117187500e+00
5.729794025421142578e+00
5.681928634643554688e+00
5.811639785766601562e+00
5.694689750671386719e+00
5.659760475158691406e+00
5.637992858886718750e+00
5.546308517456054688e+00
5.631380081176757812e+00
5.761215209960937500e+00
5.762220382690429688e+00
5.585479259490966797e+00
5.728869438171386719e+00
5.916562557220458984e+00
5.596708297729492188e+00
5.584650993347167969e+00
5.580924987792968750e+00
5.681173801422119141e+00
5.656839847564697266e+00
5.599518775939941406e+00
5.639369010925292969e+00
5.674953460693359375e+00
5.635304927825927734e+00
5.786294460296630859e+00
5.636241436004638672e+00
5.576977729797363281e+00
5.626911640167236328e+00
5.698102951049804688e+00
5.615683555603027344e+00
5.734300136566162109e+00
5.609752655029296875e+00
5.661835670471191406e+00
5.608611106872558594e+00
5.815360069274902344e+00
5.630798339843750000e+00
5.640213489532470703e+00
5.730920314788818359e+00
5.584739208221435547e+00
5.721011638641357422e+00
5.645330429077148438e+00
5.659942626953125000e+00
5.681852817535400391e+00
5.571758270263671875e+00
5.744942188262939453e+00
5.773612022399902344e+00
5.654500007629394531e+00
5.725624084472656250e+00
5.676059722900390625e+00
5.756238460540771484e+00
5.625764846801757812e+00
5.606608390808105469e+00
5.665107727050781250e+00
5.717791080474853516e+00
5.555889129638671875e+00
5.632440567016601562e+00
5.647388458251953125e+00
5.706415176391601562e+00
5.678855895996093750e+00
5.625989913940429688e+00
5.696328639984130859e+00
5.753549098968505859e+00
5.768579483032226562e+00
5.632126331329345703e+00
5.685764789581298828e+00
5.746497631072998047e+00
5.627827644348144531e+00
5.770205497741699219e+00
5.672439575195312500e+00
5.661570072174072266e+00
5.793543338775634766e+00
5.656945228576660156e+00
5.676862239837646484e+00
5.585497856140136719e+00
5.544191360473632812e+00
5.668907165527343750e+00
5.644401550292968750e+00
5.681969165802001953e+00
5.671298980712890625e+00
5.722288608551025391e+00
5.610486030578613281e+00
5.872783660888671875e+00
5.645143508911132812e+00
5.628992080688476562e+00
5.601430892944335938e+00
5.678646564483642578e+00
5.673758506774902344e+00
5.596048355102539062e+00
5.790233612060546875e+00
5.648145675659179688e+00
5.653187274932861328e+00
5.594020366668701172e+00
5.657434463500976562e+00
5.697549819946289062e+00
5.610583782196044922e+00
5.749311447143554688e+00
5.645108699798583984e+00
5.718872547149658203e+00
5.750874042510986328e+00
5.657252788543701172e+00
5.654423713684082031e+00
5.601650714874267578e+00
5.594769954681396484e+00
5.560737133026123047e+00
5.696271896362304688e+00
5.638863086700439453e+00
5.661142826080322266e+00
5.572844505310058594e+00
5.671888828277587891e+00
5.673490524291992188e+00
5.621618747711181641e+00
5.526366710662841797e+00
5.626091957092285156e+00
5.662475585937500000e+00
5.719045162200927734e+00
5.642930507659912109e+00
5.650207996368408203e+00
5.669538497924804688e+00
5.737663269042968750e+00
5.641401290893554688e+00
5.620578765869140625e+00
5.630762100219726562e+00
5.656438827514648438e+00
5.593344211578369141e+00
5.589183807373046875e+00
5.674220085144042969e+00
5.620748519897460938e+00
5.653274059295654297e+00
5.701527118682861328e+00
5.650673389434814453e+00
5.630050182342529297e+00
5.689453601837158203e+00
5.710886955261230469e+00
5.635729789733886719e+00
5.723718643188476562e+00
5.702900886535644531e+00
5.612685203552246094e+00
5.627273082733154297e+00
5.705229282379150391e+00
5.715908527374267578e+00
5.608698368072509766e+00
5.585698127746582031e+00
5.687718868255615234e+00
5.636034965515136719e+00
5.643787384033203125e+00
5.669886589050292969e+00
5.663558006286621094e+00
5.664473056793212891e+00
5.714858055114746094e+00
5.644669532775878906e+00
5.687524795532226562e+00
5.620914459228515625e+00
5.666414260864257812e+00
5.683073043823242188e+00
5.590033054351806641e+00
5.556492805480957031e+00
5.703227519989013672e+00
5.646199703216552734e+00
5.678730010986328125e+00
5.656467437744140625e+00
5.652143001556396484e+00
5.626851558685302734e+00
5.653688430786132812e+00
5.648105621337890625e+00
5.713708400726318359e+00
5.614508628845214844e+00
5.583089828491210938e+00
5.750387191772460938e+00
5.730655193328857422e+00
5.581927299499511719e+00
5.666413784027099609e+00
5.705445289611816406e+00
5.621644020080566406e+00
5.626713752746582031e+00
5.601917266845703125e+00
5.678652286529541016e+00
5.757941246032714844e+00
5.639419078826904297e+00
5.546121120452880859e+00
5.575465679168701172e+00
5.651292800903320312e+00
5.569453716278076172e+00
5.662290573120117188e+00
5.731558322906494141e+00
5.650639533996582031e+00
5.597748279571533203e+00
5.625196933746337891e+00
5.645565032958984375e+00
5.898434638977050781e+00
5.661547183990478516e+00
5.623261451721191406e+00
5.603378295898437500e+00
5.592177391052246094e+00
5.686678886413574219e+00
5.760665893554687500e+00
5.614737510681152344e+00
5.545234680175781250e+00
5.616308212280273438e+00
5.611959457397460938e+00
5.707202434539794922e+00
5.602539539337158203e+00
5.703002452850341797e+00
5.657773971557617188e+00
5.621575355529785156e+00
5.645532608032226562e+00
5.599912643432617188e+00
5.656502246856689453e+00
5.909977912902832031e+00
5.708194732666015625e+00
5.593394279479980469e+00
5.661304473876953125e+00
5.700331687927246094e+00
5.675729751586914062e+00
5.642335891723632812e+00
5.559554576873779297e+00
5.663949966430664062e+00
5.666309356689453125e+00
5.593059062957763672e+00
5.652606010437011719e+00
5.642057418823242188e+00
5.700162410736083984e+00
5.612771987915039062e+00
5.709883213043212891e+00
5.617417812347412109e+00
5.739770889282226562e+00
5.726390838623046875e+00
5.612673759460449219e+00
5.584087371826171875e+00
5.669280052185058594e+00
5.638930797576904297e+00
5.651761054992675781e+00
5.581612586975097656e+00
5.733171939849853516e+00
5.553833961486816406e+00
5.680447101593017578e+00
5.667407035827636719e+00
5.775269508361816406e+00
5.653011322021484375e+00
5.529025077819824219e+00
5.821199417114257812e+00
5.855553627014160156e+00
5.612806797027587891e+00
5.617398738861083984e+00
5.659559249877929688e+00
5.578545093536376953e+00
5.775849342346191406e+00
5.711528301239013672e+00
5.703657627105712891e+00
5.680733203887939453e+00
5.658444404602050781e+00
5.687511444091796875e+00
5.650507926940917969e+00
5.617177963256835938e+00
5.573095798492431641e+00
5.631367206573486328e+00
5.717265129089355469e+00
5.664631843566894531e+00
5.641402721405029297e+00
5.813603401184082031e+00
5.702020168304443359e+00
5.537213802337646484e+00
5.833806037902832031e+00
5.813199996948242188e+00
5.816357612609863281e+00
5.811884403228759766e+00
5.668860435485839844e+00
5.682338714599609375e+00
5.724806785583496094e+00
5.591965675354003906e+00
5.704198837280273438e+00
5.693877696990966797e+00
5.664577960968017578e+00
5.630028247833251953e+00
5.747082233428955078e+00
5.693304061889648438e+00
5.630526542663574219e+00
5.764658927917480469e+00
5.608915328979492188e+00
5.664486408233642578e+00
5.629476070404052734e+00
5.658867835998535156e+00
5.684181213378906250e+00
5.733258724212646484e+00
5.703473567962646484e+00
5.733357906341552734e+00
5.647835731506347656e+00
5.821402072906494141e+00
5.598011970520019531e+00
5.688974380493164062e+00
5.771517753601074219e+00
5.703940391540527344e+00
5.741833686828613281e+00
5.696610927581787109e+00
5.625452041625976562e+00
5.585986614227294922e+00
5.563484668731689453e+00
5.646315574645996094e+00
5.754383087158203125e+00
5.737270832061767578e+00
5.722138404846191406e+00
5.651049613952636719e+00
5.643834114074707031e+00
5.667312145233154297e+00
5.802855014801025391e+00
5.688951492309570312e+00
5.700836181640625000e+00
5.629686355590820312e+00
5.653433322906494141e+00
5.691076755523681641e+00
5.689339637756347656e+00
5.641767978668212891e+00
5.670887947082519531e+00
5.659421443939208984e+00
5.643166542053222656e+00
