2.581622314453125000e+02
2.243941040039062500e+02
2.172128295898437500e+02
2.124135589599609375e+02
2.085525512695312500e+02
2.062312622070312500e+02
2.045338745117187500e+02
2.033059692382812500e+02
2.027161407470703125e+02
2.019948425292968750e+02
2.012949218750000000e+02
2.008714599609375000e+02
2.003160247802734375e+02
1.997644042968750000e+02
1.994421234130859375e+02
1.993493041992187500e+02
1.987043151855468750e+02
1.987812652587890625e+02
1.982901306152343750e+02
1.979302062988281250e+02
1.976005554199218750e+02
1.975976257324218750e+02
1.971757202148437500e+02
1.969802398681640625e+02
1.967757415771484375e+02
1.963020477294921875e+02
1.960419006347656250e+02
1.960359802246093750e+02
1.959647216796875000e+02
1.953944396972656250e+02
1.952167053222656250e+02
1.953978271484375000e+02
1.946845855712890625e+02
1.941802978515625000e+02
1.939672851562500000e+02
1.937567138671875000e+02
1.931468811035156250e+02
1.926215667724609375e+02
1.926543731689453125e+02
1.918309326171875000e+02
1.917778015136718750e+02
1.921031494140625000e+02
1.916822967529296875e+02
1.920882873535156250e+02
1.918657226562500000e+02
1.917892456054687500e+02
1.905504608154296875e+02
1.909543457031250000e+02
1.907509307861328125e+02
1.904363403320312500e+02
1.907921600341796875e+02
1.903942871093750000e+02
1.898517456054687500e+02
1.900227355957031250e+02
1.906126251220703125e+02
1.900276336669921875e+02
1.897162170410156250e+02
1.894331665039062500e+02
1.899441680908203125e+02
1.901525268554687500e+02
1.887826232910156250e+02
1.888859558105468750e+02
1.890710449218750000e+02
1.892463836669921875e+02
1.896042022705078125e+02
1.889111938476562500e+02
1.888176727294921875e+02
1.886366882324218750e+02
1.890696258544921875e+02
1.891295471191406250e+02
1.887596893310546875e+02
1.884915008544921875e+02
1.892033081054687500e+02
1.877436828613281250e+02
1.883911437988281250e+02
1.887004394531250000e+02
1.884271850585937500e+02
1.871401977539062500e+02
1.881579895019531250e+02
1.881766967773437500e+02
1.879626922607421875e+02
1.877339477539062500e+02
1.878294982910156250e+02
1.875598754882812500e+02
1.877057495117187500e+02
1.879589843750000000e+02
1.873336029052734375e+02
1.874760131835937500e+02
1.876385803222656250e+02
1.881839904785156250e+02
1.878041076660156250e+02
1.874501953125000000e+02
1.877455444335937500e+02
1.871765136718750000e+02
1.880805358886718750e+02
1.871623382568359375e+02
1.881502380371093750e+02
1.875598602294921875e+02
1.879618530273437500e+02
1.867932434082031250e+02
1.864524230957031250e+02
1.868786621093750000e+02
1.870930633544921875e+02
1.873713378906250000e+02
1.874427490234375000e+02
1.866450805664062500e+02
1.869245300292968750e+02
1.873840332031250000e+02
1.865536346435546875e+02
1.858539276123046875e+02
1.862522888183593750e+02
1.861264953613281250e+02
1.866791687011718750e+02
1.872073822021484375e+02
1.875746917724609375e+02
1.858464355468750000e+02
1.873278045654296875e+02
1.860416259765625000e+02
1.859638824462890625e+02
1.873628540039062500e+02
1.858405456542968750e+02
1.857469177246093750e+02
1.854837341308593750e+02
1.857415466308593750e+02
1.868259735107421875e+02
1.856379394531250000e+02
1.862307281494140625e+02
1.862049255371093750e+02
1.864632415771484375e+02
1.856171875000000000e+02
1.852378997802734375e+02
1.851514892578125000e+02
1.859192962646484375e+02
1.855507354736328125e+02
1.854996337890625000e+02
1.862655639648437500e+02
1.863196258544921875e+02
1.865199127197265625e+02
1.860975952148437500e+02
1.860996551513671875e+02
1.857837371826171875e+02
1.867885742187500000e+02
1.862540588378906250e+02
1.854448242187500000e+02
1.863481445312500000e+02
1.858682250976562500e+02
1.860722045898437500e+02
1.853949737548828125e+02
1.855580139160156250e+02
1.856076507568359375e+02
1.858389129638671875e+02
1.849831237792968750e+02
1.853829345703125000e+02
1.867042846679687500e+02
1.859284973144531250e+02
1.855467987060546875e+02
1.862929992675781250e+02
1.860274505615234375e+02
1.855479736328125000e+02
1.851972351074218750e+02
1.843883361816406250e+02
1.852858581542968750e+02
1.851800231933593750e+02
1.852017211914062500e+02
1.857584991455078125e+02
1.858606109619140625e+02
1.854029541015625000e+02
1.850075378417968750e+02
1.860614929199218750e+02
1.850974578857421875e+02
1.861763763427734375e+02
1.849041290283203125e+02
1.846625366210937500e+02
1.854198913574218750e+02
1.855765686035156250e+02
1.853662719726562500e+02
1.849177246093750000e+02
1.852178344726562500e+02
1.855470581054687500e+02
1.849342498779296875e+02
1.843708801269531250e+02
1.848003540039062500e+02
1.842892456054687500e+02
1.844717559814453125e+02
1.851380004882812500e+02
1.855288391113281250e+02
1.847228393554687500e+02
1.852800140380859375e+02
1.851903991699218750e+02
1.855784912109375000e+02
1.856055603027343750e+02
1.857411041259765625e+02
1.852142333984375000e+02
1.857663726806640625e+02
1.854388580322265625e+02
1.846022796630859375e+02
1.848515014648437500e+02
1.841887817382812500e+02
1.848663940429687500e+02
1.846452636718750000e+02
1.849991149902343750e+02
1.845141143798828125e+02
1.844962158203125000e+02
1.853643951416015625e+02
1.846608734130859375e+02
1.846604614257812500e+02
1.842462463378906250e+02
1.849540252685546875e+02
1.855534667968750000e+02
1.841423645019531250e+02
1.837937927246093750e+02
1.854635620117187500e+02
1.848201751708984375e+02
1.843485565185546875e+02
1.851327514648437500e+02
1.852355651855468750e+02
1.848179321289062500e+02
1.847478790283203125e+02
1.846890563964843750e+02
1.851872253417968750e+02
1.853127136230468750e+02
1.843524475097656250e+02
1.853915100097656250e+02
1.840468444824218750e+02
1.844371032714843750e+02
1.840816040039062500e+02
1.854787292480468750e+02
1.852229919433593750e+02
1.839169921875000000e+02
1.842902526855468750e+02
1.848587951660156250e+02
1.843856201171875000e+02
1.846182861328125000e+02
1.850682678222656250e+02
1.837749633789062500e+02
1.855562438964843750e+02
1.845312805175781250e+02
1.847030639648437500e+02
1.837673339843750000e+02
1.834546508789062500e+02
1.850764007568359375e+02
1.846830139160156250e+02
1.845190429687500000e+02
1.834616394042968750e+02
1.846510772705078125e+02
1.840715179443359375e+02
1.839568481445312500e+02
1.846488342285156250e+02
1.841119537353515625e+02
1.839411926269531250e+02
1.843583679199218750e+02
1.849726257324218750e+02
1.847397613525390625e+02
1.841600494384765625e+02
1.855066223144531250e+02
1.833578491210937500e+02
1.849619140625000000e+02
1.844311065673828125e+02
1.844132080078125000e+02
1.837232666015625000e+02
1.846529388427734375e+02
1.839941101074218750e+02
1.849170074462890625e+02
1.846079711914062500e+02
1.835736083984375000e+02
1.835520324707031250e+02
1.836815032958984375e+02
1.836192016601562500e+02
1.839967956542968750e+02
1.852823486328125000e+02
1.835306701660156250e+02
1.840558166503906250e+02
1.841014404296875000e+02
1.849801025390625000e+02
1.838027954101562500e+02
1.829157867431640625e+02
1.843561706542968750e+02
1.844248352050781250e+02
1.840482482910156250e+02
1.844488372802734375e+02
1.840599060058593750e+02
1.840896453857421875e+02
1.844069671630859375e+02
1.836858215332031250e+02
1.842113342285156250e+02
1.847668762207031250e+02
1.838385009765625000e+02
1.851687927246093750e+02
1.845428466796875000e+02
1.846189117431640625e+02
1.836667633056640625e+02
1.847925109863281250e+02
1.839812011718750000e+02
1.836791992187500000e+02
1.836327972412109375e+02
1.837225952148437500e+02
1.834702301025390625e+02
1.839660949707031250e+02
1.839792633056640625e+02
1.839413146972656250e+02
1.836454010009765625e+02
1.843164367675781250e+02
1.832620697021484375e+02
1.839402008056640625e+02
1.839812622070312500e+02
1.832751312255859375e+02
1.836200103759765625e+02
1.835857543945312500e+02
1.841648712158203125e+02
1.851642456054687500e+02
1.838679199218750000e+02
1.842008361816406250e+02
1.838410034179687500e+02
1.838060302734375000e+02
1.837036437988281250e+02
1.841699981689453125e+02
1.832059936523437500e+02
1.837079315185546875e+02
1.848963165283203125e+02
1.842183532714843750e+02
1.837615356445312500e+02
1.841918029785156250e+02
1.844282836914062500e+02
1.839466094970703125e+02
1.839593963623046875e+02
1.845932464599609375e+02
1.842714538574218750e+02
1.830011291503906250e+02
1.840941467285156250e+02
1.838355407714843750e+02
1.843157958984375000e+02
1.841926727294921875e+02
1.840234985351562500e+02
1.839154510498046875e+02
1.835427093505859375e+02
1.838552246093750000e+02
1.845258483886718750e+02
1.846420593261718750e+02
1.835610351562500000e+02
1.843654785156250000e+02
1.834565124511718750e+02
1.841062469482421875e+02
1.835220489501953125e+02
1.839148406982421875e+02
1.836642761230468750e+02
1.841492614746093750e+02
1.835047607421875000e+02
1.834826965332031250e+02
1.839933624267578125e+02
1.837050628662109375e+02
1.839992980957031250e+02
1.844649047851562500e+02
1.836046447753906250e+02
1.838394775390625000e+02
1.840271301269531250e+02
1.841962738037109375e+02
1.839036102294921875e+02
1.830883789062500000e+02
1.849487304687500000e+02
1.833279418945312500e+02
1.844364624023437500e+02
1.841072235107421875e+02
1.837772216796875000e+02
1.834220886230468750e+02
1.842322998046875000e+02
1.840366058349609375e+02
1.842486724853515625e+02
1.840804138183593750e+02
1.834808654785156250e+02
1.846732635498046875e+02
1.827544097900390625e+02
1.838134155273437500e+02
1.839549102783203125e+02
1.831241607666015625e+02
1.837668609619140625e+02
1.834673309326171875e+02
1.844754333496093750e+02
1.836297454833984375e+02
1.843273620605468750e+02
1.840480194091796875e+02
1.840804748535156250e+02
1.840112304687500000e+02
1.842748718261718750e+02
1.840734252929687500e+02
1.837122802734375000e+02
1.839693908691406250e+02
1.842234191894531250e+02
1.836147766113281250e+02
1.829251098632812500e+02
1.844764862060546875e+02
1.840066986083984375e+02
1.833048553466796875e+02
1.840475158691406250e+02
1.839278411865234375e+02
1.833698883056640625e+02
1.833412780761718750e+02
1.839501953125000000e+02
1.832664947509765625e+02
1.835586547851562500e+02
1.841314697265625000e+02
1.828619079589843750e+02
1.843213958740234375e+02
1.839992065429687500e+02
1.842889709472656250e+02
1.842179412841796875e+02
1.834543151855468750e+02
1.836424560546875000e+02
1.835690917968750000e+02
1.836997680664062500e+02
1.834824829101562500e+02
1.827637786865234375e+02
1.846985778808593750e+02
1.839904174804687500e+02
1.844600219726562500e+02
1.827406921386718750e+02
1.835654602050781250e+02
1.837754516601562500e+02
1.837717895507812500e+02
1.841849670410156250e+02
1.841205749511718750e+02
1.848875122070312500e+02
1.840697937011718750e+02
1.848734130859375000e+02
1.834009399414062500e+02
1.832750091552734375e+02
1.838896484375000000e+02
1.843455810546875000e+02
1.834722137451171875e+02
1.841780090332031250e+02
1.836920013427734375e+02
1.839716644287109375e+02
1.837755889892578125e+02
1.833624877929687500e+02
1.837729492187500000e+02
1.833498382568359375e+02
1.829049377441406250e+02
1.828365173339843750e+02
1.831013793945312500e+02
1.835672607421875000e+02
1.839825744628906250e+02
1.833230438232421875e+02
1.836295166015625000e+02
1.833355407714843750e+02
1.840299835205078125e+02
1.846315612792968750e+02
1.836546325683593750e+02
1.836314392089843750e+02
1.836457214355468750e+02
1.842457122802734375e+02
1.841399230957031250e+02
1.835590972900390625e+02
1.829653625488281250e+02
1.847927246093750000e+02
1.843172302246093750e+02
1.834937133789062500e+02
1.842330627441406250e+02
1.837600555419921875e+02
1.836243896484375000e+02
1.836488342285156250e+02
1.837854003906250000e+02
1.839652404785156250e+02
1.835437469482421875e+02
1.829939727783203125e+02
1.834761505126953125e+02
1.838116760253906250e+02
1.838627929687500000e+02
1.832601776123046875e+02
1.835409851074218750e+02
1.833016662597656250e+02
1.831454772949218750e+02
1.829488525390625000e+02
1.833088684082031250e+02
1.842044982910156250e+02
1.831586303710937500e+02
1.839782257080078125e+02
1.836006622314453125e+02
1.842325134277343750e+02
1.839250030517578125e+02
1.835490417480468750e+02
1.835773468017578125e+02
1.839569091796875000e+02
1.833648071289062500e+02
1.843691101074218750e+02
1.840840911865234375e+02
1.834050445556640625e+02
1.838887329101562500e+02
1.832674560546875000e+02
1.830219268798828125e+02
1.839968109130859375e+02
1.837391357421875000e+02
1.837461090087890625e+02
1.835966491699218750e+02
1.837931823730468750e+02
1.835325164794921875e+02
1.836762542724609375e+02
1.834596710205078125e+02
1.833097991943359375e+02
1.835605773925781250e+02
1.838921508789062500e+02
1.834095611572265625e+02
1.834941711425781250e+02
1.831516418457031250e+02
1.840964965820312500e+02
1.843286743164062500e+02
1.839840393066406250e+02
1.839519653320312500e+02
1.834600982666015625e+02
1.833109436035156250e+02
1.832637939453125000e+02
1.843929290771484375e+02
1.841086425781250000e+02
1.831284179687500000e+02
1.833943481445312500e+02
1.840786590576171875e+02
1.834015808105468750e+02
1.839792327880859375e+02
1.840271301269531250e+02
1.836046447753906250e+02
1.831935119628906250e+02
1.830681457519531250e+02
1.828082885742187500e+02
1.838289489746093750e+02
1.844726562500000000e+02
1.837680664062500000e+02
1.826070556640625000e+02
1.843184204101562500e+02
1.832458801269531250e+02
1.835151519775390625e+02
1.831634063720703125e+02
1.839802246093750000e+02
1.834659271240234375e+02
1.838184204101562500e+02
1.831984558105468750e+02
1.833325500488281250e+02
1.834806060791015625e+02
1.836070251464843750e+02
1.841005401611328125e+02
1.840353698730468750e+02
1.836501617431640625e+02
1.836754302978515625e+02
1.840176391601562500e+02
1.839845581054687500e+02
1.832849884033203125e+02
1.829060821533203125e+02
1.841832580566406250e+02
1.826195831298828125e+02
1.838608093261718750e+02
1.838550109863281250e+02
1.842370910644531250e+02
1.836441650390625000e+02
1.831384582519531250e+02
1.836150817871093750e+02
1.829416351318359375e+02
1.829193267822265625e+02
1.833065948486328125e+02
1.842014312744140625e+02
1.831240844726562500e+02
1.831941375732421875e+02
1.833496704101562500e+02
1.833004302978515625e+02
1.847216491699218750e+02
1.833230895996093750e+02
1.834088897705078125e+02
1.847005310058593750e+02
1.826900482177734375e+02
1.833729400634765625e+02
1.836048126220703125e+02
1.834663696289062500e+02
1.830464630126953125e+02
1.839762573242187500e+02
1.837366638183593750e+02
1.833915405273437500e+02
1.829191436767578125e+02
1.837674102783203125e+02
1.833337707519531250e+02
1.827394104003906250e+02
1.835181427001953125e+02
1.833036804199218750e+02
1.840401306152343750e+02
1.827802124023437500e+02
1.837235412597656250e+02
1.839694213867187500e+02
1.832919464111328125e+02
1.831359405517578125e+02
1.835229187011718750e+02
1.835351562500000000e+02
1.832084045410156250e+02
1.841391601562500000e+02
1.832617950439453125e+02
1.837572174072265625e+02
1.830930175781250000e+02
1.835069122314453125e+02
1.842483520507812500e+02
1.841482543945312500e+02
1.834914398193359375e+02
1.836184844970703125e+02
1.832297058105468750e+02
1.835067291259765625e+02
1.831783599853515625e+02
1.832290954589843750e+02
1.834537658691406250e+02
1.831364440917968750e+02
1.836442260742187500e+02
1.835499877929687500e+02
1.837506408691406250e+02
1.831448059082031250e+02
1.828230438232421875e+02
1.836807250976562500e+02
1.831924438476562500e+02
1.838879089355468750e+02
1.834542846679687500e+02
1.834462127685546875e+02
1.836388244628906250e+02
1.838539123535156250e+02
1.827621154785156250e+02
1.834997406005859375e+02
1.837141876220703125e+02
1.840075225830078125e+02
1.832900390625000000e+02
1.841524505615234375e+02
1.837841644287109375e+02
1.838383331298828125e+02
1.838707885742187500e+02
1.833786621093750000e+02
1.839978637695312500e+02
1.843816223144531250e+02
1.833667144775390625e+02
1.830785675048828125e+02
1.839461364746093750e+02
1.839160308837890625e+02
1.842969970703125000e+02
1.840412445068359375e+02
1.829874572753906250e+02
1.845211944580078125e+02
1.839754791259765625e+02
1.830558166503906250e+02
1.837028350830078125e+02
1.840486450195312500e+02
1.842843170166015625e+02
1.838934783935546875e+02
1.828256225585937500e+02
1.832382965087890625e+02
1.832552947998046875e+02
1.840563507080078125e+02
1.840608062744140625e+02
1.836003570556640625e+02
1.836064147949218750e+02
1.828911285400390625e+02
1.838612823486328125e+02
1.832863159179687500e+02
1.839648590087890625e+02
1.837285003662109375e+02
1.833250579833984375e+02
1.839710235595703125e+02
1.839762725830078125e+02
1.827609558105468750e+02
1.831269836425781250e+02
1.837619171142578125e+02
1.840621337890625000e+02
1.841065673828125000e+02
1.845105438232421875e+02
1.830334777832031250e+02
1.831979370117187500e+02
1.844095153808593750e+02
1.836077575683593750e+02
1.830308532714843750e+02
1.839587707519531250e+02
1.842736968994140625e+02
1.842281799316406250e+02
1.842216644287109375e+02
1.839541473388671875e+02
1.830024108886718750e+02
1.834877929687500000e+02
1.839056396484375000e+02
1.833253021240234375e+02
1.843731079101562500e+02
1.840841827392578125e+02
1.841635742187500000e+02
1.831012878417968750e+02
1.843186645507812500e+02
1.836562805175781250e+02
1.833981018066406250e+02
1.834793395996093750e+02
1.840366973876953125e+02
1.834878234863281250e+02
1.824542694091796875e+02
1.831080169677734375e+02
1.833368072509765625e+02
1.826251831054687500e+02
1.835231475830078125e+02
1.842698974609375000e+02
1.837174377441406250e+02
1.825382843017578125e+02
1.836104125976562500e+02
1.834422760009765625e+02
1.831973876953125000e+02
1.826327514648437500e+02
1.836235809326171875e+02
1.830543212890625000e+02
1.830560455322265625e+02
1.837127532958984375e+02
1.835495147705078125e+02
1.831348419189453125e+02
1.830764312744140625e+02
1.834047546386718750e+02
1.834376831054687500e+02
1.828475646972656250e+02
1.842719116210937500e+02
1.834377441406250000e+02
1.825958251953125000e+02
1.831363067626953125e+02
1.834314575195312500e+02
1.830503692626953125e+02
1.824093627929687500e+02
1.844085540771484375e+02
1.835964660644531250e+02
1.841178588867187500e+02
1.837179565429687500e+02
1.830627136230468750e+02
1.838111114501953125e+02
1.833576812744140625e+02
1.829082946777343750e+02
1.831764984130859375e+02
1.832070007324218750e+02
1.836531524658203125e+02
1.835865478515625000e+02
1.840370941162109375e+02
1.845365600585937500e+02
1.837993774414062500e+02
1.830425109863281250e+02
1.833196105957031250e+02
1.835987243652343750e+02
1.835368347167968750e+02
1.832537536621093750e+02
1.839010772705078125e+02
1.832818756103515625e+02
1.836129455566406250e+02
1.835406188964843750e+02
1.832712707519531250e+02
1.835644836425781250e+02
1.838837432861328125e+02
1.834431915283203125e+02
1.840571289062500000e+02
1.832153167724609375e+02
1.842741699218750000e+02
1.835918121337890625e+02
1.834797973632812500e+02
1.832099761962890625e+02
1.835401000976562500e+02
1.835491485595703125e+02
1.830288696289062500e+02
1.829932708740234375e+02
1.835317077636718750e+02
1.836840820312500000e+02
1.836793365478515625e+02
1.835743103027343750e+02
1.834138793945312500e+02
1.839698638916015625e+02
1.834115753173828125e+02
1.835336456298828125e+02
1.834423217773437500e+02
1.830049743652343750e+02
1.829966430664062500e+02
1.839141845703125000e+02
1.836404113769531250e+02
1.832771301269531250e+02
1.842339324951171875e+02
1.835439453125000000e+02
1.837702789306640625e+02
1.829613800048828125e+02
1.836853332519531250e+02
1.830128631591796875e+02
1.829814605712890625e+02
1.833321685791015625e+02
1.839645690917968750e+02
1.833164367675781250e+02
1.831699829101562500e+02
1.840847473144531250e+02
1.844395141601562500e+02
1.831096649169921875e+02
1.837850646972656250e+02
1.835359039306640625e+02
1.846293334960937500e+02
1.844220428466796875e+02
1.833667449951171875e+02
1.832684936523437500e+02
1.833847961425781250e+02
1.835069580078125000e+02
1.832228546142578125e+02
1.834077606201171875e+02
1.833080749511718750e+02
1.836425933837890625e+02
1.834631805419921875e+02
1.832286987304687500e+02
1.833445739746093750e+02
1.831236877441406250e+02
1.845299224853515625e+02
1.837875671386718750e+02
1.838751831054687500e+02
1.834232177734375000e+02
1.835783386230468750e+02
1.845512542724609375e+02
1.844877624511718750e+02
1.832991180419921875e+02
1.835200500488281250e+02
1.835686645507812500e+02
1.832273864746093750e+02
1.835872497558593750e+02
1.845476989746093750e+02
1.831986846923828125e+02
1.841878967285156250e+02
1.839678955078125000e+02
1.838841400146484375e+02
1.834171905517578125e+02
1.837984771728515625e+02
1.830305786132812500e+02
1.831952819824218750e+02
1.842552185058593750e+02
1.836743469238281250e+02
1.827554626464843750e+02
1.839055328369140625e+02
1.843546905517578125e+02
1.837998657226562500e+02
1.835632934570312500e+02
1.841804351806640625e+02
1.825905151367187500e+02
1.839465637207031250e+02
1.839947052001953125e+02
1.835580444335937500e+02
1.839697875976562500e+02
1.839686584472656250e+02
1.830005798339843750e+02
1.831077575683593750e+02
1.827425842285156250e+02
1.841310729980468750e+02
1.832684936523437500e+02
1.837227172851562500e+02
1.837642364501953125e+02
1.835438385009765625e+02
1.839877014160156250e+02
1.833941345214843750e+02
1.826654968261718750e+02
1.840919799804687500e+02
1.837661590576171875e+02
1.823016052246093750e+02
1.838114166259765625e+02
1.837880401611328125e+02
1.833415222167968750e+02
1.834510498046875000e+02
1.835088195800781250e+02
1.833758087158203125e+02
1.837983703613281250e+02
1.839164276123046875e+02
1.839367828369140625e+02
1.823117980957031250e+02
1.833821411132812500e+02
1.832480621337890625e+02
1.838041839599609375e+02
1.840801086425781250e+02
1.831177520751953125e+02
1.835399475097656250e+02
1.831357727050781250e+02
1.835271606445312500e+02
1.834595031738281250e+02
1.832726593017578125e+02
1.834327850341796875e+02
1.830117492675781250e+02
1.842963409423828125e+02
1.834377899169921875e+02
1.829634704589843750e+02
1.832772827148437500e+02
1.838113098144531250e+02
1.828422393798828125e+02
1.830508422851562500e+02
1.832221221923828125e+02
1.832174987792968750e+02
1.832911987304687500e+02
1.832364349365234375e+02
1.830382232666015625e+02
1.833560943603515625e+02
1.834609527587890625e+02
1.832069854736328125e+02
1.831101837158203125e+02
1.839544982910156250e+02
1.843169250488281250e+02
1.843675994873046875e+02
1.825308074951171875e+02
1.833087005615234375e+02
1.835204162597656250e+02
1.831218719482421875e+02
1.830692901611328125e+02
1.839326019287109375e+02
1.842285919189453125e+02
1.831491241455078125e+02
1.835134735107421875e+02
1.835910949707031250e+02
1.831438903808593750e+02
1.832062377929687500e+02
1.823796386718750000e+02
1.827950439453125000e+02
1.836623840332031250e+02
1.844630432128906250e+02
1.839802398681640625e+02
1.844538269042968750e+02
1.835581054687500000e+02
1.835000915527343750e+02
1.826913452148437500e+02
1.834031982421875000e+02
1.824779663085937500e+02
1.834494171142578125e+02
1.832210235595703125e+02
1.833547821044921875e+02
1.834582519531250000e+02
1.836882629394531250e+02
1.834047088623046875e+02
1.828397521972656250e+02
1.837223510742187500e+02
1.841495971679687500e+02
1.829120178222656250e+02
1.837886047363281250e+02
1.841709594726562500e+02
1.822562561035156250e+02
1.831089630126953125e+02
1.836163024902343750e+02
1.836846618652343750e+02
1.825428771972656250e+02
1.836227416992187500e+02
1.832709045410156250e+02
1.840220947265625000e+02
1.831478576660156250e+02
1.833805541992187500e+02
1.835120849609375000e+02
1.833881988525390625e+02
1.836119537353515625e+02
1.826778106689453125e+02
1.831020965576171875e+02
1.839903259277343750e+02
1.834740600585937500e+02
1.843037261962890625e+02
1.832056427001953125e+02
1.832506561279296875e+02
1.837153930664062500e+02
1.839271850585937500e+02
1.836437683105468750e+02
1.825382995605468750e+02
1.828706054687500000e+02
1.836731567382812500e+02
1.845330810546875000e+02
1.835179443359375000e+02
1.826395568847656250e+02
1.833325347900390625e+02
1.835690002441406250e+02
1.833375244140625000e+02
1.831142883300781250e+02
1.834201049804687500e+02
1.840734405517578125e+02
1.835234527587890625e+02
1.831055450439453125e+02
1.834224090576171875e+02
1.832921905517578125e+02
1.836360321044921875e+02
1.844464721679687500e+02
1.844023437500000000e+02
1.833364410400390625e+02
1.833133544921875000e+02
1.833108673095703125e+02
1.837590789794921875e+02
1.836650238037109375e+02
1.834282989501953125e+02
1.833227844238281250e+02
