6.673721313476562500e+00
6.218536376953125000e+00
6.106286048889160156e+00
6.342571258544921875e+00
5.991938591003417969e+00
6.153223514556884766e+00
5.942070960998535156e+00
5.820345878601074219e+00
5.966266155242919922e+00
5.816836357116699219e+00
5.982855796813964844e+00
5.923759460449218750e+00
5.895793914794921875e+00
5.829609870910644531e+00
5.841274261474609375e+00
5.781931877136230469e+00
5.839237213134765625e+00
5.832554817199707031e+00
5.874173641204833984e+00
5.734230041503906250e+00
5.641785621643066406e+00
5.771337509155273438e+00
5.710071563720703125e+00
5.755561351776123047e+00
5.752847671508789062e+00
5.772706985473632812e+00
5.621160030364990234e+00
5.759335517883300781e+00
5.681454658508300781e+00
5.693836212158203125e+00
5.625377178192138672e+00
5.603745460510253906e+00
5.757689952850341797e+00
5.850558757781982422e+00
5.647967815399169922e+00
5.655840873718261719e+00
5.576604366302490234e+00
5.660674095153808594e+00
5.606291770935058594e+00
5.571044445037841797e+00
5.786070346832275391e+00
5.667848587036132812e+00
5.674429893493652344e+00
5.830965995788574219e+00
5.613284111022949219e+00
5.686813354492187500e+00
5.947647094726562500e+00
5.624887466430664062e+00
5.647531509399414062e+00
5.656287193298339844e+00
5.594058036804199219e+00
5.653651714324951172e+00
5.576380252838134766e+00
5.638571739196777344e+00
5.774668693542480469e+00
5.695360183715820312e+00
5.590570449829101562e+00
5.755228042602539062e+00
5.638694286346435547e+00
5.606662750244140625e+00
5.558613300323486328e+00
5.708631515502929688e+00
5.707163333892822266e+00
5.713223457336425781e+00
5.534363746643066406e+00
5.570978641510009766e+00
5.672700405120849609e+00
5.577120304107666016e+00
5.635216712951660156e+00
5.658153057098388672e+00
5.587890625000000000e+00
5.687617301940917969e+00
5.631083965301513672e+00
5.650304794311523438e+00
5.600962162017822266e+00
5.558530807495117188e+00
5.581741333007812500e+00
5.521094322204589844e+00
5.510652065277099609e+00
5.617931365966796875e+00
5.601104736328125000e+00
5.608643531799316406e+00
5.656929969787597656e+00
5.620605468750000000e+00
5.557959556579589844e+00
5.521092414855957031e+00
5.572799682617187500e+00
5.524919033050537109e+00
5.512626647949218750e+00
5.582032203674316406e+00
5.524563789367675781e+00
5.614192008972167969e+00
5.587713241577148438e+00
5.581809043884277344e+00
5.543763160705566406e+00
5.529478549957275391e+00
5.629747390747070312e+00
5.510814189910888672e+00
5.588867664337158203e+00
5.708469867706298828e+00
5.579283237457275391e+00
5.537966728210449219e+00
5.639322280883789062e+00
5.679304122924804688e+00
5.518600463867187500e+00
5.539401054382324219e+00
5.477110862731933594e+00
5.505966663360595703e+00
5.549192428588867188e+00
5.514263629913330078e+00
5.734804153442382812e+00
5.507226943969726562e+00
5.633094310760498047e+00
5.547709465026855469e+00
5.505013465881347656e+00
5.498735427856445312e+00
5.450553894042968750e+00
5.522461891174316406e+00
5.522920608520507812e+00
5.733031272888183594e+00
5.530228137969970703e+00
5.476533889770507812e+00
5.594371318817138672e+00
5.587036609649658203e+00
5.518145561218261719e+00
5.636199951171875000e+00
5.605590820312500000e+00
5.551474094390869141e+00
5.609024524688720703e+00
5.544795513153076172e+00
5.649242401123046875e+00
5.500083923339843750e+00
5.562652587890625000e+00
5.556983470916748047e+00
5.524021148681640625e+00
5.574757099151611328e+00
5.608741760253906250e+00
5.490369319915771484e+00
5.547101974487304688e+00
5.443427085876464844e+00
5.478177070617675781e+00
5.533500671386718750e+00
5.566710472106933594e+00
5.712758064270019531e+00
5.704736232757568359e+00
5.771001815795898438e+00
5.599138259887695312e+00
5.511134147644042969e+00
5.545550346374511719e+00
5.693865776062011719e+00
5.733609199523925781e+00
5.657197952270507812e+00
5.479060173034667969e+00
5.560432434082031250e+00
5.574407577514648438e+00
5.504827976226806641e+00
5.513229846954345703e+00
5.518618106842041016e+00
5.766468048095703125e+00
5.533528804779052734e+00
5.601075172424316406e+00
5.504911899566650391e+00
5.518533706665039062e+00
5.461081981658935547e+00
5.541165351867675781e+00
5.472558021545410156e+00
5.534128189086914062e+00
5.468508720397949219e+00
5.531102657318115234e+00
5.561698913574218750e+00
5.541291713714599609e+00
5.485058784484863281e+00
5.447110652923583984e+00
5.641561985015869141e+00
5.452866077423095703e+00
5.582964897155761719e+00
5.535276889801025391e+00
5.477593898773193359e+00
5.588861942291259766e+00
5.488481044769287109e+00
5.504027366638183594e+00
5.496559619903564453e+00
5.492566108703613281e+00
5.545481681823730469e+00
5.548107624053955078e+00
5.570937156677246094e+00
5.564324378967285156e+00
5.505511283874511719e+00
5.496872425079345703e+00
5.641657352447509766e+00
5.524128913879394531e+00
5.494725227355957031e+00
5.477663040161132812e+00
5.467159271240234375e+00
5.518991470336914062e+00
5.580482482910156250e+00
5.749166965484619141e+00
5.487285137176513672e+00
5.488080501556396484e+00
5.496974945068359375e+00
5.525665760040283203e+00
5.541887283325195312e+00
5.519003868103027344e+00
5.535993576049804688e+00
5.550075531005859375e+00
5.653235912322998047e+00
5.635738372802734375e+00
5.516652584075927734e+00
5.472620487213134766e+00
5.539679527282714844e+00
5.442520141601562500e+00
5.489074707031250000e+00
5.474408149719238281e+00
5.461030006408691406e+00
5.474178791046142578e+00
5.548045635223388672e+00
5.626104831695556641e+00
5.594544410705566406e+00
5.476411819458007812e+00
5.541616916656494141e+00
5.630200386047363281e+00
5.467648029327392578e+00
5.521684169769287109e+00
5.516981124877929688e+00
5.466926097869873047e+00
5.439782619476318359e+00
5.509193897247314453e+00
5.521451950073242188e+00
5.454844951629638672e+00
5.471383571624755859e+00
5.496307849884033203e+00
5.464945793151855469e+00
5.508450031280517578e+00
5.599711894989013672e+00
5.635272502899169922e+00
5.486533164978027344e+00
5.401410102844238281e+00
5.428871154785156250e+00
5.535751342773437500e+00
5.447737693786621094e+00
5.657776832580566406e+00
5.527443885803222656e+00
5.429759979248046875e+00
5.516339778900146484e+00
5.519517421722412109e+00
5.597733497619628906e+00
5.586287975311279297e+00
5.531905651092529297e+00
5.574108600616455078e+00
5.450059890747070312e+00
5.552608013153076172e+00
5.383134841918945312e+00
5.601876258850097656e+00
5.501377105712890625e+00
5.492105960845947266e+00
5.542157173156738281e+00
5.474695205688476562e+00
5.550863265991210938e+00
5.499339103698730469e+00
5.425636291503906250e+00
5.461109638214111328e+00
5.447609424591064453e+00
5.471500396728515625e+00
5.488861083984375000e+00
5.699980735778808594e+00
5.601846218109130859e+00
5.444271087646484375e+00
5.580191612243652344e+00
5.502723693847656250e+00
5.508517265319824219e+00
5.454483985900878906e+00
5.523351669311523438e+00
5.501156806945800781e+00
5.468330383300781250e+00
5.488626480102539062e+00
5.543013095855712891e+00
5.475190162658691406e+00
5.651180267333984375e+00
5.550559520721435547e+00
5.484282016754150391e+00
5.568744659423828125e+00
5.517729759216308594e+00
5.851307868957519531e+00
5.479836940765380859e+00
5.643795967102050781e+00
5.676031112670898438e+00
5.576342582702636719e+00
5.558075428009033203e+00
5.426723003387451172e+00
5.643672466278076172e+00
5.545459747314453125e+00
5.704994678497314453e+00
5.461352825164794922e+00
5.556840419769287109e+00
5.696681022644042969e+00
5.511433124542236328e+00
5.492334365844726562e+00
5.507073402404785156e+00
5.527212619781494141e+00
5.482652187347412109e+00
5.494989871978759766e+00
5.529232501983642578e+00
5.500782966613769531e+00
5.633929252624511719e+00
5.442553043365478516e+00
5.508360862731933594e+00
5.419287681579589844e+00
5.493290901184082031e+00
5.573077201843261719e+00
5.542089462280273438e+00
5.612372398376464844e+00
5.545504093170166016e+00
5.423517704010009766e+00
5.450703620910644531e+00
5.425640106201171875e+00
5.416420936584472656e+00
5.468932151794433594e+00
5.514909267425537109e+00
5.465497970581054688e+00
5.426483154296875000e+00
5.525569438934326172e+00
5.426239490509033203e+00
5.424477577209472656e+00
5.568352699279785156e+00
5.528658866882324219e+00
5.481094837188720703e+00
5.479466438293457031e+00
5.518864631652832031e+00
5.491020679473876953e+00
5.468415260314941406e+00
5.566639900207519531e+00
5.495140075683593750e+00
5.503230094909667969e+00
5.470829963684082031e+00
5.453937530517578125e+00
5.483157157897949219e+00
5.530768871307373047e+00
5.507744312286376953e+00
5.557766914367675781e+00
5.439045906066894531e+00
5.463547706604003906e+00
5.424727439880371094e+00
5.462844848632812500e+00
5.466676712036132812e+00
5.688025474548339844e+00
5.619837760925292969e+00
5.478432655334472656e+00
5.439673900604248047e+00
5.562994956970214844e+00
5.570655822753906250e+00
5.500457763671875000e+00
5.454564094543457031e+00
5.476846694946289062e+00
5.512940406799316406e+00
5.442484378814697266e+00
5.521468639373779297e+00
5.387499809265136719e+00
5.531332492828369141e+00
5.486649513244628906e+00
5.540363788604736328e+00
5.509644031524658203e+00
5.418529510498046875e+00
5.457396030426025391e+00
5.510192871093750000e+00
5.432954788208007812e+00
5.438850879669189453e+00
5.522119045257568359e+00
5.442692756652832031e+00
5.476108551025390625e+00
5.520037651062011719e+00
5.496333122253417969e+00
5.426164150238037109e+00
5.416953086853027344e+00
5.548124790191650391e+00
5.486779212951660156e+00
5.584787845611572266e+00
5.469565868377685547e+00
5.480960845947265625e+00
5.531888484954833984e+00
5.562976360321044922e+00
5.535741806030273438e+00
5.509137153625488281e+00
5.379485130310058594e+00
5.417061328887939453e+00
5.510354042053222656e+00
5.463471412658691406e+00
5.399528026580810547e+00
5.520724773406982422e+00
5.534925460815429688e+00
5.500806808471679688e+00
5.391295433044433594e+00
5.442668914794921875e+00
5.495068073272705078e+00
5.632085800170898438e+00
5.472322940826416016e+00
5.447963714599609375e+00
5.480087280273437500e+00
5.583590507507324219e+00
5.389804840087890625e+00
5.402955532073974609e+00
5.424875736236572266e+00
5.684339523315429688e+00
5.427775382995605469e+00
5.440511226654052734e+00
5.518929004669189453e+00
5.415604591369628906e+00
5.488644123077392578e+00
5.487442493438720703e+00
5.396986961364746094e+00
5.525993347167968750e+00
5.456518650054931641e+00
5.462929725646972656e+00
5.456182003021240234e+00
5.363332748413085938e+00
5.443860530853271484e+00
5.456731319427490234e+00
5.535445213317871094e+00
5.685908794403076172e+00
5.563868045806884766e+00
5.497380256652832031e+00
5.609158515930175781e+00
5.476233482360839844e+00
5.490129470825195312e+00
5.383641719818115234e+00
5.497955799102783203e+00
5.491732120513916016e+00
5.442599296569824219e+00
5.449459075927734375e+00
5.452736854553222656e+00
5.444243907928466797e+00
5.458904266357421875e+00
5.446060180664062500e+00
5.445186138153076172e+00
5.527016639709472656e+00
5.782310009002685547e+00
5.383175849914550781e+00
5.512825012207031250e+00
5.470882892608642578e+00
5.515715122222900391e+00
5.416817665100097656e+00
5.455285072326660156e+00
5.496821880340576172e+00
5.427046298980712891e+00
5.377615928649902344e+00
5.439608573913574219e+00
5.555768013000488281e+00
5.410351753234863281e+00
5.533307075500488281e+00
5.407242774963378906e+00
5.507105350494384766e+00
5.372708320617675781e+00
5.472411632537841797e+00
5.495005607604980469e+00
5.436923027038574219e+00
5.489838600158691406e+00
5.453694343566894531e+00
5.465459823608398438e+00
5.560845375061035156e+00
5.457645416259765625e+00
5.429316997528076172e+00
5.553626060485839844e+00
5.477948188781738281e+00
5.417346000671386719e+00
5.533911705017089844e+00
5.459317207336425781e+00
5.421497821807861328e+00
5.446147918701171875e+00
5.569555282592773438e+00
5.455230712890625000e+00
5.493927001953125000e+00
5.613603115081787109e+00
5.452093124389648438e+00
5.484131813049316406e+00
5.499944686889648438e+00
5.472897052764892578e+00
5.515419006347656250e+00
5.537374973297119141e+00
5.504384994506835938e+00
5.465376377105712891e+00
5.470122337341308594e+00
5.772820949554443359e+00
5.583094596862792969e+00
5.727596282958984375e+00
5.487934112548828125e+00
5.393659591674804688e+00
5.466382980346679688e+00
5.433834552764892578e+00
5.415135860443115234e+00
5.556692600250244141e+00
5.414589881896972656e+00
5.425225257873535156e+00
5.639601707458496094e+00
5.515701293945312500e+00
5.480217456817626953e+00
5.439476966857910156e+00
5.459865570068359375e+00
5.450723648071289062e+00
5.427322864532470703e+00
5.491156578063964844e+00
5.651213645935058594e+00
5.460079669952392578e+00
5.379982948303222656e+00
5.389329910278320312e+00
5.461463451385498047e+00
5.458165168762207031e+00
5.458766460418701172e+00
5.592732429504394531e+00
5.458360671997070312e+00
5.591597080230712891e+00
5.515337467193603516e+00
5.428139686584472656e+00
5.421970367431640625e+00
5.422037601470947266e+00
5.413894653320312500e+00
5.409767150878906250e+00
5.413080692291259766e+00
5.473723411560058594e+00
5.422895431518554688e+00
5.609655380249023438e+00
5.411746978759765625e+00
5.636822223663330078e+00
5.419764041900634766e+00
5.476521492004394531e+00
5.467291355133056641e+00
5.424029350280761719e+00
5.568909168243408203e+00
5.543974399566650391e+00
5.543106079101562500e+00
5.427736759185791016e+00
5.488188266754150391e+00
5.426384925842285156e+00
5.444154262542724609e+00
5.479972362518310547e+00
5.411600589752197266e+00
5.499004840850830078e+00
5.501815319061279297e+00
5.426445960998535156e+00
5.463725566864013672e+00
5.404485702514648438e+00
5.415307998657226562e+00
5.514375209808349609e+00
5.411512374877929688e+00
5.346455574035644531e+00
5.403127670288085938e+00
5.508856773376464844e+00
5.447701930999755859e+00
5.415344715118408203e+00
5.463534355163574219e+00
5.400089263916015625e+00
5.393691539764404297e+00
5.390083312988281250e+00
5.391531467437744141e+00
5.404492855072021484e+00
5.490423202514648438e+00
5.528727054595947266e+00
5.513787746429443359e+00
5.451542854309082031e+00
5.434552192687988281e+00
5.483504295349121094e+00
5.406984329223632812e+00
5.456741809844970703e+00
5.524902343750000000e+00
5.471153736114501953e+00
5.457064628601074219e+00
5.479862213134765625e+00
5.454500198364257812e+00
5.416905403137207031e+00
5.448702812194824219e+00
5.480751991271972656e+00
5.600618362426757812e+00
5.385744571685791016e+00
5.408267974853515625e+00
5.381034851074218750e+00
5.487683296203613281e+00
5.443999290466308594e+00
5.522658348083496094e+00
5.429363727569580078e+00
5.417836189270019531e+00
5.454473018646240234e+00
5.440308570861816406e+00
5.454005241394042969e+00
5.387789249420166016e+00
5.527388095855712891e+00
5.372107028961181641e+00
5.345505237579345703e+00
5.428949356079101562e+00
5.522486209869384766e+00
5.504088401794433594e+00
5.488849163055419922e+00
5.410061836242675781e+00
5.402991294860839844e+00
5.444915771484375000e+00
5.514428615570068359e+00
5.567825317382812500e+00
5.481277465820312500e+00
5.579547882080078125e+00
5.495586395263671875e+00
5.457464694976806641e+00
5.521129131317138672e+00
5.487332820892333984e+00
5.486633777618408203e+00
5.440021038055419922e+00
5.402114868164062500e+00
5.368497848510742188e+00
5.631651878356933594e+00
5.424582004547119141e+00
5.457808971405029297e+00
5.448658943176269531e+00
5.502923011779785156e+00
5.566507339477539062e+00
5.480700969696044922e+00
5.535638332366943359e+00
5.439872741699218750e+00
5.521017551422119141e+00
5.434640884399414062e+00
5.625347614288330078e+00
5.456205368041992188e+00
5.399928569793701172e+00
5.387453079223632812e+00
5.417145729064941406e+00
5.396347045898437500e+00
5.435095787048339844e+00
5.591433525085449219e+00
5.469888687133789062e+00
5.427019596099853516e+00
5.361203670501708984e+00
5.543766975402832031e+00
5.572475433349609375e+00
5.413983345031738281e+00
5.470235824584960938e+00
5.477543830871582031e+00
5.536342144012451172e+00
5.469769001007080078e+00
5.441055774688720703e+00
5.419106483459472656e+00
5.462552547454833984e+00
5.467058658599853516e+00
5.406463623046875000e+00
5.429024696350097656e+00
5.400227546691894531e+00
5.396689414978027344e+00
5.600364685058593750e+00
5.399182319641113281e+00
5.439977645874023438e+00
5.399487018585205078e+00
5.478102207183837891e+00
5.510862350463867188e+00
5.386958599090576172e+00
5.494212150573730469e+00
5.380968093872070312e+00
5.413565635681152344e+00
5.519869804382324219e+00
5.401081562042236328e+00
5.398659706115722656e+00
5.442159652709960938e+00
5.483037471771240234e+00
5.394269943237304688e+00
5.595723628997802734e+00
5.484394550323486328e+00
5.463561058044433594e+00
5.334009647369384766e+00
5.425906181335449219e+00
5.402263641357421875e+00
5.442088127136230469e+00
5.391162872314453125e+00
5.508163452148437500e+00
5.445124626159667969e+00
5.555518150329589844e+00
5.464640617370605469e+00
5.434128284454345703e+00
5.453702926635742188e+00
5.367526531219482422e+00
5.471980094909667969e+00
5.469599246978759766e+00
5.396396636962890625e+00
5.487395763397216797e+00
5.526854515075683594e+00
5.503206253051757812e+00
5.521512508392333984e+00
5.386335372924804688e+00
5.484212398529052734e+00
5.379172325134277344e+00
5.528462409973144531e+00
5.424703121185302734e+00
5.397208213806152344e+00
5.342316627502441406e+00
5.369027614593505859e+00
5.433343887329101562e+00
5.490413188934326172e+00
5.465186119079589844e+00
5.410885810852050781e+00
5.551562309265136719e+00
5.430088520050048828e+00
5.424710750579833984e+00
5.562059402465820312e+00
5.471655845642089844e+00
5.465336322784423828e+00
5.397931575775146484e+00
5.581142902374267578e+00
5.386002063751220703e+00
5.471036434173583984e+00
5.614596843719482422e+00
5.400634288787841797e+00
5.472547531127929688e+00
5.400260925292968750e+00
5.557015419006347656e+00
5.355378627777099609e+00
5.431132316589355469e+00
5.351869106292724609e+00
5.482215881347656250e+00
5.427699565887451172e+00
5.435232162475585938e+00
5.362173080444335938e+00
5.453914642333984375e+00
5.450581550598144531e+00
5.509484767913818359e+00
5.424708366394042969e+00
5.418366432189941406e+00
5.420417308807373047e+00
5.513023376464843750e+00
5.424573898315429688e+00
5.464601039886474609e+00
5.366071701049804688e+00
5.433102130889892578e+00
5.650205612182617188e+00
5.435977935791015625e+00
5.477606773376464844e+00
5.451890468597412109e+00
5.450531005859375000e+00
5.552282333374023438e+00
5.454148292541503906e+00
5.412750720977783203e+00
5.688867568969726562e+00
5.499037742614746094e+00
5.382348060607910156e+00
5.394177436828613281e+00
5.390647888183593750e+00
5.435782432556152344e+00
5.405298709869384766e+00
5.445298194885253906e+00
5.591937541961669922e+00
5.433270931243896484e+00
5.423889160156250000e+00
5.389904499053955078e+00
5.520019531250000000e+00
5.443639755249023438e+00
5.393891334533691406e+00
5.372283935546875000e+00
5.410408973693847656e+00
5.404270648956298828e+00
5.374672412872314453e+00
5.426913261413574219e+00
5.363135337829589844e+00
5.485308170318603516e+00
5.403898715972900391e+00
5.416057586669921875e+00
5.431722164154052734e+00
5.456317901611328125e+00
5.414805412292480469e+00
5.455915451049804688e+00
5.394299507141113281e+00
5.372879028320312500e+00
5.451642036437988281e+00
5.391540527343750000e+00
5.376480102539062500e+00
5.428604125976562500e+00
5.379375457763671875e+00
5.397795200347900391e+00
5.425384044647216797e+00
5.438032627105712891e+00
5.449865341186523438e+00
5.379288673400878906e+00
5.399853706359863281e+00
5.395226955413818359e+00
5.369710922241210938e+00
5.424944877624511719e+00
5.481621742248535156e+00
5.364621639251708984e+00
5.487885951995849609e+00
5.578365802764892578e+00
5.384518146514892578e+00
5.402609348297119141e+00
5.700043201446533203e+00
5.470670700073242188e+00
5.445737838745117188e+00
5.429269313812255859e+00
5.433795928955078125e+00
5.510976314544677734e+00
5.595859050750732422e+00
5.453543663024902344e+00
5.431480407714843750e+00
5.405700683593750000e+00
5.398906707763671875e+00
5.465227127075195312e+00
5.439502239227294922e+00
5.444199085235595703e+00
5.453783512115478516e+00
5.488703727722167969e+00
5.445537090301513672e+00
5.459127426147460938e+00
5.375640869140625000e+00
5.408902645111083984e+00
5.369926929473876953e+00
5.445391178131103516e+00
5.435321331024169922e+00
5.410097122192382812e+00
5.415764808654785156e+00
5.465026855468750000e+00
5.448393821716308594e+00
5.405611515045166016e+00
5.383912563323974609e+00
5.545025825500488281e+00
5.374038696289062500e+00
5.400572299957275391e+00
5.420538902282714844e+00
5.431145668029785156e+00
5.436084270477294922e+00
5.462314605712890625e+00
5.462789535522460938e+00
5.388095855712890625e+00
5.344963073730468750e+00
5.395287990570068359e+00
5.616732597351074219e+00
5.455312728881835938e+00
5.477980613708496094e+00
5.374520778656005859e+00
5.399394512176513672e+00
5.405120849609375000e+00
5.465835094451904297e+00
5.394790172576904297e+00
5.344470500946044922e+00
5.565109252929687500e+00
5.466567516326904297e+00
5.379787921905517578e+00
5.458255290985107422e+00
5.414922714233398438e+00
5.371288776397705078e+00
5.494404792785644531e+00
5.449115753173828125e+00
5.345360755920410156e+00
5.376713275909423828e+00
5.342856407165527344e+00
5.489032745361328125e+00
5.516654491424560547e+00
5.524782180786132812e+00
5.439637660980224609e+00
5.372251510620117188e+00
5.347041130065917969e+00
5.313016414642333984e+00
5.409811973571777344e+00
5.366788387298583984e+00
5.435065746307373047e+00
5.353230476379394531e+00
5.392238616943359375e+00
5.431485652923583984e+00
5.372386455535888672e+00
5.427020072937011719e+00
5.465817928314208984e+00
5.378376483917236328e+00
5.375063896179199219e+00
5.447473049163818359e+00
5.428782939910888672e+00
5.498929023742675781e+00
5.490090847015380859e+00
5.458669185638427734e+00
5.470177173614501953e+00
5.438220977783203125e+00
5.389619827270507812e+00
5.567910194396972656e+00
5.392882347106933594e+00
5.347288608551025391e+00
5.419468402862548828e+00
5.340091228485107422e+00
5.522333145141601562e+00
5.385769844055175781e+00
5.361782550811767578e+00
5.476869583129882812e+00
5.345315933227539062e+00
5.444120407104492188e+00
5.433526039123535156e+00
5.390686988830566406e+00
5.333552837371826172e+00
5.461624145507812500e+00
5.426907539367675781e+00
5.411434173583984375e+00
5.418930053710937500e+00
5.440183639526367188e+00
5.427900791168212891e+00
5.419741630554199219e+00
5.420619487762451172e+00
5.432687759399414062e+00
5.483513355255126953e+00
5.398704528808593750e+00
5.427021980285644531e+00
5.412425994873046875e+00
5.418912887573242188e+00
5.420918464660644531e+00
5.463831901550292969e+00
5.469923019409179688e+00
5.510075569152832031e+00
5.373475551605224609e+00
5.390448093414306641e+00
5.363202095031738281e+00
5.523012638092041016e+00
5.460174560546875000e+00
5.532806396484375000e+00
5.440361976623535156e+00
5.479299068450927734e+00
5.451655387878417969e+00
5.528200626373291016e+00
5.378713130950927734e+00
5.381414890289306641e+00
5.409790039062500000e+00
5.516102790832519531e+00
5.451934814453125000e+00
5.379680156707763672e+00
5.437932491302490234e+00
5.442046165466308594e+00
5.342931747436523438e+00
5.506177902221679688e+00
5.529365539550781250e+00
5.441362857818603516e+00
5.468082427978515625e+00
5.465420722961425781e+00
5.396052837371826172e+00
5.410056114196777344e+00
5.387538909912109375e+00
5.412082195281982422e+00
5.406264305114746094e+00
5.471781730651855469e+00
5.444507598876953125e+00
5.370746135711669922e+00
5.466389179229736328e+00
5.505789756774902344e+00
5.465119838714599609e+00
5.414043903350830078e+00
5.556798934936523438e+00
5.359852790832519531e+00
5.400885581970214844e+00
5.360815525054931641e+00
5.352091312408447266e+00
5.495698928833007812e+00
5.406780242919921875e+00
5.356110095977783203e+00
5.421904087066650391e+00
5.332499504089355469e+00
5.416698455810546875e+00
5.397416114807128906e+00
5.376469612121582031e+00
5.390644550323486328e+00
5.361613750457763672e+00
5.429505825042724609e+00
5.370473384857177734e+00
5.388443470001220703e+00
5.411190986633300781e+00
5.476016044616699219e+00
5.358462333679199219e+00
5.432667732238769531e+00
5.492910385131835938e+00
5.417306900024414062e+00
5.392315864562988281e+00
5.406611442565917969e+00
5.376418113708496094e+00
5.358675956726074219e+00
5.390414237976074219e+00
5.412935733795166016e+00
5.395591735839843750e+00
5.438786506652832031e+00
5.508870124816894531e+00
5.408834934234619141e+00
