6.469869613647460938e+00
5.947159767150878906e+00
5.640079975128173828e+00
5.492305755615234375e+00
5.392315387725830078e+00
5.347105979919433594e+00
5.308074474334716797e+00
5.268913745880126953e+00
5.244019985198974609e+00
5.231297492980957031e+00
5.233541965484619141e+00
5.234451293945312500e+00
5.199887275695800781e+00
5.192056179046630859e+00
5.171840190887451172e+00
5.176311969757080078e+00
5.140734672546386719e+00
5.148856163024902344e+00
5.139794826507568359e+00
5.128345966339111328e+00
5.118668556213378906e+00
5.117923736572265625e+00
5.118303298950195312e+00
5.111564636230468750e+00
5.108022689819335938e+00
5.089776039123535156e+00
5.093007087707519531e+00
5.090012550354003906e+00
5.085717201232910156e+00
5.078288078308105469e+00
5.071761131286621094e+00
5.070676803588867188e+00
5.065490722656250000e+00
5.053212165832519531e+00
5.057812213897705078e+00
5.056331634521484375e+00
5.053964138031005859e+00
5.064815521240234375e+00
5.049252510070800781e+00
5.049290180206298828e+00
5.046092033386230469e+00
5.042012691497802734e+00
5.050453662872314453e+00
5.054005146026611328e+00
5.051187992095947266e+00
5.040365219116210938e+00
5.039599418640136719e+00
5.041906833648681641e+00
5.038343429565429688e+00
5.042943954467773438e+00
5.048333168029785156e+00
5.033517837524414062e+00
5.032714366912841797e+00
5.024667739868164062e+00
5.046813011169433594e+00
5.021547794342041016e+00
5.035130500793457031e+00
5.024767875671386719e+00
5.021165370941162109e+00
5.019369602203369141e+00
5.022859573364257812e+00
5.019165039062500000e+00
5.019319057464599609e+00
5.012612342834472656e+00
5.013653755187988281e+00
5.026095390319824219e+00
5.013908863067626953e+00
5.018884181976318359e+00
5.023339271545410156e+00
5.017798900604248047e+00
5.017389297485351562e+00
5.009715080261230469e+00
5.022411346435546875e+00
5.013079643249511719e+00
5.013494968414306641e+00
5.013721466064453125e+00
5.011518001556396484e+00
5.057826995849609375e+00
5.006598472595214844e+00
5.012619972229003906e+00
5.008572578430175781e+00
5.012108802795410156e+00
5.001610755920410156e+00
5.018881797790527344e+00
5.001163482666015625e+00
5.000914573669433594e+00
5.015162944793701172e+00
5.017143249511718750e+00
5.003135681152343750e+00
5.024932384490966797e+00
4.996549606323242188e+00
5.011529922485351562e+00
4.997329711914062500e+00
4.998466491699218750e+00
5.018282890319824219e+00
5.008725166320800781e+00
5.000102996826171875e+00
5.007887363433837891e+00
5.002943515777587891e+00
4.999134063720703125e+00
5.002720832824707031e+00
5.001584529876708984e+00
5.011369228363037109e+00
4.990875720977783203e+00
5.004899024963378906e+00
5.017109394073486328e+00
5.001117229461669922e+00
5.000030517578125000e+00
4.997099399566650391e+00
5.001099586486816406e+00
4.996151924133300781e+00
4.986628532409667969e+00
5.012370586395263672e+00
4.988529682159423828e+00
4.990691661834716797e+00
4.988681316375732422e+00
4.996962547302246094e+00
4.997830390930175781e+00
4.989072799682617188e+00
4.991177558898925781e+00
4.992440223693847656e+00
4.986766338348388672e+00
5.000279426574707031e+00
4.994402885437011719e+00
4.999337196350097656e+00
4.995072364807128906e+00
4.986607551574707031e+00
4.990027427673339844e+00
4.990930080413818359e+00
4.986909389495849609e+00
4.991079330444335938e+00
5.002150535583496094e+00
4.982372283935546875e+00
4.999135017395019531e+00
4.989327430725097656e+00
4.997315883636474609e+00
4.991087913513183594e+00
4.988144874572753906e+00
4.996646881103515625e+00
4.987962722778320312e+00
4.987558364868164062e+00
4.983521938323974609e+00
4.994517803192138672e+00
4.993380546569824219e+00
4.994608879089355469e+00
4.987716674804687500e+00
4.978687763214111328e+00
4.998129844665527344e+00
4.981014251708984375e+00
4.984529972076416016e+00
4.986497879028320312e+00
4.981351375579833984e+00
4.981436729431152344e+00
4.981248378753662109e+00
4.989533901214599609e+00
4.990092277526855469e+00
4.975872039794921875e+00
4.993193626403808594e+00
4.990799903869628906e+00
4.983390331268310547e+00
4.981408119201660156e+00
4.977077484130859375e+00
4.991628646850585938e+00
4.978279590606689453e+00
4.995614051818847656e+00
4.985689640045166016e+00
4.989435195922851562e+00
5.007251739501953125e+00
4.984909534454345703e+00
4.983122825622558594e+00
4.974705696105957031e+00
4.982476234436035156e+00
4.973732948303222656e+00
4.972607612609863281e+00
4.977493286132812500e+00
4.976325035095214844e+00
4.977013111114501953e+00
4.976842880249023438e+00
4.972241401672363281e+00
4.976644515991210938e+00
4.993075847625732422e+00
4.976182460784912109e+00
4.984971523284912109e+00
4.989462852478027344e+00
4.976312160491943359e+00
4.977687835693359375e+00
4.987504959106445312e+00
4.985548019409179688e+00
4.974079608917236328e+00
4.976334095001220703e+00
4.980135917663574219e+00
4.976167678833007812e+00
4.975534439086914062e+00
4.978767395019531250e+00
4.971726894378662109e+00
5.000299930572509766e+00
4.990983963012695312e+00
4.978333473205566406e+00
4.978259086608886719e+00
4.973462581634521484e+00
4.984798431396484375e+00
4.980645179748535156e+00
4.994088172912597656e+00
4.977469921112060547e+00
4.983899116516113281e+00
4.980192661285400391e+00
4.988526344299316406e+00
4.985186576843261719e+00
4.970905303955078125e+00
4.973306179046630859e+00
4.976642131805419922e+00
5.006872177124023438e+00
4.974228382110595703e+00
4.971930980682373047e+00
4.981445789337158203e+00
4.974282264709472656e+00
4.976000785827636719e+00
4.972204208374023438e+00
4.987151145935058594e+00
4.966498374938964844e+00
4.979188919067382812e+00
4.972360134124755859e+00
4.973202705383300781e+00
4.969299316406250000e+00
4.976951599121093750e+00
4.972638130187988281e+00
4.975192546844482422e+00
4.971848964691162109e+00
4.967390060424804688e+00
4.978102684020996094e+00
4.972484588623046875e+00
4.968795776367187500e+00
4.983544349670410156e+00
4.968466758728027344e+00
4.970916271209716797e+00
4.969287872314453125e+00
4.968375205993652344e+00
4.968563079833984375e+00
4.965759277343750000e+00
4.967807292938232422e+00
4.975053787231445312e+00
4.972928047180175781e+00
4.972634792327880859e+00
4.971430301666259766e+00
4.971860408782958984e+00
4.967956542968750000e+00
4.996110916137695312e+00
4.962761402130126953e+00
4.967317581176757812e+00
4.972040176391601562e+00
4.978881835937500000e+00
4.990463733673095703e+00
4.971142292022705078e+00
4.970426559448242188e+00
4.978796005249023438e+00
4.968081951141357422e+00
4.969407558441162109e+00
4.967756271362304688e+00
4.980272293090820312e+00
4.964750766754150391e+00
4.967680931091308594e+00
4.970803260803222656e+00
4.965661048889160156e+00
4.985306739807128906e+00
4.967589378356933594e+00
4.990065574645996094e+00
4.968246459960937500e+00
4.971672534942626953e+00
4.971596717834472656e+00
4.972612380981445312e+00
4.966516971588134766e+00
4.966781616210937500e+00
4.972791671752929688e+00
4.968980789184570312e+00
4.963794708251953125e+00
4.969089984893798828e+00
4.981450080871582031e+00
4.973957538604736328e+00
4.966065883636474609e+00
4.966928005218505859e+00
4.969610214233398438e+00
4.979981899261474609e+00
4.969043731689453125e+00
4.967102050781250000e+00
4.970351219177246094e+00
4.983917236328125000e+00
4.964066505432128906e+00
4.977570533752441406e+00
4.979322433471679688e+00
4.978936195373535156e+00
4.975737571716308594e+00
4.975706100463867188e+00
4.964765071868896484e+00
4.973864555358886719e+00
4.967700481414794922e+00
4.967929840087890625e+00
4.975529193878173828e+00
4.971339225769042969e+00
4.965328693389892578e+00
4.963588237762451172e+00
4.986517906188964844e+00
4.967177867889404297e+00
4.969089984893798828e+00
4.969459533691406250e+00
4.960121154785156250e+00
4.981357574462890625e+00
4.966150283813476562e+00
4.964430809020996094e+00
4.970565319061279297e+00
4.966218471527099609e+00
4.963747024536132812e+00
4.962943553924560547e+00
4.979195594787597656e+00
4.965368270874023438e+00
4.965233802795410156e+00
4.963934898376464844e+00
4.970538139343261719e+00
4.964168071746826172e+00
4.969931125640869141e+00
4.965925216674804688e+00
4.968338012695312500e+00
4.989067554473876953e+00
4.969278335571289062e+00
4.963428020477294922e+00
4.970993518829345703e+00
4.966404914855957031e+00
4.964466094970703125e+00
4.967791557312011719e+00
4.970358371734619141e+00
4.963942527770996094e+00
4.966214179992675781e+00
4.968051433563232422e+00
4.965008735656738281e+00
4.967317104339599609e+00
4.969764709472656250e+00
4.968177795410156250e+00
4.967391967773437500e+00
4.968010425567626953e+00
4.959610939025878906e+00
4.978501796722412109e+00
4.962023735046386719e+00
4.966679096221923828e+00
4.965652465820312500e+00
4.962570190429687500e+00
4.970071792602539062e+00
4.966706275939941406e+00
4.969896316528320312e+00
4.971717834472656250e+00
4.970964431762695312e+00
4.960277557373046875e+00
4.966110229492187500e+00
4.962749481201171875e+00
4.957888603210449219e+00
4.962778568267822266e+00
4.959459304809570312e+00
4.963440895080566406e+00
4.961587905883789062e+00
4.969584465026855469e+00
4.964756011962890625e+00
4.966839313507080078e+00
4.992682933807373047e+00
4.984122276306152344e+00
4.979194164276123047e+00
4.980637550354003906e+00
4.965026855468750000e+00
4.963351249694824219e+00
4.961135864257812500e+00
4.957972526550292969e+00
4.962223052978515625e+00
4.987949371337890625e+00
4.966591358184814453e+00
4.966032981872558594e+00
4.963953495025634766e+00
4.962035179138183594e+00
4.963472366333007812e+00
4.964184284210205078e+00
4.963927745819091797e+00
4.959061622619628906e+00
4.957832336425781250e+00
4.958325386047363281e+00
4.966904640197753906e+00
4.959216117858886719e+00
4.969174861907958984e+00
4.973347663879394531e+00
4.967100620269775391e+00
4.964311122894287109e+00
4.965739250183105469e+00
4.959942817687988281e+00
4.966252803802490234e+00
4.966639995574951172e+00
4.958980560302734375e+00
4.966184616088867188e+00
4.964310646057128906e+00
4.967576026916503906e+00
4.957587242126464844e+00
4.980328559875488281e+00
4.957540988922119141e+00
4.955724716186523438e+00
4.960653305053710938e+00
4.959854125976562500e+00
4.957654953002929688e+00
4.957206726074218750e+00
4.967989444732666016e+00
4.972839355468750000e+00
4.970107078552246094e+00
4.977064132690429688e+00
4.963988780975341797e+00
4.960534095764160156e+00
4.963128089904785156e+00
4.963269233703613281e+00
4.960177421569824219e+00
4.961885452270507812e+00
4.960173606872558594e+00
4.964231967926025391e+00
4.960258483886718750e+00
4.961334228515625000e+00
4.963091850280761719e+00
4.959098815917968750e+00
4.959770202636718750e+00
4.966799736022949219e+00
4.965692520141601562e+00
4.959234714508056641e+00
4.959350109100341797e+00
4.959090709686279297e+00
4.966125011444091797e+00
4.959680557250976562e+00
4.972054481506347656e+00
4.964914798736572266e+00
4.963201045989990234e+00
4.959950447082519531e+00
5.012506961822509766e+00
4.972808361053466797e+00
4.958135128021240234e+00
4.965161323547363281e+00
4.959054470062255859e+00
4.965850353240966797e+00
4.957370758056640625e+00
4.956300258636474609e+00
4.975729942321777344e+00
4.956878662109375000e+00
4.957857131958007812e+00
4.959121227264404297e+00
4.965635776519775391e+00
4.957055091857910156e+00
4.954810142517089844e+00
4.962402343750000000e+00
4.959490776062011719e+00
4.955066680908203125e+00
4.958148956298828125e+00
4.963737964630126953e+00
4.954770565032958984e+00
4.954282760620117188e+00
4.957577228546142578e+00
4.955838680267333984e+00
4.956023216247558594e+00
4.955689430236816406e+00
4.978990077972412109e+00
4.963482379913330078e+00
4.957611083984375000e+00
4.958290100097656250e+00
4.955059051513671875e+00
4.960284233093261719e+00
4.958984851837158203e+00
4.957107067108154297e+00
4.958024978637695312e+00
4.956923007965087891e+00
4.956769943237304688e+00
4.957080841064453125e+00
4.964652061462402344e+00
4.956924915313720703e+00
4.955316066741943359e+00
4.960481643676757812e+00
4.964436531066894531e+00
4.956729412078857422e+00
4.972836494445800781e+00
4.973892688751220703e+00
4.958033561706542969e+00
4.966179847717285156e+00
4.962008953094482422e+00
4.955093860626220703e+00
4.955845355987548828e+00
4.954715251922607422e+00
4.966344356536865234e+00
4.958542346954345703e+00
4.960661888122558594e+00
4.953979015350341797e+00
4.969729423522949219e+00
4.956085681915283203e+00
4.961641788482666016e+00
4.955774307250976562e+00
4.952919006347656250e+00
4.958065509796142578e+00
4.958168506622314453e+00
4.959840774536132812e+00
4.957948207855224609e+00
4.957962989807128906e+00
4.953276157379150391e+00
4.956697463989257812e+00
4.953670024871826172e+00
4.956082820892333984e+00
4.961576461791992188e+00
4.955645561218261719e+00
4.956055641174316406e+00
4.981061458587646484e+00
4.956037521362304688e+00
4.961741447448730469e+00
4.959115982055664062e+00
4.961123466491699219e+00
4.957645416259765625e+00
4.951822280883789062e+00
4.969577312469482422e+00
4.991821765899658203e+00
4.959455966949462891e+00
4.957679748535156250e+00
4.969492912292480469e+00
4.952310085296630859e+00
4.961625099182128906e+00
4.956113815307617188e+00
4.967374324798583984e+00
4.963689327239990234e+00
4.958724498748779297e+00
4.963864803314208984e+00
4.951608657836914062e+00
4.953934669494628906e+00
4.955010890960693359e+00
4.958613395690917969e+00
4.956338405609130859e+00
4.954261779785156250e+00
4.990416526794433594e+00
4.953796863555908203e+00
4.955338001251220703e+00
4.955256938934326172e+00
4.958373069763183594e+00
4.958226203918457031e+00
4.954454421997070312e+00
4.961560726165771484e+00
4.957795619964599609e+00
4.953955173492431641e+00
4.970952510833740234e+00
4.954713821411132812e+00
4.955699920654296875e+00
4.953658103942871094e+00
4.965114116668701172e+00
4.958182334899902344e+00
4.981753349304199219e+00
4.959259986877441406e+00
4.964397907257080078e+00
4.957322120666503906e+00
4.965024948120117188e+00
4.956216812133789062e+00
4.955847740173339844e+00
4.954838275909423828e+00
4.963198661804199219e+00
4.957809448242187500e+00
4.954009056091308594e+00
4.954335689544677734e+00
4.954085350036621094e+00
4.953918457031250000e+00
4.961154460906982422e+00
4.955453872680664062e+00
4.951199531555175781e+00
4.954592227935791016e+00
4.958178520202636719e+00
4.962690353393554688e+00
4.957869529724121094e+00
4.984378814697265625e+00
4.952504158020019531e+00
4.954731941223144531e+00
4.976838111877441406e+00
4.955295085906982422e+00
4.976425170898437500e+00
4.955087661743164062e+00
4.956139564514160156e+00
4.960281372070312500e+00
4.955055236816406250e+00
4.957776069641113281e+00
4.949729442596435547e+00
4.948780059814453125e+00
4.953648090362548828e+00
4.954916000366210938e+00
4.958053588867187500e+00
4.952429771423339844e+00
4.954332351684570312e+00
4.955858707427978516e+00
4.954825401306152344e+00
4.950733184814453125e+00
4.960411071777343750e+00
4.951180458068847656e+00
4.954721927642822266e+00
4.952436923980712891e+00
4.951766014099121094e+00
4.982680320739746094e+00
4.952577590942382812e+00
4.964523315429687500e+00
4.962989330291748047e+00
4.954228401184082031e+00
4.953442096710205078e+00
4.952749252319335938e+00
4.952495098114013672e+00
4.947886943817138672e+00
4.952250480651855469e+00
4.962420463562011719e+00
4.952564239501953125e+00
4.958563327789306641e+00
4.950349330902099609e+00
4.959658145904541016e+00
4.953475952148437500e+00
4.968809127807617188e+00
4.951231956481933594e+00
4.958664894104003906e+00
4.980678558349609375e+00
4.955390453338623047e+00
4.950594902038574219e+00
4.957127571105957031e+00
4.949107646942138672e+00
4.972450733184814453e+00
4.951736450195312500e+00
4.960132598876953125e+00
4.967074871063232422e+00
4.951694488525390625e+00
4.959462642669677734e+00
4.958283424377441406e+00
4.953098773956298828e+00
4.964332580566406250e+00
4.950932025909423828e+00
4.959797859191894531e+00
4.951382637023925781e+00
4.954971313476562500e+00
4.951765537261962891e+00
4.954579353332519531e+00
4.957362174987792969e+00
4.950265407562255859e+00
4.960381984710693359e+00
4.954076766967773438e+00
4.953989028930664062e+00
4.954030990600585938e+00
4.972087860107421875e+00
4.981058120727539062e+00
4.962945938110351562e+00
4.958961486816406250e+00
4.963382244110107422e+00
4.956450462341308594e+00
4.951982975006103516e+00
4.960733413696289062e+00
4.953629016876220703e+00
4.952143669128417969e+00
4.956279277801513672e+00
4.956811428070068359e+00
4.955019474029541016e+00
4.952556133270263672e+00
4.955027580261230469e+00
4.958402633666992188e+00
4.957247734069824219e+00
4.952876091003417969e+00
4.951852798461914062e+00
4.957337379455566406e+00
4.946691036224365234e+00
4.949677467346191406e+00
4.955529212951660156e+00
4.948606967926025391e+00
4.951501846313476562e+00
4.954066276550292969e+00
4.965183734893798828e+00
4.961065292358398438e+00
4.952255725860595703e+00
4.957481384277343750e+00
4.957318305969238281e+00
4.947522163391113281e+00
4.949050903320312500e+00
4.950872898101806641e+00
4.949467658996582031e+00
4.951496124267578125e+00
4.946841716766357422e+00
4.966499328613281250e+00
4.949604988098144531e+00
4.955550193786621094e+00
4.965325355529785156e+00
4.956550598144531250e+00
4.958155155181884766e+00
4.950325012207031250e+00
4.949401378631591797e+00
4.951387882232666016e+00
4.957953453063964844e+00
4.950390815734863281e+00
4.959845542907714844e+00
4.952474117279052734e+00
4.966284751892089844e+00
4.954534053802490234e+00
4.963031768798828125e+00
4.954003334045410156e+00
4.954703330993652344e+00
4.950727462768554688e+00
4.953833103179931641e+00
4.954827308654785156e+00
4.950811386108398438e+00
4.950193405151367188e+00
4.951011180877685547e+00
4.952032566070556641e+00
4.948456764221191406e+00
4.953087329864501953e+00
4.957333087921142578e+00
4.956101417541503906e+00
4.955945968627929688e+00
4.950181007385253906e+00
4.952224254608154297e+00
4.949259757995605469e+00
4.951404571533203125e+00
4.956609725952148438e+00
4.955235004425048828e+00
4.954014778137207031e+00
4.951172351837158203e+00
4.952921867370605469e+00
4.959129333496093750e+00
4.960681915283203125e+00
4.955479145050048828e+00
4.955158233642578125e+00
4.955251693725585938e+00
4.949447631835937500e+00
4.947746276855468750e+00
4.953045845031738281e+00
4.963616847991943359e+00
4.953919410705566406e+00
4.963626861572265625e+00
4.951888084411621094e+00
4.953218460083007812e+00
4.959896087646484375e+00
4.950234413146972656e+00
4.971618652343750000e+00
4.950958251953125000e+00
4.964049339294433594e+00
4.948310852050781250e+00
4.954210281372070312e+00
4.952723979949951172e+00
4.949866294860839844e+00
4.948906898498535156e+00
4.951955318450927734e+00
4.959314346313476562e+00
4.949449539184570312e+00
4.951914310455322266e+00
4.947854995727539062e+00
4.953063488006591797e+00
4.957370758056640625e+00
4.953494071960449219e+00
4.954889774322509766e+00
4.956319808959960938e+00
4.958895683288574219e+00
4.952224254608154297e+00
4.952125549316406250e+00
4.956813812255859375e+00
4.954788684844970703e+00
4.948534965515136719e+00
4.959482192993164062e+00
4.953632831573486328e+00
4.950247764587402344e+00
4.961428642272949219e+00
4.950376033782958984e+00
4.949303627014160156e+00
4.951193809509277344e+00
4.956301689147949219e+00
4.950881481170654297e+00
4.948014259338378906e+00
4.951424598693847656e+00
4.951984405517578125e+00
4.952395439147949219e+00
4.959272384643554688e+00
4.969325065612792969e+00
4.960334300994873047e+00
4.960388183593750000e+00
4.959450721740722656e+00
4.951604843139648438e+00
4.951541423797607422e+00
4.950857639312744141e+00
4.955585002899169922e+00
4.953085899353027344e+00
4.956930160522460938e+00
4.951487064361572266e+00
4.953650474548339844e+00
4.958306789398193359e+00
4.951459884643554688e+00
4.949446678161621094e+00
4.952481746673583984e+00
4.949984550476074219e+00
4.952496051788330078e+00
4.972107887268066406e+00
4.951472282409667969e+00
4.954194068908691406e+00
4.949912071228027344e+00
4.950540065765380859e+00
4.961042404174804688e+00
4.956811904907226562e+00
4.950567722320556641e+00
4.949891090393066406e+00
4.952411651611328125e+00
4.948499679565429688e+00
4.954809665679931641e+00
4.951159954071044922e+00
4.950425624847412109e+00
4.952186584472656250e+00
4.948391914367675781e+00
4.951600551605224609e+00
4.949450016021728516e+00
4.948574066162109375e+00
4.949078083038330078e+00
4.950854301452636719e+00
4.952721595764160156e+00
4.947358608245849609e+00
4.947273731231689453e+00
4.948916435241699219e+00
4.948534488677978516e+00
4.950621604919433594e+00
4.963544368743896484e+00
4.949910163879394531e+00
4.950292587280273438e+00
4.954725265502929688e+00
4.956535339355468750e+00
4.951349258422851562e+00
4.949294090270996094e+00
4.949232101440429688e+00
4.954247951507568359e+00
4.950834274291992188e+00
4.950040817260742188e+00
4.953105449676513672e+00
4.946536064147949219e+00
4.952475070953369141e+00
4.949080467224121094e+00
4.948971748352050781e+00
4.949051856994628906e+00
4.948551654815673828e+00
4.947362422943115234e+00
4.960026264190673828e+00
4.953043937683105469e+00
4.953605651855468750e+00
4.966284275054931641e+00
4.949363708496093750e+00
4.952209949493408203e+00
4.957828521728515625e+00
4.951171875000000000e+00
4.947164535522460938e+00
4.952567577362060547e+00
4.953273296356201172e+00
4.948628425598144531e+00
4.950658798217773438e+00
4.948219299316406250e+00
4.950246810913085938e+00
4.951521396636962891e+00
4.953972816467285156e+00
4.946761131286621094e+00
4.953058719635009766e+00
4.949840545654296875e+00
4.947061061859130859e+00
4.955197334289550781e+00
4.950284957885742188e+00
4.946141719818115234e+00
4.948185920715332031e+00
4.949895858764648438e+00
4.948981285095214844e+00
4.951439857482910156e+00
4.949891567230224609e+00
4.962646961212158203e+00
4.957212448120117188e+00
4.948381900787353516e+00
4.956935405731201172e+00
4.962323188781738281e+00
4.947378635406494141e+00
4.950146675109863281e+00
4.959389209747314453e+00
4.949129104614257812e+00
4.960534095764160156e+00
4.949603080749511719e+00
4.963367462158203125e+00
4.959920883178710938e+00
4.948645591735839844e+00
4.948751926422119141e+00
4.950017452239990234e+00
4.954280853271484375e+00
4.954605579376220703e+00
4.949505805969238281e+00
4.946403503417968750e+00
4.949270725250244141e+00
4.963240146636962891e+00
4.961777687072753906e+00
4.947815895080566406e+00
4.950254440307617188e+00
4.953058242797851562e+00
4.949687957763671875e+00
4.950442790985107422e+00
4.947011470794677734e+00
4.948617935180664062e+00
4.976521015167236328e+00
4.947735309600830078e+00
4.949348449707031250e+00
4.954305171966552734e+00
4.947490692138671875e+00
4.949714183807373047e+00
4.965776920318603516e+00
4.945922851562500000e+00
4.946417331695556641e+00
4.953175067901611328e+00
4.950026035308837891e+00
4.949549674987792969e+00
4.955233573913574219e+00
4.946816444396972656e+00
4.952100276947021484e+00
4.947488307952880859e+00
4.953038215637207031e+00
4.950519084930419922e+00
4.951023101806640625e+00
4.952987670898437500e+00
4.947835922241210938e+00
4.950278759002685547e+00
4.948894977569580078e+00
4.947046756744384766e+00
4.946864128112792969e+00
4.945609092712402344e+00
4.946812629699707031e+00
4.955294609069824219e+00
4.953824996948242188e+00
4.952510356903076172e+00
4.952641487121582031e+00
4.947255134582519531e+00
4.948693275451660156e+00
4.960528373718261719e+00
4.954795837402343750e+00
4.957153320312500000e+00
4.962588310241699219e+00
4.950071811676025391e+00
4.970651149749755859e+00
4.948084354400634766e+00
4.950095176696777344e+00
4.959164142608642578e+00
4.949530601501464844e+00
4.948131084442138672e+00
4.948891162872314453e+00
4.951239585876464844e+00
4.951287269592285156e+00
4.947504997253417969e+00
4.959789276123046875e+00
4.949284076690673828e+00
4.950164794921875000e+00
4.945841789245605469e+00
4.950837135314941406e+00
4.945120811462402344e+00
4.948633193969726562e+00
4.946172714233398438e+00
4.951449871063232422e+00
4.954329490661621094e+00
4.952304840087890625e+00
4.947223186492919922e+00
4.946872711181640625e+00
4.967667102813720703e+00
4.972481250762939453e+00
4.949816703796386719e+00
4.954525947570800781e+00
4.947558879852294922e+00
4.949325561523437500e+00
4.949591636657714844e+00
4.945313453674316406e+00
4.948223590850830078e+00
4.944581508636474609e+00
4.948056221008300781e+00
4.958320617675781250e+00
4.945697307586669922e+00
4.949944496154785156e+00
4.971804141998291016e+00
4.948421001434326172e+00
4.947543144226074219e+00
4.945340633392333984e+00
4.950583457946777344e+00
4.950157165527343750e+00
4.947913169860839844e+00
