6.819067955017089844e+00
6.570945739746093750e+00
6.356413841247558594e+00
6.286827087402343750e+00
6.222007751464843750e+00
6.172966480255126953e+00
6.105420112609863281e+00
6.149646282196044922e+00
6.073126316070556641e+00
6.314940452575683594e+00
6.026080608367919922e+00
6.073529243469238281e+00
6.172901630401611328e+00
6.280162334442138672e+00
6.220486640930175781e+00
5.979703903198242188e+00
6.193708896636962891e+00
6.225108623504638672e+00
6.118855953216552734e+00
6.004464626312255859e+00
6.055431842803955078e+00
5.948027133941650391e+00
5.957970619201660156e+00
5.931176662445068359e+00
6.108022212982177734e+00
5.905979156494140625e+00
5.901895046234130859e+00
6.027277946472167969e+00
5.868977069854736328e+00
5.902966976165771484e+00
5.996020793914794922e+00
5.942195415496826172e+00
5.839369773864746094e+00
5.912493705749511719e+00
5.867285728454589844e+00
5.833104610443115234e+00
5.851021766662597656e+00
5.848273754119873047e+00
5.836450576782226562e+00
5.920317173004150391e+00
5.778417110443115234e+00
5.981380939483642578e+00
5.926552772521972656e+00
5.813476562500000000e+00
5.891442298889160156e+00
6.064003467559814453e+00
5.869100570678710938e+00
5.887643814086914062e+00
5.901415824890136719e+00
5.973318576812744141e+00
5.817344188690185547e+00
5.831034660339355469e+00
5.677958965301513672e+00
5.713475227355957031e+00
5.747193336486816406e+00
6.030147075653076172e+00
6.030476570129394531e+00
5.759879112243652344e+00
5.779553413391113281e+00
5.795515060424804688e+00
5.927810192108154297e+00
5.894838333129882812e+00
5.742843151092529297e+00
5.816455841064453125e+00
6.005230426788330078e+00
5.877871990203857422e+00
5.749785423278808594e+00
5.970962047576904297e+00
5.818221569061279297e+00
5.875785827636718750e+00
5.881260395050048828e+00
5.920392036437988281e+00
5.875696182250976562e+00
5.832229614257812500e+00
5.928362369537353516e+00
5.819630622863769531e+00
5.774840831756591797e+00
5.923410415649414062e+00
5.855440139770507812e+00
5.755313873291015625e+00
5.760152816772460938e+00
5.707231521606445312e+00
5.985747337341308594e+00
5.848821640014648438e+00
5.754115104675292969e+00
5.754000663757324219e+00
5.784266948699951172e+00
5.905534744262695312e+00
6.012184143066406250e+00
5.798973560333251953e+00
5.678405761718750000e+00
5.900197982788085938e+00
5.704678535461425781e+00
5.773905754089355469e+00
5.836822032928466797e+00
5.879636764526367188e+00
5.771354675292968750e+00
5.879363536834716797e+00
5.854133605957031250e+00
5.779843807220458984e+00
5.783250808715820312e+00
5.721934318542480469e+00
5.836025238037109375e+00
6.016665458679199219e+00
5.776367664337158203e+00
5.783862590789794922e+00
5.749950408935546875e+00
5.663164138793945312e+00
5.819711208343505859e+00
5.783232212066650391e+00
5.720749855041503906e+00
5.760531425476074219e+00
5.778098106384277344e+00
5.912648677825927734e+00
5.819189071655273438e+00
5.704098224639892578e+00
5.789523601531982422e+00
5.705060482025146484e+00
5.782737255096435547e+00
5.865166664123535156e+00
5.728482246398925781e+00
6.038405895233154297e+00
5.772233963012695312e+00
5.760848045349121094e+00
5.694131851196289062e+00
5.633519649505615234e+00
5.789017677307128906e+00
5.669657230377197266e+00
5.732491493225097656e+00
5.746779918670654297e+00
5.679623126983642578e+00
5.718641281127929688e+00
5.716428756713867188e+00
5.670373916625976562e+00
5.750529766082763672e+00
5.778864860534667969e+00
5.715491771697998047e+00
5.611848831176757812e+00
5.641716480255126953e+00
5.696663856506347656e+00
5.759696960449218750e+00
5.726135253906250000e+00
5.854621887207031250e+00
5.696617603302001953e+00
5.587055206298828125e+00
5.707791805267333984e+00
5.759170055389404297e+00
5.718635559082031250e+00
5.749407768249511719e+00
5.706259727478027344e+00
5.684457302093505859e+00
5.990100860595703125e+00
5.668531417846679688e+00
5.615270137786865234e+00
5.816307067871093750e+00
5.789140224456787109e+00
5.686400890350341797e+00
5.714844703674316406e+00
5.625379562377929688e+00
5.850501537322998047e+00
5.831443309783935547e+00
5.672668933868408203e+00
5.661515235900878906e+00
5.699729919433593750e+00
5.694572448730468750e+00
5.642441272735595703e+00
5.657762527465820312e+00
5.668056488037109375e+00
5.851522445678710938e+00
5.684160709381103516e+00
5.767483234405517578e+00
5.710302352905273438e+00
5.657867908477783203e+00
5.797945499420166016e+00
5.655725479125976562e+00
5.648352622985839844e+00
5.700033187866210938e+00
5.603785514831542969e+00
5.566123962402343750e+00
5.717129707336425781e+00
5.603075027465820312e+00
5.620286464691162109e+00
5.782851219177246094e+00
5.629089355468750000e+00
5.657182216644287109e+00
5.872367858886718750e+00
5.807706832885742188e+00
5.799915313720703125e+00
5.811859607696533203e+00
5.869366168975830078e+00
5.813668251037597656e+00
5.839158058166503906e+00
5.826099395751953125e+00
5.777351379394531250e+00
5.813854217529296875e+00
5.735891819000244141e+00
5.611973285675048828e+00
5.663943767547607422e+00
5.752018451690673828e+00
5.698082447052001953e+00
5.725629806518554688e+00
5.744527339935302734e+00
5.689418315887451172e+00
5.727701187133789062e+00
5.681648731231689453e+00
5.722921371459960938e+00
5.571350574493408203e+00
5.773901462554931641e+00
5.583919525146484375e+00
5.658363342285156250e+00
5.545214176177978516e+00
5.755878448486328125e+00
5.709957122802734375e+00
5.825231075286865234e+00
5.612533569335937500e+00
5.667851448059082031e+00
5.659184932708740234e+00
5.745851516723632812e+00
5.735731124877929688e+00
5.756337642669677734e+00
5.743144512176513672e+00
5.610720634460449219e+00
5.612430572509765625e+00
5.710008144378662109e+00
5.804730415344238281e+00
5.705064773559570312e+00
5.642219543457031250e+00
5.625227928161621094e+00
5.585359573364257812e+00
5.657631874084472656e+00
5.609712600708007812e+00
5.807093620300292969e+00
5.645352840423583984e+00
5.637319087982177734e+00
5.677083015441894531e+00
5.736625671386718750e+00
5.679243564605712891e+00
5.634051322937011719e+00
5.638368606567382812e+00
5.625436782836914062e+00
5.651025295257568359e+00
5.708386421203613281e+00
5.654315471649169922e+00
5.628278732299804688e+00
5.806711673736572266e+00
5.667464733123779297e+00
5.646458148956298828e+00
5.629361152648925781e+00
5.672340393066406250e+00
5.710966110229492188e+00
5.703107357025146484e+00
5.720074176788330078e+00
5.635767936706542969e+00
5.732832908630371094e+00
5.636754512786865234e+00
5.631739616394042969e+00
5.826115131378173828e+00
5.591598987579345703e+00
5.590745925903320312e+00
5.574020862579345703e+00
5.676485538482666016e+00
5.817743778228759766e+00
5.695126056671142578e+00
5.580158233642578125e+00
5.727828979492187500e+00
5.634980678558349609e+00
5.600374698638916016e+00
5.721390724182128906e+00
5.584432601928710938e+00
5.759779453277587891e+00
5.674945831298828125e+00
5.689101219177246094e+00
5.567069053649902344e+00
5.580524921417236328e+00
5.667835712432861328e+00
5.769294738769531250e+00
5.640422821044921875e+00
5.674365997314453125e+00
5.657042503356933594e+00
5.733165740966796875e+00
5.598289012908935547e+00
5.572547912597656250e+00
5.674064159393310547e+00
5.875366210937500000e+00
5.746411800384521484e+00
5.543027877807617188e+00
5.740976333618164062e+00
5.611200809478759766e+00
5.678863048553466797e+00
5.694139480590820312e+00
5.553868293762207031e+00
5.785287857055664062e+00
5.660017967224121094e+00
5.769827365875244141e+00
5.577630043029785156e+00
5.722361564636230469e+00
5.600129127502441406e+00
5.615489006042480469e+00
5.597187042236328125e+00
5.643698692321777344e+00
5.621192932128906250e+00
5.551083087921142578e+00
5.697498321533203125e+00
5.610529422760009766e+00
5.724794864654541016e+00
5.633706092834472656e+00
5.638063430786132812e+00
5.609223365783691406e+00
5.667196750640869141e+00
5.707194805145263672e+00
5.681651592254638672e+00
5.578975677490234375e+00
5.591351985931396484e+00
5.579230308532714844e+00
5.516456604003906250e+00
5.588470458984375000e+00
5.775768756866455078e+00
5.629365921020507812e+00
5.674733161926269531e+00
5.617939472198486328e+00
5.724801063537597656e+00
5.923587799072265625e+00
5.680619239807128906e+00
5.597029685974121094e+00
5.581578731536865234e+00
5.648196697235107422e+00
5.633405685424804688e+00
5.755914688110351562e+00
5.649772644042968750e+00
5.668214321136474609e+00
5.629692554473876953e+00
5.791329383850097656e+00
5.606821060180664062e+00
5.566055297851562500e+00
5.638398170471191406e+00
5.576082706451416016e+00
5.628902435302734375e+00
5.892918586730957031e+00
5.565267562866210938e+00
5.873864173889160156e+00
5.590346336364746094e+00
5.617159843444824219e+00
5.571551322937011719e+00
5.881053924560546875e+00
5.560680866241455078e+00
5.542237758636474609e+00
5.631895065307617188e+00
5.572866439819335938e+00
5.588665008544921875e+00
5.584144115447998047e+00
5.635968685150146484e+00
5.647268772125244141e+00
5.585752487182617188e+00
5.616681575775146484e+00
5.692358493804931641e+00
5.816571235656738281e+00
5.662875652313232422e+00
5.635842800140380859e+00
5.649721622467041016e+00
5.789453506469726562e+00
5.656372070312500000e+00
5.576939582824707031e+00
5.724995136260986328e+00
5.567344665527343750e+00
5.584256172180175781e+00
5.686378002166748047e+00
5.557283401489257812e+00
5.632423400878906250e+00
5.629652976989746094e+00
5.586931228637695312e+00
5.531782150268554688e+00
5.735908031463623047e+00
5.632231712341308594e+00
5.585690975189208984e+00
5.677172183990478516e+00
5.660746574401855469e+00
5.711414813995361328e+00
5.542533397674560547e+00
5.678156852722167969e+00
5.633674144744873047e+00
5.636140823364257812e+00
5.637873649597167969e+00
5.562943935394287109e+00
5.571734428405761719e+00
5.558197021484375000e+00
5.580292224884033203e+00
5.571573257446289062e+00
5.725531578063964844e+00
5.607212543487548828e+00
5.713891029357910156e+00
5.648148059844970703e+00
5.564107894897460938e+00
5.689324378967285156e+00
5.528717041015625000e+00
5.654095649719238281e+00
5.581580638885498047e+00
5.596334934234619141e+00
5.834265708923339844e+00
5.579964160919189453e+00
5.621016502380371094e+00
5.580281734466552734e+00
5.614980697631835938e+00
5.614245891571044922e+00
5.569223403930664062e+00
5.571271419525146484e+00
5.548377037048339844e+00
5.704738616943359375e+00
5.660670280456542969e+00
5.576857089996337891e+00
5.540730476379394531e+00
5.620535850524902344e+00
5.656164169311523438e+00
5.540070533752441406e+00
5.724354743957519531e+00
5.762909889221191406e+00
5.644572257995605469e+00
5.511658191680908203e+00
5.510688304901123047e+00
5.597314834594726562e+00
5.547928333282470703e+00
5.572431564331054688e+00
5.732206821441650391e+00
5.839006423950195312e+00
5.672364711761474609e+00
5.589037895202636719e+00
5.644958972930908203e+00
5.614351272583007812e+00
5.656140804290771484e+00
5.567713737487792969e+00
5.593298912048339844e+00
5.585126876831054688e+00
5.602514743804931641e+00
5.599097251892089844e+00
5.615696907043457031e+00
5.535849094390869141e+00
5.561727046966552734e+00
5.544671058654785156e+00
5.523180007934570312e+00
5.705100536346435547e+00
5.567973136901855469e+00
5.636550426483154297e+00
5.634660243988037109e+00
5.666851043701171875e+00
5.603402614593505859e+00
5.610384941101074219e+00
5.768516540527343750e+00
5.629071235656738281e+00
5.787728309631347656e+00
5.608654022216796875e+00
5.848384857177734375e+00
5.624399662017822266e+00
5.553381919860839844e+00
5.716735363006591797e+00
5.617108821868896484e+00
5.633548259735107422e+00
5.636065483093261719e+00
5.576737880706787109e+00
5.618168354034423828e+00
5.660640239715576172e+00
5.591463565826416016e+00
5.561401367187500000e+00
5.742839813232421875e+00
5.819133281707763672e+00
5.583793640136718750e+00
5.563692092895507812e+00
5.612961292266845703e+00
5.495854854583740234e+00
5.603931903839111328e+00
5.725989341735839844e+00
5.513570308685302734e+00
5.531307220458984375e+00
5.561828136444091797e+00
5.531800746917724609e+00
5.655333518981933594e+00
5.544491767883300781e+00
5.643550395965576172e+00
5.478623390197753906e+00
5.618430137634277344e+00
5.589485168457031250e+00
5.550004959106445312e+00
5.652900218963623047e+00
5.555288314819335938e+00
5.552043437957763672e+00
5.648158073425292969e+00
5.515320777893066406e+00
5.510608673095703125e+00
5.552904129028320312e+00
5.725960254669189453e+00
5.601246833801269531e+00
5.768879413604736328e+00
5.636928081512451172e+00
5.524981975555419922e+00
5.665513038635253906e+00
5.596752166748046875e+00
5.639367103576660156e+00
5.556102275848388672e+00
5.624765396118164062e+00
5.673573017120361328e+00
5.558556079864501953e+00
5.552763938903808594e+00
5.707487583160400391e+00
5.621346473693847656e+00
5.570634365081787109e+00
5.671224594116210938e+00
5.555867195129394531e+00
5.555535316467285156e+00
5.579292297363281250e+00
5.627923488616943359e+00
5.519488334655761719e+00
5.569430828094482422e+00
5.817086219787597656e+00
5.816257953643798828e+00
5.645181179046630859e+00
5.896717548370361328e+00
5.629803180694580078e+00
5.605595111846923828e+00
5.673481464385986328e+00
5.592746734619140625e+00
5.659771919250488281e+00
5.575954437255859375e+00
5.689167499542236328e+00
5.692908287048339844e+00
5.634489536285400391e+00
5.588775634765625000e+00
5.519417762756347656e+00
5.513808250427246094e+00
5.470729827880859375e+00
5.848395824432373047e+00
5.641129970550537109e+00
5.645435333251953125e+00
5.631650924682617188e+00
5.627186775207519531e+00
5.609171390533447266e+00
5.722810745239257812e+00
5.579290390014648438e+00
5.652502059936523438e+00
5.865369319915771484e+00
5.704285621643066406e+00
5.551867961883544922e+00
5.601049900054931641e+00
5.660416603088378906e+00
5.678388595581054688e+00
5.547294616699218750e+00
5.572113513946533203e+00
5.624058246612548828e+00
5.545509338378906250e+00
5.615125179290771484e+00
5.680202960968017578e+00
5.585490703582763672e+00
5.710595130920410156e+00
5.662073612213134766e+00
5.572125434875488281e+00
5.584108829498291016e+00
5.667664051055908203e+00
5.661859512329101562e+00
5.638606548309326172e+00
5.667631626129150391e+00
5.652494907379150391e+00
5.625140190124511719e+00
5.672267913818359375e+00
5.566954135894775391e+00
5.606843471527099609e+00
5.536206245422363281e+00
5.570818901062011719e+00
5.629841804504394531e+00
5.557653427124023438e+00
5.639532566070556641e+00
5.513952255249023438e+00
5.601129531860351562e+00
5.597414016723632812e+00
5.592235088348388672e+00
5.581638336181640625e+00
5.614632606506347656e+00
5.550782680511474609e+00
5.561233043670654297e+00
5.642778873443603516e+00
5.606689453125000000e+00
5.613203048706054688e+00
5.604272365570068359e+00
5.564379215240478516e+00
5.531308174133300781e+00
5.519479751586914062e+00
5.607879161834716797e+00
5.612323760986328125e+00
5.595818042755126953e+00
5.608020782470703125e+00
5.874756813049316406e+00
5.570680141448974609e+00
5.580213546752929688e+00
5.588663578033447266e+00
5.605857849121093750e+00
5.573767185211181641e+00
5.678154945373535156e+00
5.634956359863281250e+00
5.724431037902832031e+00
5.707929611206054688e+00
5.576202392578125000e+00
5.654090881347656250e+00
5.596881389617919922e+00
5.737969875335693359e+00
5.673830986022949219e+00
5.636585712432861328e+00
5.717439651489257812e+00
5.556155204772949219e+00
5.623960494995117188e+00
5.554651260375976562e+00
5.556530952453613281e+00
5.623158931732177734e+00
5.562675476074218750e+00
5.528353214263916016e+00
5.555366516113281250e+00
5.597016334533691406e+00
5.558928489685058594e+00
5.754094123840332031e+00
5.622220039367675781e+00
5.655241966247558594e+00
5.544129371643066406e+00
5.671932697296142578e+00
5.519766807556152344e+00
5.671904563903808594e+00
5.697747707366943359e+00
5.560810089111328125e+00
5.572396278381347656e+00
5.613676548004150391e+00
5.624469757080078125e+00
5.576114177703857422e+00
5.614747524261474609e+00
5.832362174987792969e+00
5.659576416015625000e+00
5.497868537902832031e+00
5.541491508483886719e+00
5.567284584045410156e+00
5.629880428314208984e+00
5.572705745697021484e+00
5.583846092224121094e+00
5.584941864013671875e+00
5.524903774261474609e+00
5.608505249023437500e+00
5.738335609436035156e+00
5.627515316009521484e+00
5.607509613037109375e+00
5.695288658142089844e+00
5.587740898132324219e+00
5.646586418151855469e+00
5.622198104858398438e+00
5.750828266143798828e+00
5.498234748840332031e+00
5.637030601501464844e+00
5.588825225830078125e+00
5.566328048706054688e+00
5.604998588562011719e+00
5.544816970825195312e+00
5.556623458862304688e+00
5.588105201721191406e+00
5.718414306640625000e+00
5.595463275909423828e+00
5.569772720336914062e+00
5.616146087646484375e+00
5.629440307617187500e+00
5.562400817871093750e+00
5.636652469635009766e+00
5.585700035095214844e+00
5.683596611022949219e+00
5.603735923767089844e+00
5.635352134704589844e+00
5.651745796203613281e+00
5.599747180938720703e+00
5.530496597290039062e+00
5.530674934387207031e+00
5.682589530944824219e+00
5.678493976593017578e+00
5.653122425079345703e+00
5.580674171447753906e+00
5.537223815917968750e+00
5.627882957458496094e+00
5.561982154846191406e+00
5.584481239318847656e+00
5.568361282348632812e+00
5.718816757202148438e+00
5.629098415374755859e+00
5.575287818908691406e+00
5.503324508666992188e+00
5.550664424896240234e+00
5.608349800109863281e+00
5.522633075714111328e+00
5.564795494079589844e+00
5.661372184753417969e+00
5.552540302276611328e+00
5.660525798797607422e+00
5.602086544036865234e+00
5.568299293518066406e+00
5.521959304809570312e+00
5.582538604736328125e+00
5.537745475769042969e+00
5.563924789428710938e+00
5.516881942749023438e+00
5.540067672729492188e+00
5.665461063385009766e+00
5.546691894531250000e+00
5.539608478546142578e+00
5.509512901306152344e+00
5.717262268066406250e+00
5.542519092559814453e+00
5.566217422485351562e+00
5.549692630767822266e+00
5.545365810394287109e+00
5.689387798309326172e+00
5.590867042541503906e+00
5.592124938964843750e+00
5.616448402404785156e+00
5.595341682434082031e+00
5.620994567871093750e+00
5.596385955810546875e+00
5.790663242340087891e+00
5.618486881256103516e+00
5.577771186828613281e+00
5.627711772918701172e+00
5.576764106750488281e+00
5.621566772460937500e+00
5.701375961303710938e+00
5.758060932159423828e+00
5.536221504211425781e+00
5.598198890686035156e+00
5.553249835968017578e+00
5.580363750457763672e+00
5.775789260864257812e+00
5.530242919921875000e+00
5.604473114013671875e+00
5.563573837280273438e+00
5.552256107330322266e+00
5.531384468078613281e+00
5.560881614685058594e+00
5.537355422973632812e+00
5.556669712066650391e+00
5.574514865875244141e+00
5.570831775665283203e+00
5.555837631225585938e+00
5.593936443328857422e+00
5.609748840332031250e+00
5.522196292877197266e+00
5.540076255798339844e+00
5.556700706481933594e+00
5.702994346618652344e+00
5.562632560729980469e+00
5.546675682067871094e+00
5.588825702667236328e+00
5.495717048645019531e+00
5.506200313568115234e+00
5.517555236816406250e+00
5.605286598205566406e+00
5.609796524047851562e+00
5.465398788452148438e+00
5.499828338623046875e+00
5.611969947814941406e+00
5.574186801910400391e+00
5.716098785400390625e+00
5.566519737243652344e+00
5.832399845123291016e+00
5.622690677642822266e+00
5.634350776672363281e+00
5.608713150024414062e+00
5.714327335357666016e+00
5.598474502563476562e+00
5.593008995056152344e+00
5.559909820556640625e+00
5.623944282531738281e+00
5.575729370117187500e+00
5.568372249603271484e+00
5.606844902038574219e+00
5.547807693481445312e+00
5.636037826538085938e+00
5.613151550292968750e+00
5.724156379699707031e+00
5.565433025360107422e+00
5.576348781585693359e+00
5.599520206451416016e+00
5.525632381439208984e+00
5.672915935516357422e+00
5.587694168090820312e+00
5.551130771636962891e+00
5.535585403442382812e+00
5.650974750518798828e+00
5.475763797760009766e+00
5.531900882720947266e+00
5.638511657714843750e+00
5.522708892822265625e+00
5.512083053588867188e+00
5.540652275085449219e+00
5.585804462432861328e+00
5.616952896118164062e+00
5.578343868255615234e+00
5.602438926696777344e+00
5.487857818603515625e+00
5.630699634552001953e+00
5.550468921661376953e+00
5.688988685607910156e+00
5.521557331085205078e+00
5.505519866943359375e+00
5.705511569976806641e+00
5.550271987915039062e+00
5.567860603332519531e+00
5.670400619506835938e+00
5.551365375518798828e+00
5.534327507019042969e+00
5.575954437255859375e+00
5.570071697235107422e+00
5.604560375213623047e+00
5.580713748931884766e+00
5.665171623229980469e+00
5.505251407623291016e+00
5.610565185546875000e+00
5.538037300109863281e+00
5.658666610717773438e+00
5.492280960083007812e+00
5.567197799682617188e+00
5.557534217834472656e+00
5.685639858245849609e+00
5.519088268280029297e+00
5.492941379547119141e+00
5.481010437011718750e+00
5.592902183532714844e+00
5.653569698333740234e+00
5.550596714019775391e+00
5.673807144165039062e+00
5.555847167968750000e+00
5.480746746063232422e+00
5.620798587799072266e+00
5.556961059570312500e+00
5.678732872009277344e+00
5.725272178649902344e+00
5.532979011535644531e+00
5.669737339019775391e+00
5.541592597961425781e+00
5.575112342834472656e+00
5.622589588165283203e+00
5.513182640075683594e+00
5.523536682128906250e+00
5.571802139282226562e+00
5.544246196746826172e+00
5.613835811614990234e+00
5.545347213745117188e+00
5.515890121459960938e+00
5.493822097778320312e+00
5.451242923736572266e+00
5.559599876403808594e+00
5.534453392028808594e+00
5.463031291961669922e+00
5.507431983947753906e+00
5.470147609710693359e+00
5.627934932708740234e+00
5.510673999786376953e+00
5.524787425994873047e+00
5.673542976379394531e+00
5.464080333709716797e+00
5.573295593261718750e+00
5.593444824218750000e+00
5.599398612976074219e+00
5.505689620971679688e+00
5.455695629119873047e+00
5.498932838439941406e+00
5.510562896728515625e+00
5.559924125671386719e+00
5.791131496429443359e+00
5.642346382141113281e+00
5.561853885650634766e+00
5.570980548858642578e+00
5.505289554595947266e+00
5.539305210113525391e+00
5.608341693878173828e+00
5.702831745147705078e+00
5.751597881317138672e+00
5.591567039489746094e+00
5.592497825622558594e+00
5.679642677307128906e+00
5.667945861816406250e+00
5.550899505615234375e+00
5.838462829589843750e+00
5.625098228454589844e+00
5.520513534545898438e+00
5.644112586975097656e+00
5.579742431640625000e+00
5.518990039825439453e+00
5.567688465118408203e+00
5.577692031860351562e+00
5.553178787231445312e+00
5.494958877563476562e+00
5.507116794586181641e+00
5.594956874847412109e+00
5.519260883331298828e+00
5.561535358428955078e+00
5.495103836059570312e+00
5.486714363098144531e+00
5.632848739624023438e+00
5.709762573242187500e+00
5.591724872589111328e+00
5.714788436889648438e+00
5.659524917602539062e+00
5.642135620117187500e+00
5.652636528015136719e+00
5.537659645080566406e+00
5.486639499664306641e+00
5.521048069000244141e+00
5.659379959106445312e+00
5.636994361877441406e+00
5.729029655456542969e+00
5.490518569946289062e+00
5.467832088470458984e+00
5.588402271270751953e+00
5.665346622467041016e+00
5.553206443786621094e+00
5.578576087951660156e+00
5.715006828308105469e+00
5.859908580780029297e+00
5.552442550659179688e+00
5.733099460601806641e+00
5.546939849853515625e+00
5.635208129882812500e+00
5.612765789031982422e+00
5.479094982147216797e+00
5.521765232086181641e+00
5.655317783355712891e+00
5.516053676605224609e+00
5.523133277893066406e+00
5.586848258972167969e+00
5.529295444488525391e+00
5.472671508789062500e+00
5.529291629791259766e+00
5.539896488189697266e+00
5.569303989410400391e+00
5.545482158660888672e+00
5.581289291381835938e+00
5.601622581481933594e+00
5.485577106475830078e+00
5.443157196044921875e+00
5.648076057434082031e+00
5.537555694580078125e+00
5.460251808166503906e+00
5.455540657043457031e+00
5.499191761016845703e+00
5.585532188415527344e+00
5.478599071502685547e+00
5.553420066833496094e+00
5.483682155609130859e+00
5.564621925354003906e+00
5.523731231689453125e+00
5.508884429931640625e+00
5.665262699127197266e+00
5.596829414367675781e+00
5.662304878234863281e+00
5.487974166870117188e+00
5.464771747589111328e+00
5.645861148834228516e+00
5.725338459014892578e+00
5.490954399108886719e+00
5.612286090850830078e+00
5.472778797149658203e+00
5.512840270996093750e+00
5.542272567749023438e+00
5.610562324523925781e+00
5.495642662048339844e+00
5.568880558013916016e+00
5.511404514312744141e+00
5.545388221740722656e+00
5.664844036102294922e+00
5.453113555908203125e+00
5.655385971069335938e+00
5.542397022247314453e+00
5.650045394897460938e+00
5.566400527954101562e+00
5.533020019531250000e+00
