1.596667175292968750e+02
1.108641967773437500e+02
1.082482376098632812e+02
1.067494659423828125e+02
1.062285614013671875e+02
1.061164550781250000e+02
1.054600906372070312e+02
1.051360626220703125e+02
1.045674743652343750e+02
1.043763427734375000e+02
1.037304840087890625e+02
1.036120758056640625e+02
1.032661056518554688e+02
1.029725723266601562e+02
1.029892272949218750e+02
1.026130523681640625e+02
1.023215942382812500e+02
1.018874664306640625e+02
1.009734649658203125e+02
1.008939285278320312e+02
1.003697052001953125e+02
9.985655212402343750e+01
9.964332580566406250e+01
9.868617248535156250e+01
9.876928710937500000e+01
9.848648071289062500e+01
9.852873229980468750e+01
9.745002746582031250e+01
9.722734069824218750e+01
9.736360168457031250e+01
9.779141235351562500e+01
9.741352081298828125e+01
9.700663757324218750e+01
9.625102996826171875e+01
9.671041870117187500e+01
9.602207946777343750e+01
9.613678741455078125e+01
9.579564666748046875e+01
9.549212646484375000e+01
9.542189025878906250e+01
9.572088623046875000e+01
9.511853027343750000e+01
9.498284149169921875e+01
9.558584594726562500e+01
9.515841674804687500e+01
9.562154388427734375e+01
9.520527648925781250e+01
9.508111572265625000e+01
9.482458496093750000e+01
9.420167541503906250e+01
9.485336303710937500e+01
9.516318511962890625e+01
9.415998840332031250e+01
9.372668457031250000e+01
9.368141174316406250e+01
9.323997497558593750e+01
9.441325378417968750e+01
9.332034301757812500e+01
9.348639678955078125e+01
9.333203887939453125e+01
9.351479339599609375e+01
9.327012634277343750e+01
9.310990905761718750e+01
9.290664672851562500e+01
9.303692626953125000e+01
9.264983367919921875e+01
9.297624206542968750e+01
9.332766723632812500e+01
9.305828857421875000e+01
9.295487213134765625e+01
9.330299377441406250e+01
9.279272460937500000e+01
9.296234130859375000e+01
9.222373199462890625e+01
9.252021789550781250e+01
9.236228942871093750e+01
9.192783355712890625e+01
9.231793975830078125e+01
9.246900939941406250e+01
9.236105346679687500e+01
9.132962036132812500e+01
9.177819824218750000e+01
9.213543701171875000e+01
9.061537170410156250e+01
9.173265075683593750e+01
9.210819244384765625e+01
9.195603942871093750e+01
9.216558837890625000e+01
9.231025695800781250e+01
9.144255065917968750e+01
9.153150939941406250e+01
9.124433898925781250e+01
9.204356384277343750e+01
9.159182739257812500e+01
9.126629638671875000e+01
9.074819183349609375e+01
9.175721740722656250e+01
9.106568145751953125e+01
9.041535949707031250e+01
9.075953674316406250e+01
9.145390319824218750e+01
9.132608032226562500e+01
9.225506591796875000e+01
9.168122863769531250e+01
9.103550720214843750e+01
9.159575653076171875e+01
9.007893371582031250e+01
9.022652435302734375e+01
9.167655181884765625e+01
9.004971313476562500e+01
9.114691162109375000e+01
9.030589294433593750e+01
9.037710571289062500e+01
9.113403320312500000e+01
9.140754699707031250e+01
9.101014709472656250e+01
8.988240051269531250e+01
8.963424682617187500e+01
8.956755065917968750e+01
9.064682006835937500e+01
9.047742462158203125e+01
9.006187438964843750e+01
8.974758148193359375e+01
9.061575317382812500e+01
8.997418212890625000e+01
9.024236297607421875e+01
8.980780029296875000e+01
8.923950958251953125e+01
8.984664916992187500e+01
8.956567382812500000e+01
8.939187622070312500e+01
8.925373840332031250e+01
9.045077514648437500e+01
9.043321990966796875e+01
8.992771911621093750e+01
8.968569946289062500e+01
9.064675903320312500e+01
9.088818359375000000e+01
8.914862060546875000e+01
8.995870971679687500e+01
8.973791503906250000e+01
8.977290344238281250e+01
8.918663024902343750e+01
8.954093933105468750e+01
9.005241394042968750e+01
8.901010894775390625e+01
8.887992858886718750e+01
8.977366638183593750e+01
8.926107788085937500e+01
9.031271362304687500e+01
8.967219543457031250e+01
8.991690063476562500e+01
8.972772979736328125e+01
8.961607360839843750e+01
8.948370361328125000e+01
8.950675964355468750e+01
9.001878356933593750e+01
8.954457092285156250e+01
8.901856994628906250e+01
9.001020050048828125e+01
8.903971862792968750e+01
8.860377502441406250e+01
8.924682617187500000e+01
8.918775177001953125e+01
8.894031524658203125e+01
8.824073791503906250e+01
8.959864807128906250e+01
9.002436828613281250e+01
8.905020141601562500e+01
8.935975646972656250e+01
8.924815368652343750e+01
8.951069641113281250e+01
8.802386474609375000e+01
8.878362274169921875e+01
8.872575378417968750e+01
8.927177429199218750e+01
8.952915191650390625e+01
8.849078369140625000e+01
8.904983520507812500e+01
8.840158081054687500e+01
8.843070983886718750e+01
8.916340637207031250e+01
8.936608886718750000e+01
8.870132446289062500e+01
8.918525695800781250e+01
8.805369567871093750e+01
8.934158325195312500e+01
8.935037994384765625e+01
8.879436492919921875e+01
8.977978515625000000e+01
8.773823547363281250e+01
8.950154113769531250e+01
8.847278594970703125e+01
8.873403930664062500e+01
8.889170837402343750e+01
8.823298645019531250e+01
8.914264678955078125e+01
8.819578552246093750e+01
8.907088470458984375e+01
8.876686096191406250e+01
8.874645996093750000e+01
8.890476226806640625e+01
8.868267822265625000e+01
8.859185791015625000e+01
8.826730346679687500e+01
8.756278228759765625e+01
8.798277282714843750e+01
8.972309112548828125e+01
8.824392700195312500e+01
8.900872802734375000e+01
8.780035400390625000e+01
8.866808319091796875e+01
8.826522827148437500e+01
8.917896270751953125e+01
8.806994628906250000e+01
8.896200561523437500e+01
8.804750061035156250e+01
8.742922973632812500e+01
8.855521392822265625e+01
8.892996215820312500e+01
8.882998657226562500e+01
8.822071838378906250e+01
8.842502593994140625e+01
8.853810119628906250e+01
8.825146484375000000e+01
8.833627319335937500e+01
8.758412170410156250e+01
8.788026428222656250e+01
8.828369140625000000e+01
8.760809326171875000e+01
8.854898071289062500e+01
8.817995452880859375e+01
8.807553100585937500e+01
8.833190917968750000e+01
8.789083862304687500e+01
8.860586547851562500e+01
8.805372619628906250e+01
8.864140319824218750e+01
8.946685791015625000e+01
8.726968383789062500e+01
8.773069000244140625e+01
8.840715789794921875e+01
8.679477691650390625e+01
8.853747558593750000e+01
8.824012756347656250e+01
8.866352844238281250e+01
8.847989654541015625e+01
8.753698730468750000e+01
8.780055236816406250e+01
8.740122985839843750e+01
8.814591979980468750e+01
8.801229095458984375e+01
8.785845947265625000e+01
8.727128601074218750e+01
8.802236938476562500e+01
8.745722961425781250e+01
8.896649169921875000e+01
8.770691680908203125e+01
8.711820220947265625e+01
8.689358520507812500e+01
8.728415679931640625e+01
8.762656402587890625e+01
8.803810119628906250e+01
8.712768554687500000e+01
8.763031005859375000e+01
8.806436157226562500e+01
8.702090454101562500e+01
8.725254821777343750e+01
8.721206665039062500e+01
8.830241394042968750e+01
8.849028015136718750e+01
8.787059020996093750e+01
8.825726318359375000e+01
8.781265258789062500e+01
8.797285461425781250e+01
8.799395751953125000e+01
8.725059509277343750e+01
8.740046691894531250e+01
8.806230163574218750e+01
8.771436309814453125e+01
8.784188842773437500e+01
8.684225463867187500e+01
8.631556701660156250e+01
8.799870300292968750e+01
8.708108520507812500e+01
8.681197357177734375e+01
8.686219787597656250e+01
8.727911376953125000e+01
8.711302185058593750e+01
8.774089813232421875e+01
8.664962768554687500e+01
8.740080261230468750e+01
8.766455078125000000e+01
8.713715362548828125e+01
8.699185180664062500e+01
8.759172058105468750e+01
8.792468261718750000e+01
8.708444976806640625e+01
8.733881378173828125e+01
8.682291412353515625e+01
8.642762756347656250e+01
8.680053710937500000e+01
8.705702209472656250e+01
8.702413940429687500e+01
8.749476623535156250e+01
8.732798004150390625e+01
8.750178527832031250e+01
8.839439392089843750e+01
8.757887268066406250e+01
8.779176330566406250e+01
8.723772430419921875e+01
8.700336456298828125e+01
8.819714355468750000e+01
8.678857421875000000e+01
8.662512207031250000e+01
8.759785461425781250e+01
8.848678588867187500e+01
8.690890502929687500e+01
8.816510009765625000e+01
8.730154418945312500e+01
8.673082733154296875e+01
8.654900360107421875e+01
8.734399414062500000e+01
8.733297729492187500e+01
8.690968322753906250e+01
8.695246887207031250e+01
8.718495941162109375e+01
8.672229766845703125e+01
8.687747192382812500e+01
8.578395843505859375e+01
8.702194213867187500e+01
8.677586364746093750e+01
8.651942443847656250e+01
8.684870910644531250e+01
8.805229187011718750e+01
8.669699096679687500e+01
8.751934814453125000e+01
8.677413940429687500e+01
8.635723114013671875e+01
8.694102478027343750e+01
8.806007385253906250e+01
8.754928588867187500e+01
8.695643615722656250e+01
8.765144348144531250e+01
8.690672302246093750e+01
8.669606018066406250e+01
8.642863464355468750e+01
8.680371093750000000e+01
8.815623474121093750e+01
8.750102233886718750e+01
8.732025909423828125e+01
8.682523345947265625e+01
8.780836486816406250e+01
8.731362915039062500e+01
8.701200103759765625e+01
8.698069000244140625e+01
8.747201538085937500e+01
8.762564086914062500e+01
8.691195678710937500e+01
8.673708343505859375e+01
8.614434051513671875e+01
8.616404724121093750e+01
8.654860687255859375e+01
8.667118835449218750e+01
8.761312866210937500e+01
8.772613525390625000e+01
8.734502410888671875e+01
8.665856933593750000e+01
8.639605712890625000e+01
8.666889190673828125e+01
8.659809875488281250e+01
8.709047698974609375e+01
8.632003784179687500e+01
8.617272186279296875e+01
8.660955810546875000e+01
8.647915649414062500e+01
8.811663055419921875e+01
8.729846191406250000e+01
8.619642639160156250e+01
8.700820922851562500e+01
8.694636535644531250e+01
8.771836853027343750e+01
8.752055358886718750e+01
8.658876800537109375e+01
8.763838195800781250e+01
8.706293487548828125e+01
8.661425781250000000e+01
8.670218658447265625e+01
8.684330749511718750e+01
8.665699768066406250e+01
8.665926361083984375e+01
8.711920166015625000e+01
8.670864868164062500e+01
8.760026550292968750e+01
8.604255676269531250e+01
8.698599243164062500e+01
8.663632965087890625e+01
8.639079284667968750e+01
8.757598114013671875e+01
8.726280212402343750e+01
8.742521667480468750e+01
8.661045837402343750e+01
8.634243774414062500e+01
8.667317199707031250e+01
8.758497619628906250e+01
8.724226379394531250e+01
8.631774902343750000e+01
8.695178222656250000e+01
8.724369812011718750e+01
8.725033569335937500e+01
8.774519348144531250e+01
8.648338317871093750e+01
8.744232177734375000e+01
8.653009033203125000e+01
8.687319946289062500e+01
8.729939270019531250e+01
8.652125549316406250e+01
8.692256164550781250e+01
8.687739562988281250e+01
8.699358367919921875e+01
8.737816619873046875e+01
8.660658264160156250e+01
8.671605682373046875e+01
8.640504455566406250e+01
8.719451904296875000e+01
8.679642486572265625e+01
8.627550506591796875e+01
8.547622680664062500e+01
8.659349060058593750e+01
8.676954650878906250e+01
8.780291748046875000e+01
8.750047302246093750e+01
8.680130004882812500e+01
8.806576538085937500e+01
8.729546356201171875e+01
8.607583618164062500e+01
8.636798095703125000e+01
8.702081298828125000e+01
8.609982299804687500e+01
8.626934814453125000e+01
8.613952636718750000e+01
8.715438842773437500e+01
8.627336120605468750e+01
8.657993316650390625e+01
8.619549560546875000e+01
8.659272003173828125e+01
8.758378601074218750e+01
8.703834533691406250e+01
8.633144378662109375e+01
8.662887573242187500e+01
8.663351440429687500e+01
8.643987274169921875e+01
8.651153564453125000e+01
8.704022216796875000e+01
8.722588348388671875e+01
8.669684600830078125e+01
8.736874389648437500e+01
8.705806732177734375e+01
8.617594909667968750e+01
8.645928955078125000e+01
8.688261413574218750e+01
8.620287322998046875e+01
8.737782287597656250e+01
8.652619934082031250e+01
8.735707092285156250e+01
8.699819946289062500e+01
8.695680236816406250e+01
8.683602905273437500e+01
8.670556640625000000e+01
8.658209228515625000e+01
8.680242919921875000e+01
8.622395324707031250e+01
8.729460144042968750e+01
8.636001586914062500e+01
8.650710296630859375e+01
8.684175109863281250e+01
8.666409301757812500e+01
8.620596313476562500e+01
8.664471435546875000e+01
8.620944213867187500e+01
8.609085083007812500e+01
8.721820068359375000e+01
8.658459472656250000e+01
8.646611022949218750e+01
8.596186828613281250e+01
8.701319885253906250e+01
8.645201110839843750e+01
8.664945983886718750e+01
8.650210571289062500e+01
8.695909118652343750e+01
8.652612304687500000e+01
8.713198852539062500e+01
8.681594085693359375e+01
8.697303009033203125e+01
8.715222167968750000e+01
8.585743713378906250e+01
8.577267456054687500e+01
8.759777832031250000e+01
8.609100341796875000e+01
8.656954956054687500e+01
8.651387023925781250e+01
8.637619781494140625e+01
8.556904602050781250e+01
8.652880096435546875e+01
8.602702331542968750e+01
8.711099243164062500e+01
8.667045593261718750e+01
8.601068115234375000e+01
8.608142089843750000e+01
8.687068176269531250e+01
8.614622497558593750e+01
8.624127197265625000e+01
8.692559814453125000e+01
8.667545318603515625e+01
8.614866638183593750e+01
8.651542663574218750e+01
8.708418273925781250e+01
8.617451477050781250e+01
8.672825622558593750e+01
8.728096008300781250e+01
8.621087646484375000e+01
8.654284667968750000e+01
8.660010528564453125e+01
8.688771057128906250e+01
8.616931152343750000e+01
8.603454589843750000e+01
8.587667846679687500e+01
8.680340576171875000e+01
8.640568542480468750e+01
8.686009216308593750e+01
8.769486999511718750e+01
8.557101440429687500e+01
8.583032226562500000e+01
8.675115966796875000e+01
8.688492584228515625e+01
8.669292449951171875e+01
8.678465270996093750e+01
8.677368164062500000e+01
8.572280120849609375e+01
8.654932403564453125e+01
8.599472045898437500e+01
8.576708984375000000e+01
8.634715270996093750e+01
8.634877777099609375e+01
8.705848693847656250e+01
8.585141754150390625e+01
8.706384277343750000e+01
8.657093811035156250e+01
8.587055969238281250e+01
8.677633666992187500e+01
8.674064636230468750e+01
8.617187500000000000e+01
8.685932922363281250e+01
8.656323242187500000e+01
8.688955688476562500e+01
8.594382476806640625e+01
8.570187377929687500e+01
8.630790710449218750e+01
8.599551391601562500e+01
8.665580749511718750e+01
8.666152954101562500e+01
8.585983276367187500e+01
8.579611968994140625e+01
8.589999389648437500e+01
8.691455078125000000e+01
8.727946472167968750e+01
8.680466461181640625e+01
8.767488098144531250e+01
8.621627044677734375e+01
8.687690734863281250e+01
8.687232971191406250e+01
8.676029968261718750e+01
8.598678588867187500e+01
8.582921600341796875e+01
8.580911254882812500e+01
8.726538085937500000e+01
8.619912719726562500e+01
8.805268859863281250e+01
8.656176757812500000e+01
8.594625854492187500e+01
8.654634857177734375e+01
8.674150085449218750e+01
8.679246520996093750e+01
8.637484741210937500e+01
8.653504180908203125e+01
8.612600708007812500e+01
8.705302429199218750e+01
8.711185455322265625e+01
8.635414886474609375e+01
8.548646545410156250e+01
8.643816375732421875e+01
8.639277648925781250e+01
8.723769378662109375e+01
8.596289825439453125e+01
8.627314758300781250e+01
8.625527954101562500e+01
8.598265075683593750e+01
8.652725219726562500e+01
8.654878234863281250e+01
8.647416687011718750e+01
8.629284667968750000e+01
8.634591674804687500e+01
8.647932434082031250e+01
8.622318267822265625e+01
8.655199432373046875e+01
8.596143341064453125e+01
8.672230529785156250e+01
8.567839050292968750e+01
8.571382904052734375e+01
8.617179107666015625e+01
8.537103271484375000e+01
8.699215698242187500e+01
8.679936218261718750e+01
8.540541076660156250e+01
8.570860290527343750e+01
8.663429260253906250e+01
8.658734130859375000e+01
8.701499938964843750e+01
8.652365875244140625e+01
8.609844970703125000e+01
8.578437805175781250e+01
8.629354858398437500e+01
8.587301635742187500e+01
8.655676269531250000e+01
8.644596862792968750e+01
8.609934997558593750e+01
8.597858428955078125e+01
8.647585296630859375e+01
8.689913940429687500e+01
8.574713134765625000e+01
8.625273895263671875e+01
8.692085266113281250e+01
8.571224212646484375e+01
8.676783752441406250e+01
8.596119689941406250e+01
8.628663635253906250e+01
8.734407043457031250e+01
8.744967651367187500e+01
8.589341735839843750e+01
8.666064453125000000e+01
8.705803680419921875e+01
8.654150390625000000e+01
8.581837463378906250e+01
8.600500488281250000e+01
8.632606506347656250e+01
8.656533813476562500e+01
8.709391784667968750e+01
8.690296936035156250e+01
8.623010253906250000e+01
8.617051696777343750e+01
8.723821258544921875e+01
8.626458740234375000e+01
8.724085998535156250e+01
8.661427307128906250e+01
8.611749267578125000e+01
8.694093322753906250e+01
8.561404418945312500e+01
8.604993438720703125e+01
8.670030975341796875e+01
8.627822875976562500e+01
8.595095062255859375e+01
8.665661621093750000e+01
8.687784576416015625e+01
8.593891906738281250e+01
8.589791870117187500e+01
8.565698242187500000e+01
8.600407409667968750e+01
8.659420776367187500e+01
8.665422058105468750e+01
8.631669616699218750e+01
8.643943786621093750e+01
8.615517425537109375e+01
8.640176391601562500e+01
8.632531738281250000e+01
8.605509948730468750e+01
8.670266723632812500e+01
8.688823699951171875e+01
8.660204315185546875e+01
8.686962890625000000e+01
8.652339172363281250e+01
8.583453369140625000e+01
8.546993255615234375e+01
8.705442047119140625e+01
8.604042053222656250e+01
8.517055511474609375e+01
8.630694580078125000e+01
8.604562377929687500e+01
8.687132263183593750e+01
8.628485107421875000e+01
8.663363647460937500e+01
8.620283508300781250e+01
8.664199829101562500e+01
8.533146667480468750e+01
8.698110961914062500e+01
8.594587707519531250e+01
8.664407348632812500e+01
8.664243316650390625e+01
8.643473815917968750e+01
8.673780059814453125e+01
8.643215942382812500e+01
8.615586853027343750e+01
8.580412292480468750e+01
8.681206512451171875e+01
8.700330352783203125e+01
8.711853027343750000e+01
8.685124969482421875e+01
8.676278686523437500e+01
8.632994079589843750e+01
8.609423828125000000e+01
8.622570800781250000e+01
8.634869384765625000e+01
8.651509857177734375e+01
8.721599578857421875e+01
8.590541076660156250e+01
8.585944366455078125e+01
8.569860076904296875e+01
8.590382385253906250e+01
8.623492431640625000e+01
8.584964752197265625e+01
8.650752258300781250e+01
8.617920684814453125e+01
8.646095275878906250e+01
8.658829498291015625e+01
8.578733825683593750e+01
8.647123718261718750e+01
8.543885803222656250e+01
8.537350463867187500e+01
8.583699035644531250e+01
8.626850891113281250e+01
8.566601562500000000e+01
8.638960266113281250e+01
8.665045166015625000e+01
8.693606567382812500e+01
8.642857360839843750e+01
8.584786987304687500e+01
8.722856140136718750e+01
8.592415618896484375e+01
8.647914886474609375e+01
8.673257446289062500e+01
8.593769836425781250e+01
8.581333923339843750e+01
8.629295349121093750e+01
8.682478332519531250e+01
8.551126098632812500e+01
8.583554077148437500e+01
8.683833312988281250e+01
8.636212158203125000e+01
8.686258697509765625e+01
8.610596466064453125e+01
8.573774719238281250e+01
8.660559082031250000e+01
8.694589233398437500e+01
8.669795227050781250e+01
8.617214202880859375e+01
8.661022949218750000e+01
8.576464843750000000e+01
8.679254913330078125e+01
8.618130493164062500e+01
8.736199951171875000e+01
8.560363006591796875e+01
8.730341339111328125e+01
8.617671203613281250e+01
8.644458007812500000e+01
8.632434082031250000e+01
8.631770324707031250e+01
8.624699401855468750e+01
8.689970397949218750e+01
8.609214782714843750e+01
8.582852172851562500e+01
8.656713867187500000e+01
8.529141235351562500e+01
8.674142456054687500e+01
8.694871520996093750e+01
8.643077087402343750e+01
8.538212585449218750e+01
8.675541687011718750e+01
8.625807189941406250e+01
8.591345214843750000e+01
8.597212219238281250e+01
8.586790466308593750e+01
8.570414733886718750e+01
8.695051574707031250e+01
8.647099304199218750e+01
8.588198852539062500e+01
8.580197143554687500e+01
8.656144714355468750e+01
8.693138885498046875e+01
8.582485961914062500e+01
8.616564941406250000e+01
8.576163482666015625e+01
8.614459991455078125e+01
8.689800262451171875e+01
8.565258789062500000e+01
8.664878845214843750e+01
8.722934722900390625e+01
8.652398681640625000e+01
8.638459014892578125e+01
8.624822998046875000e+01
8.605021667480468750e+01
8.588288879394531250e+01
8.644726562500000000e+01
8.608828735351562500e+01
8.701834869384765625e+01
8.560610198974609375e+01
8.643341064453125000e+01
8.671768951416015625e+01
8.655875396728515625e+01
8.565583801269531250e+01
8.594995880126953125e+01
8.605357360839843750e+01
8.625472259521484375e+01
8.673104858398437500e+01
8.630694580078125000e+01
8.654617309570312500e+01
8.607698059082031250e+01
8.689383697509765625e+01
8.644087219238281250e+01
8.645100402832031250e+01
8.711788940429687500e+01
8.647674560546875000e+01
8.567288208007812500e+01
8.626612854003906250e+01
8.692124938964843750e+01
8.594096374511718750e+01
8.671195983886718750e+01
8.564089965820312500e+01
8.679473876953125000e+01
8.660720825195312500e+01
8.679844665527343750e+01
8.521345520019531250e+01
8.614627075195312500e+01
8.591319274902343750e+01
8.608657073974609375e+01
8.527969360351562500e+01
8.655584716796875000e+01
8.573678588867187500e+01
8.588194274902343750e+01
8.610446929931640625e+01
8.598342895507812500e+01
8.669896697998046875e+01
8.591690063476562500e+01
8.662822723388671875e+01
8.566533660888671875e+01
8.709614562988281250e+01
8.599147033691406250e+01
8.565811157226562500e+01
8.662303924560546875e+01
8.717364501953125000e+01
8.688853454589843750e+01
8.606478881835937500e+01
8.646795654296875000e+01
8.595343780517578125e+01
8.593066406250000000e+01
8.635565948486328125e+01
8.694484710693359375e+01
8.695360565185546875e+01
8.653497314453125000e+01
8.648477935791015625e+01
8.634043121337890625e+01
8.544855499267578125e+01
8.688771057128906250e+01
8.619474792480468750e+01
8.554874420166015625e+01
8.672175598144531250e+01
8.584579467773437500e+01
8.584120178222656250e+01
8.632569122314453125e+01
8.669728088378906250e+01
8.632144927978515625e+01
8.683946990966796875e+01
8.573754882812500000e+01
8.704524230957031250e+01
8.572885131835937500e+01
8.695144653320312500e+01
8.657803344726562500e+01
8.651266479492187500e+01
8.700028991699218750e+01
8.737059020996093750e+01
8.648825836181640625e+01
8.667729187011718750e+01
8.632003784179687500e+01
8.636827087402343750e+01
8.659960937500000000e+01
8.676980590820312500e+01
8.588423156738281250e+01
8.634603118896484375e+01
8.642485046386718750e+01
8.662142944335937500e+01
8.654003906250000000e+01
8.596820831298828125e+01
8.687037658691406250e+01
8.614508819580078125e+01
8.659497070312500000e+01
8.558517456054687500e+01
8.692405700683593750e+01
8.546746826171875000e+01
8.675774383544921875e+01
8.605680847167968750e+01
8.631814575195312500e+01
8.682102203369140625e+01
8.642921447753906250e+01
8.621540832519531250e+01
8.665921020507812500e+01
8.593830871582031250e+01
8.630349731445312500e+01
8.570583343505859375e+01
8.672473144531250000e+01
8.608868408203125000e+01
8.669424438476562500e+01
8.645932006835937500e+01
8.585276794433593750e+01
8.664456939697265625e+01
8.606285095214843750e+01
8.572853851318359375e+01
8.637536621093750000e+01
8.618196105957031250e+01
8.573412322998046875e+01
8.655903625488281250e+01
8.615557861328125000e+01
8.578919982910156250e+01
8.638082885742187500e+01
8.729736328125000000e+01
8.627864074707031250e+01
8.552012634277343750e+01
8.665517425537109375e+01
8.598526763916015625e+01
8.635202789306640625e+01
8.752249908447265625e+01
8.605709075927734375e+01
8.569326782226562500e+01
8.665861511230468750e+01
8.676433563232421875e+01
8.653294372558593750e+01
8.673495483398437500e+01
8.579550170898437500e+01
8.718357086181640625e+01
8.591276550292968750e+01
8.571222686767578125e+01
8.539371490478515625e+01
8.664064025878906250e+01
8.566564941406250000e+01
8.614616394042968750e+01
8.537155151367187500e+01
8.619219970703125000e+01
8.637381744384765625e+01
8.587950134277343750e+01
8.615257263183593750e+01
8.685609436035156250e+01
8.640698242187500000e+01
8.692289733886718750e+01
8.742126464843750000e+01
8.616195678710937500e+01
8.581091308593750000e+01
8.688910675048828125e+01
8.565104675292968750e+01
8.677693176269531250e+01
8.604826354980468750e+01
8.581958770751953125e+01
8.637207031250000000e+01
8.579190826416015625e+01
8.662135314941406250e+01
8.635094451904296875e+01
8.607827758789062500e+01
8.640193176269531250e+01
8.585870361328125000e+01
8.567346191406250000e+01
8.548808288574218750e+01
8.618064880371093750e+01
8.580068206787109375e+01
8.607231140136718750e+01
