6.792325496673583984e+00
6.695194244384765625e+00
6.507216453552246094e+00
6.410821437835693359e+00
6.330392837524414062e+00
6.436405181884765625e+00
6.188213825225830078e+00
6.109137058258056641e+00
6.512170791625976562e+00
6.047755241394042969e+00
6.071763038635253906e+00
5.972004890441894531e+00
6.007539749145507812e+00
6.126956462860107422e+00
6.037500858306884766e+00
6.050014972686767578e+00
6.017046928405761719e+00
6.143000602722167969e+00
6.181127071380615234e+00
6.113810062408447266e+00
5.939028263092041016e+00
5.909777164459228516e+00
5.961739063262939453e+00
6.023347377777099609e+00
5.954065322875976562e+00
5.960826873779296875e+00
5.935628890991210938e+00
6.007873058319091797e+00
5.899975776672363281e+00
5.945953845977783203e+00
5.925051689147949219e+00
6.152786254882812500e+00
6.028104305267333984e+00
5.967051982879638672e+00
5.967911720275878906e+00
5.887660980224609375e+00
5.892305374145507812e+00
5.859720230102539062e+00
5.851954460144042969e+00
5.837025165557861328e+00
5.922367095947265625e+00
5.860116481781005859e+00
5.805588722229003906e+00
5.846733093261718750e+00
5.802629947662353516e+00
6.077439308166503906e+00
5.876929759979248047e+00
6.193457603454589844e+00
5.919991970062255859e+00
5.860323905944824219e+00
5.858481407165527344e+00
5.972175121307373047e+00
5.823969841003417969e+00
5.936892986297607422e+00
6.129401206970214844e+00
5.807755470275878906e+00
5.964058876037597656e+00
5.934848308563232422e+00
6.040198802947998047e+00
5.898269653320312500e+00
5.860792636871337891e+00
5.879531860351562500e+00
5.805048942565917969e+00
5.892844200134277344e+00
5.870805740356445312e+00
6.009950637817382812e+00
5.896660804748535156e+00
6.137349605560302734e+00
5.787376403808593750e+00
5.802398681640625000e+00
5.920970916748046875e+00
5.826454162597656250e+00
5.844667434692382812e+00
6.136198043823242188e+00
5.787619590759277344e+00
5.952552795410156250e+00
5.831694602966308594e+00
5.836187839508056641e+00
5.770209312438964844e+00
5.828530311584472656e+00
6.033538818359375000e+00
5.941548347473144531e+00
5.815216064453125000e+00
5.717408657073974609e+00
5.813869476318359375e+00
5.770736694335937500e+00
5.834070682525634766e+00
5.813407897949218750e+00
5.945750713348388672e+00
5.796819210052490234e+00
6.098748207092285156e+00
5.802716255187988281e+00
5.812811374664306641e+00
5.759645462036132812e+00
5.820638179779052734e+00
5.851258277893066406e+00
5.746776103973388672e+00
5.847778320312500000e+00
5.768188476562500000e+00
5.878080368041992188e+00
5.833938121795654297e+00
5.754258155822753906e+00
5.780591964721679688e+00
5.727933883666992188e+00
5.867267131805419922e+00
5.801958560943603516e+00
5.847877025604248047e+00
5.785440921783447266e+00
5.919887065887451172e+00
5.754806995391845703e+00
5.786112785339355469e+00
6.095726966857910156e+00
5.948101520538330078e+00
5.691989898681640625e+00
5.758035659790039062e+00
5.782520294189453125e+00
5.940095901489257812e+00
5.785627841949462891e+00
5.749371528625488281e+00
5.738975524902343750e+00
5.757455348968505859e+00
5.803466796875000000e+00
5.759220600128173828e+00
5.730333328247070312e+00
5.701775074005126953e+00
5.755515098571777344e+00
5.844091892242431641e+00
5.706626892089843750e+00
5.723004341125488281e+00
5.765077590942382812e+00
5.799809932708740234e+00
5.733803272247314453e+00
5.741323471069335938e+00
5.713418960571289062e+00
5.768623352050781250e+00
5.782327175140380859e+00
5.780353546142578125e+00
5.679517269134521484e+00
5.755125999450683594e+00
5.911285400390625000e+00
5.793590545654296875e+00
5.852665901184082031e+00
5.806523799896240234e+00
5.694840908050537109e+00
5.734634399414062500e+00
5.922879219055175781e+00
5.833136558532714844e+00
5.851724624633789062e+00
5.849509716033935547e+00
5.745358467102050781e+00
5.679786205291748047e+00
5.768115997314453125e+00
5.893454551696777344e+00
5.836755752563476562e+00
5.665867328643798828e+00
5.710025787353515625e+00
5.739714622497558594e+00
5.633284091949462891e+00
5.793385505676269531e+00
5.723463535308837891e+00
5.845191955566406250e+00
5.693994045257568359e+00
5.740541934967041016e+00
5.790105819702148438e+00
5.708889961242675781e+00
5.703893661499023438e+00
6.188426017761230469e+00
5.702829837799072266e+00
5.698173999786376953e+00
5.770593643188476562e+00
5.772196292877197266e+00
5.649709701538085938e+00
5.699077606201171875e+00
5.761501312255859375e+00
5.805845260620117188e+00
5.879154205322265625e+00
5.959035873413085938e+00
5.689255237579345703e+00
5.803528308868408203e+00
5.734252452850341797e+00
5.784726619720458984e+00
5.682389259338378906e+00
5.702336788177490234e+00
5.737746715545654297e+00
5.856216907501220703e+00
5.797420024871826172e+00
5.717355251312255859e+00
5.850033760070800781e+00
5.619899749755859375e+00
5.916432380676269531e+00
5.754785537719726562e+00
5.793993949890136719e+00
5.915369033813476562e+00
5.803063869476318359e+00
5.724225044250488281e+00
5.861728668212890625e+00
5.692076206207275391e+00
5.809848308563232422e+00
5.728779792785644531e+00
5.651949405670166016e+00
5.773796558380126953e+00
5.744176864624023438e+00
5.854905605316162109e+00
5.677466869354248047e+00
5.712201118469238281e+00
5.809338092803955078e+00
5.787357807159423828e+00
5.707439422607421875e+00
5.699217319488525391e+00
5.640885353088378906e+00
5.752807617187500000e+00
5.763149261474609375e+00
5.796047210693359375e+00
5.772974014282226562e+00
5.804525852203369141e+00
5.701596260070800781e+00
5.680294990539550781e+00
5.769814968109130859e+00
5.815299034118652344e+00
5.769333839416503906e+00
5.725625038146972656e+00
5.988016605377197266e+00
5.770034790039062500e+00
5.680277824401855469e+00
5.650969505310058594e+00
5.755929470062255859e+00
5.750232696533203125e+00
5.745486259460449219e+00
5.697917938232421875e+00
5.770437717437744141e+00
5.726962089538574219e+00
5.646865367889404297e+00
5.663263320922851562e+00
5.850713729858398438e+00
5.769210815429687500e+00
5.625804424285888672e+00
5.721721649169921875e+00
5.827114105224609375e+00
5.698328495025634766e+00
5.779619693756103516e+00
5.747916221618652344e+00
5.678929328918457031e+00
5.620802879333496094e+00
5.647817611694335938e+00
5.763100624084472656e+00
5.810745716094970703e+00
5.687842369079589844e+00
5.755287170410156250e+00
5.642838001251220703e+00
5.946995735168457031e+00
5.708848953247070312e+00
5.787487983703613281e+00
5.678992271423339844e+00
5.709923267364501953e+00
5.775026321411132812e+00
5.779671669006347656e+00
5.791866302490234375e+00
5.692953109741210938e+00
5.832807540893554688e+00
5.666245460510253906e+00
5.749876499176025391e+00
5.720886230468750000e+00
5.696491718292236328e+00
5.963386535644531250e+00
6.034339904785156250e+00
5.702027320861816406e+00
5.634725093841552734e+00
5.690266132354736328e+00
5.637537002563476562e+00
5.705727577209472656e+00
5.631576061248779297e+00
5.696150779724121094e+00
5.675099849700927734e+00
5.721953868865966797e+00
5.725311279296875000e+00
5.686145782470703125e+00
5.729339122772216797e+00
5.783969879150390625e+00
5.652878761291503906e+00
5.734879493713378906e+00
5.662552833557128906e+00
5.688241481781005859e+00
5.626256942749023438e+00
5.700980186462402344e+00
5.652744293212890625e+00
5.654240608215332031e+00
5.725235462188720703e+00
5.670568943023681641e+00
5.900244712829589844e+00
5.718735218048095703e+00
5.713812351226806641e+00
5.643176078796386719e+00
5.680230140686035156e+00
5.694452762603759766e+00
5.735445499420166016e+00
5.652541160583496094e+00
5.702171802520751953e+00
5.702518463134765625e+00
5.663095951080322266e+00
5.798483848571777344e+00
5.670578002929687500e+00
5.746088981628417969e+00
5.656089782714843750e+00
5.757778167724609375e+00
5.630158424377441406e+00
5.612003803253173828e+00
5.738008499145507812e+00
5.670786857604980469e+00
5.685186386108398438e+00
5.649013519287109375e+00
5.705710411071777344e+00
5.697116851806640625e+00
5.751119613647460938e+00
5.688411712646484375e+00
5.713047981262207031e+00
5.708248138427734375e+00
5.659090995788574219e+00
5.710215568542480469e+00
5.678750038146972656e+00
5.610627174377441406e+00
5.594942092895507812e+00
5.663645744323730469e+00
5.851463317871093750e+00
5.683641910552978516e+00
5.730700016021728516e+00
5.725435256958007812e+00
5.695920944213867188e+00
5.688928604125976562e+00
5.711473464965820312e+00
5.652018070220947266e+00
5.718895912170410156e+00
5.778013706207275391e+00
5.856013298034667969e+00
5.637947559356689453e+00
5.676621913909912109e+00
5.636765480041503906e+00
5.688392639160156250e+00
5.591907978057861328e+00
5.742869377136230469e+00
5.719464302062988281e+00
5.669883251190185547e+00
5.706567764282226562e+00
5.663011550903320312e+00
5.745348930358886719e+00
5.679047584533691406e+00
5.592915534973144531e+00
5.730101585388183594e+00
5.605155944824218750e+00
5.779235839843750000e+00
5.766574859619140625e+00
5.708239555358886719e+00
5.667150974273681641e+00
5.716868400573730469e+00
5.630471229553222656e+00
5.800080776214599609e+00
5.792780399322509766e+00
5.766708374023437500e+00
5.639255523681640625e+00
5.804605960845947266e+00
5.768414020538330078e+00
5.628653049468994141e+00
5.655099391937255859e+00
5.654266357421875000e+00
5.668066024780273438e+00
5.627260684967041016e+00
5.643304824829101562e+00
5.594269275665283203e+00
5.618968009948730469e+00
5.639270305633544922e+00
5.624778747558593750e+00
5.705737590789794922e+00
5.648169040679931641e+00
5.616454124450683594e+00
5.656011581420898438e+00
5.745481491088867188e+00
5.632787227630615234e+00
5.773476600646972656e+00
5.576530456542968750e+00
5.779687881469726562e+00
5.879260063171386719e+00
5.755287170410156250e+00
5.665776729583740234e+00
5.658495903015136719e+00
5.602917671203613281e+00
5.686350822448730469e+00
5.581639289855957031e+00
5.653220176696777344e+00
5.616866111755371094e+00
5.636394023895263672e+00
5.625992774963378906e+00
5.711711883544921875e+00
5.731548309326171875e+00
5.727868080139160156e+00
5.572862148284912109e+00
5.645031929016113281e+00
5.760888099670410156e+00
5.704075336456298828e+00
5.636685371398925781e+00
5.559651374816894531e+00
5.736678123474121094e+00
5.592792987823486328e+00
5.713950157165527344e+00
5.662693977355957031e+00
5.590308189392089844e+00
5.614047527313232422e+00
5.581611156463623047e+00
5.660192966461181641e+00
5.900045394897460938e+00
5.786523818969726562e+00
5.594098567962646484e+00
5.639034271240234375e+00
5.620094299316406250e+00
5.648794651031494141e+00
5.667659282684326172e+00
5.751326560974121094e+00
5.685082912445068359e+00
5.667820930480957031e+00
5.635509967803955078e+00
5.622334480285644531e+00
5.665649414062500000e+00
5.739636421203613281e+00
5.586309432983398438e+00
5.699759960174560547e+00
5.618743896484375000e+00
5.677251338958740234e+00
5.803770065307617188e+00
5.640915870666503906e+00
5.640658378601074219e+00
5.731686592102050781e+00
5.634249210357666016e+00
5.608556747436523438e+00
5.635810375213623047e+00
5.601222991943359375e+00
5.644439220428466797e+00
5.564798831939697266e+00
5.726631641387939453e+00
5.672279357910156250e+00
5.734816074371337891e+00
5.826698303222656250e+00
5.583279609680175781e+00
5.660191059112548828e+00
5.687271118164062500e+00
5.724499225616455078e+00
5.659722328186035156e+00
5.635922908782958984e+00
5.806676864624023438e+00
5.639925003051757812e+00
5.617519855499267578e+00
5.902680873870849609e+00
5.717499732971191406e+00
5.781929969787597656e+00
5.576716423034667969e+00
5.566998004913330078e+00
5.713741302490234375e+00
5.776333808898925781e+00
5.585755348205566406e+00
5.641935825347900391e+00
5.708750724792480469e+00
5.739070892333984375e+00
5.617172241210937500e+00
5.731002807617187500e+00
5.772842407226562500e+00
5.711272716522216797e+00
5.720810890197753906e+00
5.562586307525634766e+00
5.578196525573730469e+00
5.741564750671386719e+00
5.602377891540527344e+00
5.593176841735839844e+00
5.708937168121337891e+00
5.670826911926269531e+00
5.719537258148193359e+00
5.605177879333496094e+00
5.721794605255126953e+00
6.023325443267822266e+00
5.670065402984619141e+00
5.547780036926269531e+00
5.628046989440917969e+00
5.629989624023437500e+00
5.594450473785400391e+00
5.585759162902832031e+00
5.625595092773437500e+00
5.657343864440917969e+00
5.685852527618408203e+00
5.619471073150634766e+00
5.914047718048095703e+00
5.648342132568359375e+00
5.661289691925048828e+00
5.827116012573242188e+00
5.581433773040771484e+00
5.593616485595703125e+00
5.693725585937500000e+00
5.675574779510498047e+00
5.660796642303466797e+00
5.621947288513183594e+00
5.630870342254638672e+00
5.738689422607421875e+00
5.700876235961914062e+00
5.700407981872558594e+00
5.656579971313476562e+00
5.879223823547363281e+00
5.612075805664062500e+00
5.609864711761474609e+00
5.598012447357177734e+00
5.754035949707031250e+00
5.652931213378906250e+00
5.682844161987304688e+00
5.672212123870849609e+00
5.726836204528808594e+00
5.647827148437500000e+00
5.634596824645996094e+00
5.623705863952636719e+00
5.654201507568359375e+00
5.711430549621582031e+00
5.723374366760253906e+00
5.734092235565185547e+00
5.645747184753417969e+00
5.976166725158691406e+00
5.627549171447753906e+00
5.749652385711669922e+00
5.676970005035400391e+00
5.741930007934570312e+00
5.698660850524902344e+00
5.594028472900390625e+00
5.655063629150390625e+00
5.718969821929931641e+00
5.713124275207519531e+00
5.668288230895996094e+00
5.785902023315429688e+00
5.618364334106445312e+00
5.845711231231689453e+00
5.597723007202148438e+00
5.667540073394775391e+00
5.584251880645751953e+00
5.819921493530273438e+00
5.684659004211425781e+00
5.572225570678710938e+00
5.688594341278076172e+00
5.604371070861816406e+00
5.794793128967285156e+00
5.702496528625488281e+00
5.788405895233154297e+00
5.612568855285644531e+00
5.631821155548095703e+00
5.656177997589111328e+00
5.706141471862792969e+00
5.687848091125488281e+00
5.602086067199707031e+00
5.637223243713378906e+00
5.583510875701904297e+00
5.560056209564208984e+00
5.645109176635742188e+00
5.612523555755615234e+00
5.699976921081542969e+00
5.767078876495361328e+00
5.596181869506835938e+00
5.796900272369384766e+00
5.670015335083007812e+00
5.757470130920410156e+00
5.649982452392578125e+00
5.654934883117675781e+00
5.647027015686035156e+00
5.564003944396972656e+00
5.611199378967285156e+00
5.567793846130371094e+00
5.630473613739013672e+00
5.656254291534423828e+00
5.680044651031494141e+00
5.709223747253417969e+00
5.563621044158935547e+00
5.649703979492187500e+00
5.640030384063720703e+00
5.659626960754394531e+00
5.671758174896240234e+00
5.550851821899414062e+00
5.683243274688720703e+00
5.683953285217285156e+00
5.863850593566894531e+00
5.776640415191650391e+00
5.658771514892578125e+00
5.726466178894042969e+00
5.682765007019042969e+00
5.641322135925292969e+00
5.632442474365234375e+00
5.656204223632812500e+00
5.620612144470214844e+00
5.607168197631835938e+00
5.682364463806152344e+00
5.750556945800781250e+00
5.814048290252685547e+00
5.742665290832519531e+00
5.690625667572021484e+00
5.615402221679687500e+00
5.583368778228759766e+00
5.749594211578369141e+00
5.706733703613281250e+00
5.565927028656005859e+00
5.741585731506347656e+00
5.618323802947998047e+00
5.640588283538818359e+00
5.716494560241699219e+00
5.667549610137939453e+00
5.632347106933593750e+00
5.634309768676757812e+00
5.632569313049316406e+00
5.717432975769042969e+00
5.570450305938720703e+00
5.765859127044677734e+00
5.623850345611572266e+00
5.544773101806640625e+00
5.617705821990966797e+00
5.555111408233642578e+00
5.578074932098388672e+00
5.763897418975830078e+00
5.674878120422363281e+00
5.622781753540039062e+00
5.878425598144531250e+00
5.628750324249267578e+00
5.647452354431152344e+00
5.579679489135742188e+00
5.605144500732421875e+00
5.712388038635253906e+00
5.620604515075683594e+00
5.623937606811523438e+00
5.658038616180419922e+00
5.638110160827636719e+00
5.615915775299072266e+00
5.629144668579101562e+00
5.599382400512695312e+00
5.557538032531738281e+00
5.668543338775634766e+00
5.630936622619628906e+00
5.551953315734863281e+00
5.779410362243652344e+00
5.681088924407958984e+00
5.738560676574707031e+00
5.599167823791503906e+00
5.555381774902343750e+00
5.636425018310546875e+00
5.553046226501464844e+00
5.743956089019775391e+00
5.585604190826416016e+00
5.623363494873046875e+00
5.670259475708007812e+00
5.618760108947753906e+00
5.682175636291503906e+00
5.660271644592285156e+00
5.556149005889892578e+00
5.723514556884765625e+00
5.622151851654052734e+00
5.679000854492187500e+00
5.661348342895507812e+00
5.623417854309082031e+00
5.592809677124023438e+00
5.637372970581054688e+00
5.559323787689208984e+00
5.624685287475585938e+00
5.578525066375732422e+00
5.905030727386474609e+00
5.586474895477294922e+00
5.637248516082763672e+00
5.584796905517578125e+00
5.679873466491699219e+00
5.583951950073242188e+00
5.638025283813476562e+00
5.573118686676025391e+00
5.678718090057373047e+00
5.690484046936035156e+00
5.749547958374023438e+00
5.646174430847167969e+00
5.620330810546875000e+00
5.624125957489013672e+00
5.650897979736328125e+00
5.727547168731689453e+00
5.707711696624755859e+00
5.629697799682617188e+00
5.643198966979980469e+00
5.564923286437988281e+00
5.670972347259521484e+00
5.642179489135742188e+00
5.590478897094726562e+00
5.589432239532470703e+00
5.710227966308593750e+00
5.815428256988525391e+00
5.787975311279296875e+00
5.722216129302978516e+00
5.677683353424072266e+00
5.640202999114990234e+00
5.639288902282714844e+00
5.661228179931640625e+00
5.580880641937255859e+00
5.542353630065917969e+00
5.606204986572265625e+00
5.609271049499511719e+00
5.763202667236328125e+00
5.644966125488281250e+00
5.623935222625732422e+00
5.721411705017089844e+00
5.533419132232666016e+00
5.652097702026367188e+00
5.701004981994628906e+00
5.599967479705810547e+00
5.618772506713867188e+00
5.739826202392578125e+00
5.593980312347412109e+00
5.596601486206054688e+00
5.494431018829345703e+00
5.633867740631103516e+00
5.597962856292724609e+00
5.549135684967041016e+00
5.599522590637207031e+00
5.551891326904296875e+00
5.658142089843750000e+00
5.596865653991699219e+00
5.682273864746093750e+00
5.722860336303710938e+00
5.591300964355468750e+00
5.627441406250000000e+00
5.564678192138671875e+00
5.697146892547607422e+00
5.559149265289306641e+00
5.575852394104003906e+00
5.576638221740722656e+00
5.635270118713378906e+00
5.674005031585693359e+00
5.639492034912109375e+00
5.609248638153076172e+00
5.651287078857421875e+00
5.559177398681640625e+00
5.528949260711669922e+00
5.705984592437744141e+00
5.549207210540771484e+00
5.573593616485595703e+00
5.581885337829589844e+00
5.637119293212890625e+00
5.620168685913085938e+00
5.653778076171875000e+00
5.760841369628906250e+00
5.564013957977294922e+00
5.686355590820312500e+00
5.586283206939697266e+00
5.612211704254150391e+00
5.607677459716796875e+00
5.592308521270751953e+00
5.666102409362792969e+00
5.606282711029052734e+00
5.641987800598144531e+00
5.633406639099121094e+00
5.592110157012939453e+00
5.586765289306640625e+00
5.610607624053955078e+00
5.684949398040771484e+00
5.654996395111083984e+00
5.600910186767578125e+00
5.657052040100097656e+00
5.638141155242919922e+00
5.559452056884765625e+00
5.660165786743164062e+00
5.608746051788330078e+00
5.667740821838378906e+00
5.847741127014160156e+00
5.594603061676025391e+00
5.605137825012207031e+00
5.557621955871582031e+00
5.657490730285644531e+00
5.578749179840087891e+00
5.632321834564208984e+00
5.641732215881347656e+00
5.627303600311279297e+00
5.661593437194824219e+00
5.517846107482910156e+00
5.589594364166259766e+00
5.641684055328369141e+00
5.653310775756835938e+00
5.623723983764648438e+00
5.575808525085449219e+00
5.632171630859375000e+00
5.615473747253417969e+00
5.590482234954833984e+00
5.722073078155517578e+00
5.728918075561523438e+00
5.655062675476074219e+00
5.547895431518554688e+00
5.615677356719970703e+00
5.606738090515136719e+00
5.591865539550781250e+00
5.670728683471679688e+00
5.669797897338867188e+00
5.534007072448730469e+00
5.640562534332275391e+00
5.536001682281494141e+00
5.570044517517089844e+00
5.783715248107910156e+00
5.620327472686767578e+00
5.533697128295898438e+00
5.604964256286621094e+00
5.584607124328613281e+00
5.807566642761230469e+00
5.558099746704101562e+00
5.672676086425781250e+00
5.644324779510498047e+00
5.633792400360107422e+00
5.542530536651611328e+00
5.559200763702392578e+00
5.675451755523681641e+00
5.777359962463378906e+00
5.680315971374511719e+00
5.607339859008789062e+00
5.568188667297363281e+00
5.727869033813476562e+00
5.655169486999511719e+00
5.731814384460449219e+00
5.630052566528320312e+00
5.603548049926757812e+00
5.618328571319580078e+00
5.627120971679687500e+00
5.597623825073242188e+00
5.627995014190673828e+00
5.638085365295410156e+00
5.577315330505371094e+00
5.641610145568847656e+00
5.747323036193847656e+00
5.531773567199707031e+00
5.650689601898193359e+00
5.622498512268066406e+00
5.546973228454589844e+00
5.700363159179687500e+00
5.582038402557373047e+00
5.592634201049804688e+00
5.763962745666503906e+00
5.596043109893798828e+00
5.679719924926757812e+00
5.557866096496582031e+00
5.646433353424072266e+00
5.588773250579833984e+00
5.615521907806396484e+00
5.629508018493652344e+00
5.652873992919921875e+00
5.771471977233886719e+00
5.563379287719726562e+00
5.590441226959228516e+00
5.653127193450927734e+00
5.615786552429199219e+00
5.676104545593261719e+00
5.652028083801269531e+00
5.590141296386718750e+00
5.616965293884277344e+00
5.721920013427734375e+00
5.630789279937744141e+00
5.676126003265380859e+00
5.640837192535400391e+00
5.583823680877685547e+00
5.583168506622314453e+00
5.745845794677734375e+00
5.655414581298828125e+00
5.694458484649658203e+00
5.698087215423583984e+00
5.595890522003173828e+00
5.539186477661132812e+00
5.587131500244140625e+00
5.614087104797363281e+00
5.764214515686035156e+00
5.715012073516845703e+00
5.632912158966064453e+00
5.570441246032714844e+00
5.707649230957031250e+00
5.606240272521972656e+00
5.668681144714355469e+00
5.649143695831298828e+00
5.609848976135253906e+00
5.818572998046875000e+00
5.583080291748046875e+00
5.609481811523437500e+00
5.614652633666992188e+00
5.596408367156982422e+00
5.674854278564453125e+00
5.581128120422363281e+00
5.659198760986328125e+00
5.545401096343994141e+00
5.687820434570312500e+00
5.649907112121582031e+00
5.570623397827148438e+00
5.593614578247070312e+00
5.621414184570312500e+00
5.738462448120117188e+00
5.620378494262695312e+00
5.594514846801757812e+00
5.569406986236572266e+00
5.633847236633300781e+00
5.614474296569824219e+00
5.544379711151123047e+00
5.605891227722167969e+00
5.637524604797363281e+00
5.551428794860839844e+00
5.601823329925537109e+00
5.562144756317138672e+00
5.563774108886718750e+00
5.722455978393554688e+00
5.856162548065185547e+00
5.617312431335449219e+00
5.531575202941894531e+00
5.575032711029052734e+00
5.536489009857177734e+00
5.644250869750976562e+00
5.597672939300537109e+00
5.708394050598144531e+00
5.525741577148437500e+00
5.598291397094726562e+00
5.618206977844238281e+00
5.559056282043457031e+00
5.681274890899658203e+00
5.600309848785400391e+00
5.647416114807128906e+00
5.633446693420410156e+00
5.648578166961669922e+00
5.606925487518310547e+00
5.694349288940429688e+00
5.504224300384521484e+00
5.562635421752929688e+00
5.582045078277587891e+00
5.650059700012207031e+00
5.580126762390136719e+00
5.553226470947265625e+00
5.574592590332031250e+00
5.644575595855712891e+00
5.536541938781738281e+00
5.588500976562500000e+00
5.624840736389160156e+00
5.636615276336669922e+00
5.601563453674316406e+00
5.659676551818847656e+00
5.575885772705078125e+00
5.565627098083496094e+00
5.667924880981445312e+00
5.641404628753662109e+00
5.541528701782226562e+00
5.573874473571777344e+00
5.576406955718994141e+00
5.783574581146240234e+00
5.595675945281982422e+00
5.868868827819824219e+00
5.669683456420898438e+00
5.565722942352294922e+00
5.722001075744628906e+00
5.578514099121093750e+00
5.608607292175292969e+00
5.617820739746093750e+00
5.576316833496093750e+00
5.635374069213867188e+00
5.583323478698730469e+00
5.625160694122314453e+00
5.630144596099853516e+00
5.729587078094482422e+00
5.518326282501220703e+00
5.590106964111328125e+00
5.678391456604003906e+00
5.654413700103759766e+00
5.538926601409912109e+00
5.616617679595947266e+00
5.578895568847656250e+00
5.610086441040039062e+00
5.601222038269042969e+00
5.625996112823486328e+00
5.636409282684326172e+00
5.569206714630126953e+00
5.586881160736083984e+00
5.542018890380859375e+00
5.641754150390625000e+00
5.669312953948974609e+00
5.553290367126464844e+00
