6.868642807006835938e+00
6.790280818939208984e+00
6.668194770812988281e+00
6.613422393798828125e+00
6.493607521057128906e+00
6.439137458801269531e+00
6.436698436737060547e+00
6.477627754211425781e+00
6.548208713531494141e+00
6.426197528839111328e+00
6.506855964660644531e+00
6.431524276733398438e+00
6.451788902282714844e+00
6.478901863098144531e+00
6.496902465820312500e+00
6.352643966674804688e+00
6.387577056884765625e+00
6.307438850402832031e+00
6.336145401000976562e+00
6.402931213378906250e+00
6.456181049346923828e+00
6.362565517425537109e+00
6.265421867370605469e+00
6.322391510009765625e+00
6.243781089782714844e+00
6.229208946228027344e+00
6.341241836547851562e+00
6.306630134582519531e+00
6.248445510864257812e+00
6.286623001098632812e+00
6.274393558502197266e+00
6.175223350524902344e+00
6.210449218750000000e+00
6.261137962341308594e+00
6.088081359863281250e+00
6.227420806884765625e+00
6.406204223632812500e+00
6.153656005859375000e+00
6.263630867004394531e+00
6.239931583404541016e+00
6.160574913024902344e+00
6.208245277404785156e+00
6.341843605041503906e+00
6.276589393615722656e+00
6.100185394287109375e+00
6.265807628631591797e+00
6.152311801910400391e+00
6.124967098236083984e+00
6.197373390197753906e+00
6.165349483489990234e+00
6.176892757415771484e+00
6.113121986389160156e+00
6.207330226898193359e+00
6.242717742919921875e+00
6.152833461761474609e+00
6.094276905059814453e+00
6.145186424255371094e+00
6.232089996337890625e+00
6.138304710388183594e+00
6.141167163848876953e+00
6.173402786254882812e+00
6.079704284667968750e+00
6.022151947021484375e+00
6.088062286376953125e+00
6.106347084045410156e+00
6.170724868774414062e+00
6.208900451660156250e+00
6.084546566009521484e+00
6.218251228332519531e+00
6.177586078643798828e+00
6.139375686645507812e+00
6.361483573913574219e+00
6.140414714813232422e+00
6.319113254547119141e+00
6.275671958923339844e+00
6.118225574493408203e+00
6.092514038085937500e+00
6.034440040588378906e+00
6.149578571319580078e+00
5.956676483154296875e+00
6.162169933319091797e+00
5.993585586547851562e+00
6.013434410095214844e+00
6.162256240844726562e+00
6.030187129974365234e+00
6.206830501556396484e+00
6.241139411926269531e+00
6.095696449279785156e+00
6.147641181945800781e+00
6.173756599426269531e+00
6.070151329040527344e+00
6.083850860595703125e+00
6.118834972381591797e+00
6.277976036071777344e+00
6.075334548950195312e+00
6.140087604522705078e+00
6.213930130004882812e+00
6.055956363677978516e+00
6.110229492187500000e+00
6.100051879882812500e+00
6.218358993530273438e+00
6.041096687316894531e+00
6.086468696594238281e+00
6.224009037017822266e+00
6.145038604736328125e+00
6.181080818176269531e+00
5.995371818542480469e+00
6.291750431060791016e+00
6.145372867584228516e+00
6.193776130676269531e+00
6.011377811431884766e+00
5.996140003204345703e+00
6.059840202331542969e+00
6.119474887847900391e+00
6.319584369659423828e+00
6.172810554504394531e+00
6.196777820587158203e+00
6.041364192962646484e+00
6.258907794952392578e+00
6.017685413360595703e+00
6.184018135070800781e+00
6.021960258483886719e+00
6.065181732177734375e+00
6.160150527954101562e+00
6.152096271514892578e+00
6.291170597076416016e+00
6.060947895050048828e+00
6.160164833068847656e+00
6.059649467468261719e+00
6.026080131530761719e+00
6.312642574310302734e+00
6.133471488952636719e+00
6.137656688690185547e+00
6.082713127136230469e+00
5.977055549621582031e+00
6.206440925598144531e+00
6.170122146606445312e+00
6.110168457031250000e+00
6.216392517089843750e+00
6.026270866394042969e+00
5.975464344024658203e+00
6.181813240051269531e+00
6.148898601531982422e+00
6.000984191894531250e+00
6.101969718933105469e+00
6.046868324279785156e+00
6.034106731414794922e+00
6.009457588195800781e+00
6.018261909484863281e+00
6.117112636566162109e+00
6.017150402069091797e+00
6.077621936798095703e+00
6.163254261016845703e+00
6.021631717681884766e+00
6.024365425109863281e+00
5.998583316802978516e+00
6.052031040191650391e+00
6.118483066558837891e+00
6.207004070281982422e+00
5.973277091979980469e+00
6.076107978820800781e+00
6.147803306579589844e+00
6.143105506896972656e+00
6.093979358673095703e+00
6.048509597778320312e+00
6.022732734680175781e+00
5.903481006622314453e+00
6.018476486206054688e+00
6.129132270812988281e+00
5.988336086273193359e+00
5.947775840759277344e+00
6.057873725891113281e+00
5.994574546813964844e+00
5.965531349182128906e+00
6.085858345031738281e+00
6.093464851379394531e+00
5.967247009277343750e+00
6.047162055969238281e+00
6.038742065429687500e+00
5.984158992767333984e+00
6.056526660919189453e+00
5.980729103088378906e+00
6.043529510498046875e+00
6.068782329559326172e+00
6.029943466186523438e+00
5.999593257904052734e+00
6.033509254455566406e+00
6.076112747192382812e+00
6.048963069915771484e+00
6.040724754333496094e+00
6.095983505249023438e+00
6.071928977966308594e+00
5.976129055023193359e+00
6.076864719390869141e+00
6.006317615509033203e+00
6.010305404663085938e+00
5.941224098205566406e+00
6.184743881225585938e+00
6.064700126647949219e+00
6.036639213562011719e+00
6.035172462463378906e+00
6.002510547637939453e+00
6.046777725219726562e+00
6.087423324584960938e+00
5.983594894409179688e+00
6.134236812591552734e+00
5.945755004882812500e+00
5.996392250061035156e+00
6.069239139556884766e+00
5.997618198394775391e+00
5.960150241851806641e+00
6.121592044830322266e+00
6.088339805603027344e+00
6.068376064300537109e+00
5.975169181823730469e+00
6.054386615753173828e+00
6.054866790771484375e+00
5.950602054595947266e+00
5.981754302978515625e+00
6.023299694061279297e+00
6.006069183349609375e+00
6.070255279541015625e+00
5.909435272216796875e+00
6.032831192016601562e+00
5.999692916870117188e+00
6.029177665710449219e+00
5.986802101135253906e+00
5.900208473205566406e+00
6.072129726409912109e+00
6.044887542724609375e+00
6.091860294342041016e+00
6.028413772583007812e+00
6.139798164367675781e+00
6.027534961700439453e+00
6.064120769500732422e+00
6.008785724639892578e+00
5.986518859863281250e+00
5.945397853851318359e+00
6.016643524169921875e+00
6.033009052276611328e+00
5.951543331146240234e+00
5.950050830841064453e+00
5.938351631164550781e+00
6.118212223052978516e+00
6.197334289550781250e+00
6.171370506286621094e+00
6.175908088684082031e+00
5.923056602478027344e+00
6.088224887847900391e+00
5.938437938690185547e+00
5.969539165496826172e+00
6.035210609436035156e+00
6.000726699829101562e+00
6.041080474853515625e+00
5.999098777770996094e+00
6.228612899780273438e+00
6.153688430786132812e+00
6.126712322235107422e+00
6.038517475128173828e+00
5.976553440093994141e+00
6.146590232849121094e+00
6.069601535797119141e+00
6.164793014526367188e+00
6.077667236328125000e+00
6.023246765136718750e+00
6.082976818084716797e+00
6.018182277679443359e+00
5.961326122283935547e+00
5.887142181396484375e+00
6.062100410461425781e+00
5.998147964477539062e+00
6.013348102569580078e+00
5.992218494415283203e+00
5.993290901184082031e+00
6.018469333648681641e+00
5.927300930023193359e+00
6.070591926574707031e+00
5.923287868499755859e+00
5.921556472778320312e+00
6.110174655914306641e+00
5.910577774047851562e+00
5.939981460571289062e+00
6.031132698059082031e+00
5.978273868560791016e+00
5.989968299865722656e+00
6.003160953521728516e+00
5.992441177368164062e+00
5.899935722351074219e+00
6.010860443115234375e+00
6.211907386779785156e+00
5.970211982727050781e+00
5.980194568634033203e+00
6.074486732482910156e+00
6.155085563659667969e+00
6.060016632080078125e+00
6.009644985198974609e+00
6.010818004608154297e+00
5.909910678863525391e+00
6.003738403320312500e+00
5.896414279937744141e+00
5.930574417114257812e+00
5.988094806671142578e+00
6.048181533813476562e+00
6.000775337219238281e+00
5.939786434173583984e+00
6.107524871826171875e+00
6.007550716400146484e+00
5.955602645874023438e+00
5.971481800079345703e+00
5.937139511108398438e+00
5.984369754791259766e+00
5.948478221893310547e+00
5.919784545898437500e+00
6.038751602172851562e+00
5.983334064483642578e+00
6.059697151184082031e+00
5.985532283782958984e+00
5.881278038024902344e+00
6.056900024414062500e+00
5.844663619995117188e+00
5.902625083923339844e+00
5.937460422515869141e+00
6.039789676666259766e+00
6.018529891967773438e+00
5.984941482543945312e+00
5.985881805419921875e+00
5.960276126861572266e+00
6.054051876068115234e+00
5.844031810760498047e+00
6.044036865234375000e+00
5.965582847595214844e+00
6.046982765197753906e+00
6.131416797637939453e+00
6.078575134277343750e+00
5.963412284851074219e+00
5.908403396606445312e+00
6.003050804138183594e+00
6.036489009857177734e+00
5.902839183807373047e+00
6.021328449249267578e+00
5.926178932189941406e+00
6.077923774719238281e+00
6.040123939514160156e+00
6.044896125793457031e+00
5.934004783630371094e+00
5.997311592102050781e+00
6.125020503997802734e+00
6.052160263061523438e+00
6.072422504425048828e+00
6.031443119049072266e+00
5.918217182159423828e+00
5.977393150329589844e+00
5.927160739898681641e+00
5.927326202392578125e+00
6.150393486022949219e+00
5.919947147369384766e+00
6.125218391418457031e+00
5.936598777770996094e+00
6.053972244262695312e+00
6.026081085205078125e+00
5.959004878997802734e+00
5.900288105010986328e+00
6.054234027862548828e+00
6.000974655151367188e+00
6.050515651702880859e+00
5.935091495513916016e+00
5.981057167053222656e+00
5.926830768585205078e+00
6.012427806854248047e+00
5.945724964141845703e+00
5.998143672943115234e+00
5.948987007141113281e+00
5.977724075317382812e+00
6.060210227966308594e+00
5.923543453216552734e+00
6.025317668914794922e+00
5.942286968231201172e+00
6.065844535827636719e+00
5.912214756011962891e+00
5.852825164794921875e+00
6.087188720703125000e+00
6.181923389434814453e+00
6.021958351135253906e+00
6.025818824768066406e+00
5.961006164550781250e+00
5.895617008209228516e+00
5.943735599517822266e+00
5.907603263854980469e+00
6.051307678222656250e+00
5.992378711700439453e+00
6.051663875579833984e+00
5.948872089385986328e+00
6.044175624847412109e+00
5.858412742614746094e+00
5.958333015441894531e+00
5.945520401000976562e+00
5.917133331298828125e+00
6.077236175537109375e+00
5.954000949859619141e+00
5.969664573669433594e+00
5.896448135375976562e+00
5.841772556304931641e+00
5.907133579254150391e+00
5.917832374572753906e+00
5.914700508117675781e+00
5.876692771911621094e+00
6.138945579528808594e+00
5.949364662170410156e+00
6.015965461730957031e+00
6.182437896728515625e+00
5.912623405456542969e+00
5.952562808990478516e+00
5.919104576110839844e+00
5.964138984680175781e+00
5.954569816589355469e+00
5.990479946136474609e+00
6.087996006011962891e+00
6.002527713775634766e+00
6.113016605377197266e+00
5.969542503356933594e+00
5.905550003051757812e+00
6.077318191528320312e+00
5.955248355865478516e+00
5.914001941680908203e+00
5.904722213745117188e+00
5.938080310821533203e+00
5.988290786743164062e+00
5.966867446899414062e+00
6.084697723388671875e+00
6.055126190185546875e+00
6.019435882568359375e+00
5.941116333007812500e+00
5.946172237396240234e+00
5.947587013244628906e+00
6.070679187774658203e+00
5.924769401550292969e+00
5.887722015380859375e+00
5.896674633026123047e+00
5.971986770629882812e+00
5.954370498657226562e+00
5.913709163665771484e+00
5.891293525695800781e+00
6.043862342834472656e+00
5.977387428283691406e+00
6.063038349151611328e+00
5.902470588684082031e+00
5.850723266601562500e+00
5.855238437652587891e+00
6.058130264282226562e+00
5.828566551208496094e+00
5.869874000549316406e+00
5.994600296020507812e+00
5.918059825897216797e+00
5.928038597106933594e+00
5.828724861145019531e+00
5.890051364898681641e+00
5.940825462341308594e+00
6.010258674621582031e+00
5.927773952484130859e+00
5.916781425476074219e+00
5.954850196838378906e+00
5.952557563781738281e+00
5.917957782745361328e+00
5.930328369140625000e+00
5.836560249328613281e+00
5.946458339691162109e+00
6.023053169250488281e+00
5.856547832489013672e+00
5.982547283172607422e+00
5.953354835510253906e+00
5.909161090850830078e+00
5.995459556579589844e+00
6.005708694458007812e+00
5.960412025451660156e+00
5.928360939025878906e+00
6.048201084136962891e+00
5.974797248840332031e+00
5.910901546478271484e+00
5.911621570587158203e+00
5.850909709930419922e+00
5.768008232116699219e+00
5.931051254272460938e+00
5.975865364074707031e+00
5.900548934936523438e+00
5.972636222839355469e+00
5.956891536712646484e+00
5.913870811462402344e+00
5.989054679870605469e+00
5.960371971130371094e+00
5.925674438476562500e+00
5.943743705749511719e+00
5.842693328857421875e+00
5.994795799255371094e+00
5.955220222473144531e+00
5.996314525604248047e+00
6.176001071929931641e+00
5.930172443389892578e+00
5.901807785034179688e+00
5.932734489440917969e+00
5.846170425415039062e+00
5.962527751922607422e+00
5.928171157836914062e+00
5.874438762664794922e+00
5.892482280731201172e+00
5.917673587799072266e+00
6.002689361572265625e+00
5.956967353820800781e+00
6.010791778564453125e+00
5.916494369506835938e+00
6.209809780120849609e+00
6.044063568115234375e+00
5.895183563232421875e+00
5.935555458068847656e+00
5.902616977691650391e+00
5.905366420745849609e+00
5.870710372924804688e+00
6.130075931549072266e+00
5.961705207824707031e+00
5.935370445251464844e+00
6.012631893157958984e+00
5.833576202392578125e+00
6.016024589538574219e+00
5.863528728485107422e+00
5.854907989501953125e+00
6.040476799011230469e+00
6.023381233215332031e+00
6.151202678680419922e+00
5.978360176086425781e+00
6.001188755035400391e+00
5.988371372222900391e+00
5.961509227752685547e+00
6.005904197692871094e+00
6.106161117553710938e+00
5.921160697937011719e+00
5.983333587646484375e+00
5.954714298248291016e+00
5.983854293823242188e+00
6.025947570800781250e+00
5.963153839111328125e+00
6.153082370758056641e+00
5.876128673553466797e+00
5.898136138916015625e+00
6.022411346435546875e+00
5.972601890563964844e+00
5.957742214202880859e+00
5.860493183135986328e+00
6.046697616577148438e+00
5.978861331939697266e+00
5.919847488403320312e+00
5.855032920837402344e+00
5.973858356475830078e+00
5.885228633880615234e+00
6.031569480895996094e+00
5.938937187194824219e+00
6.022927761077880859e+00
6.037075042724609375e+00
5.944493770599365234e+00
5.959174633026123047e+00
6.122668743133544922e+00
6.072012901306152344e+00
6.037298679351806641e+00
5.962161540985107422e+00
5.897365093231201172e+00
5.933721542358398438e+00
5.949925899505615234e+00
5.873018264770507812e+00
6.089837074279785156e+00
5.896682739257812500e+00
5.962535381317138672e+00
5.871327400207519531e+00
5.859962463378906250e+00
5.950034141540527344e+00
5.942985057830810547e+00
5.929538726806640625e+00
5.945721626281738281e+00
5.832702636718750000e+00
6.008497714996337891e+00
5.880779743194580078e+00
6.003014087677001953e+00
5.979681968688964844e+00
5.993182182312011719e+00
5.990077018737792969e+00
5.900238990783691406e+00
5.900757789611816406e+00
5.916883468627929688e+00
5.882716655731201172e+00
5.829899787902832031e+00
5.867156982421875000e+00
6.077153205871582031e+00
5.950453758239746094e+00
5.954416275024414062e+00
6.015769004821777344e+00
5.849957466125488281e+00
5.902860164642333984e+00
5.987772941589355469e+00
5.918399810791015625e+00
5.838602066040039062e+00
5.981212615966796875e+00
5.810531616210937500e+00
5.871577262878417969e+00
5.882212638854980469e+00
5.862534523010253906e+00
5.903771400451660156e+00
5.920855522155761719e+00
5.961170673370361328e+00
5.908993244171142578e+00
5.893160820007324219e+00
5.890061855316162109e+00
5.839762210845947266e+00
5.990592956542968750e+00
6.018697261810302734e+00
5.930830955505371094e+00
5.943504333496093750e+00
5.842329025268554688e+00
5.902741909027099609e+00
6.021179199218750000e+00
5.914804458618164062e+00
5.845004081726074219e+00
6.027880191802978516e+00
6.042232513427734375e+00
5.869640827178955078e+00
5.923518657684326172e+00
5.988014221191406250e+00
5.903789520263671875e+00
5.965370178222656250e+00
5.942735195159912109e+00
6.016646862030029297e+00
5.942613124847412109e+00
5.940886020660400391e+00
6.016208648681640625e+00
5.833703041076660156e+00
5.845376014709472656e+00
5.916420459747314453e+00
5.931737899780273438e+00
5.963433742523193359e+00
5.972342491149902344e+00
5.939813613891601562e+00
5.911804676055908203e+00
5.855341434478759766e+00
5.911768913269042969e+00
5.970059871673583984e+00
5.945352554321289062e+00
5.901694297790527344e+00
5.968237400054931641e+00
5.849252700805664062e+00
5.953296184539794922e+00
5.880952358245849609e+00
6.049494743347167969e+00
5.926387786865234375e+00
5.979868412017822266e+00
5.832138061523437500e+00
5.911437034606933594e+00
5.920260429382324219e+00
5.847807884216308594e+00
5.898419857025146484e+00
6.044484615325927734e+00
5.798688411712646484e+00
5.951651573181152344e+00
5.902634620666503906e+00
5.905489921569824219e+00
5.878690242767333984e+00
5.916169643402099609e+00
5.944170475006103516e+00
5.824368000030517578e+00
5.916733741760253906e+00
5.918247699737548828e+00
5.935861587524414062e+00
5.987159252166748047e+00
5.941660404205322266e+00
5.852519035339355469e+00
5.904242515563964844e+00
6.010341167449951172e+00
5.884091377258300781e+00
5.950960636138916016e+00
5.898810386657714844e+00
5.844717979431152344e+00
5.939936161041259766e+00
6.042032241821289062e+00
5.988029479980468750e+00
6.027573108673095703e+00
5.973288536071777344e+00
6.071806907653808594e+00
5.906188011169433594e+00
5.871377468109130859e+00
5.927051067352294922e+00
5.946958065032958984e+00
5.873307704925537109e+00
5.885180950164794922e+00
5.942162513732910156e+00
6.063318729400634766e+00
5.939497947692871094e+00
5.913814544677734375e+00
6.083453178405761719e+00
6.127457618713378906e+00
5.921602249145507812e+00
5.935327529907226562e+00
5.923017024993896484e+00
6.009880065917968750e+00
5.904560565948486328e+00
5.981414794921875000e+00
5.917539596557617188e+00
6.079645633697509766e+00
5.966400623321533203e+00
6.073692321777343750e+00
5.906997203826904297e+00
6.130951881408691406e+00
5.922202110290527344e+00
6.097509384155273438e+00
5.953435420989990234e+00
5.924549102783203125e+00
5.992393016815185547e+00
5.964313983917236328e+00
5.936373233795166016e+00
6.016325950622558594e+00
5.996225833892822266e+00
5.956882476806640625e+00
5.845173835754394531e+00
5.888002395629882812e+00
5.906192779541015625e+00
5.901519775390625000e+00
5.774187564849853516e+00
5.917121410369873047e+00
5.884829998016357422e+00
5.823140144348144531e+00
5.920929908752441406e+00
5.932730674743652344e+00
5.858072757720947266e+00
5.862429618835449219e+00
5.786151885986328125e+00
6.042379856109619141e+00
6.030904769897460938e+00
5.955134391784667969e+00
5.959869384765625000e+00
5.939807891845703125e+00
5.892124176025390625e+00
5.836400985717773438e+00
5.904375076293945312e+00
5.867162227630615234e+00
6.058872222900390625e+00
5.880204677581787109e+00
5.822831630706787109e+00
5.984178543090820312e+00
6.193428039550781250e+00
5.873991489410400391e+00
5.952241897583007812e+00
5.952354907989501953e+00
5.918456077575683594e+00
5.936471462249755859e+00
5.932905673980712891e+00
6.041366100311279297e+00
5.881619453430175781e+00
5.924624443054199219e+00
6.129916191101074219e+00
5.962911128997802734e+00
6.042363643646240234e+00
5.905220031738281250e+00
5.851571083068847656e+00
6.000758647918701172e+00
5.791608810424804688e+00
5.993721961975097656e+00
5.954614639282226562e+00
5.919041156768798828e+00
5.913278102874755859e+00
5.952241420745849609e+00
5.824939250946044922e+00
5.975655555725097656e+00
5.949991226196289062e+00
5.908612728118896484e+00
5.963866710662841797e+00
5.957332611083984375e+00
5.923707962036132812e+00
5.968095302581787109e+00
5.926671504974365234e+00
6.009041786193847656e+00
5.857494831085205078e+00
6.006584644317626953e+00
6.031901836395263672e+00
5.838210105895996094e+00
5.908857345581054688e+00
5.925031661987304688e+00
5.883769035339355469e+00
5.964777469635009766e+00
5.934995651245117188e+00
5.973644256591796875e+00
5.960086822509765625e+00
5.957032203674316406e+00
5.917404174804687500e+00
5.876872539520263672e+00
5.968056201934814453e+00
5.925366878509521484e+00
5.874311923980712891e+00
5.937366485595703125e+00
5.929934978485107422e+00
5.927970886230468750e+00
5.930441379547119141e+00
5.973052024841308594e+00
5.920929908752441406e+00
5.962463855743408203e+00
6.027502536773681641e+00
5.836781501770019531e+00
6.294119834899902344e+00
6.040411949157714844e+00
5.897375583648681641e+00
5.915265083312988281e+00
5.813127994537353516e+00
6.001118183135986328e+00
5.917521953582763672e+00
5.980376720428466797e+00
5.867981433868408203e+00
5.904797554016113281e+00
5.988180637359619141e+00
5.947886943817138672e+00
5.849776268005371094e+00
5.967334747314453125e+00
5.982011795043945312e+00
5.825572490692138672e+00
5.903937339782714844e+00
5.840660095214843750e+00
6.003647804260253906e+00
5.837272644042968750e+00
5.972552299499511719e+00
5.978264331817626953e+00
5.876268386840820312e+00
5.911342620849609375e+00
5.954163551330566406e+00
6.006422996520996094e+00
5.858227729797363281e+00
5.942571640014648438e+00
5.847620010375976562e+00
5.963318824768066406e+00
5.884491443634033203e+00
5.818216323852539062e+00
5.993329048156738281e+00
5.884173870086669922e+00
6.113351821899414062e+00
5.927553176879882812e+00
5.907644271850585938e+00
5.986690521240234375e+00
5.936151981353759766e+00
5.985989570617675781e+00
5.835432052612304688e+00
5.851012229919433594e+00
5.866957664489746094e+00
5.911129951477050781e+00
5.792554855346679688e+00
5.969160556793212891e+00
5.999309539794921875e+00
5.964982986450195312e+00
6.054885864257812500e+00
5.956372261047363281e+00
5.958407878875732422e+00
5.879003047943115234e+00
5.899333953857421875e+00
5.880846977233886719e+00
5.957477569580078125e+00
5.874351024627685547e+00
5.968760967254638672e+00
5.879202842712402344e+00
5.902483463287353516e+00
5.875123500823974609e+00
5.921585559844970703e+00
5.980986118316650391e+00
5.920671939849853516e+00
5.943692207336425781e+00
5.894987106323242188e+00
5.895333290100097656e+00
5.841303825378417969e+00
5.804833412170410156e+00
5.891014575958251953e+00
5.811590671539306641e+00
5.961926460266113281e+00
5.864796638488769531e+00
5.908581733703613281e+00
5.873728752136230469e+00
6.096354007720947266e+00
5.835575580596923828e+00
5.942754745483398438e+00
5.892725467681884766e+00
5.890119552612304688e+00
5.884402275085449219e+00
5.959545135498046875e+00
5.814036369323730469e+00
5.770868301391601562e+00
5.876625061035156250e+00
5.841153144836425781e+00
5.915816307067871094e+00
5.855100631713867188e+00
5.911217689514160156e+00
5.950821876525878906e+00
5.877890110015869141e+00
5.898521423339843750e+00
5.901080131530761719e+00
5.786164760589599609e+00
5.971764564514160156e+00
5.796875953674316406e+00
5.985578536987304688e+00
5.958606719970703125e+00
5.889833927154541016e+00
5.792667865753173828e+00
5.895749568939208984e+00
5.813109397888183594e+00
5.864529609680175781e+00
5.891642570495605469e+00
5.800273895263671875e+00
5.812602996826171875e+00
6.131958007812500000e+00
5.835669517517089844e+00
5.909265518188476562e+00
5.866360664367675781e+00
5.898307323455810547e+00
5.983327865600585938e+00
5.895313739776611328e+00
5.983181476593017578e+00
5.894053936004638672e+00
5.933856010437011719e+00
6.025664329528808594e+00
5.825214385986328125e+00
5.948341369628906250e+00
5.836045742034912109e+00
6.042840957641601562e+00
5.855930805206298828e+00
5.850099563598632812e+00
5.954103469848632812e+00
5.924283981323242188e+00
5.881508350372314453e+00
5.900098800659179688e+00
5.884383678436279297e+00
5.904966831207275391e+00
5.950490474700927734e+00
5.993260860443115234e+00
5.883450508117675781e+00
5.858165740966796875e+00
5.996766567230224609e+00
5.911399841308593750e+00
5.895336151123046875e+00
5.990827560424804688e+00
5.998680591583251953e+00
5.869040012359619141e+00
5.865977764129638672e+00
5.846307754516601562e+00
5.845291137695312500e+00
5.850461006164550781e+00
5.890440940856933594e+00
5.755785465240478516e+00
5.777446746826171875e+00
5.941825866699218750e+00
6.014383316040039062e+00
5.883505344390869141e+00
5.886373043060302734e+00
5.825886726379394531e+00
5.906032562255859375e+00
5.890660762786865234e+00
5.905236244201660156e+00
5.888420581817626953e+00
5.854062080383300781e+00
5.908894538879394531e+00
5.922513484954833984e+00
5.783882617950439453e+00
5.948387145996093750e+00
5.850744247436523438e+00
5.748319625854492188e+00
5.787946224212646484e+00
5.942945957183837891e+00
5.887861728668212891e+00
5.975248813629150391e+00
5.932963848114013672e+00
5.801521778106689453e+00
5.934696197509765625e+00
5.848084926605224609e+00
5.948918342590332031e+00
