1.606055603027343750e+02
1.472040252685546875e+02
1.438199768066406250e+02
1.399069519042968750e+02
1.389387207031250000e+02
1.379305725097656250e+02
1.372843170166015625e+02
1.368390808105468750e+02
1.359042663574218750e+02
1.357580261230468750e+02
1.354481506347656250e+02
1.351432342529296875e+02
1.349696350097656250e+02
1.344324493408203125e+02
1.343143920898437500e+02
1.340807495117187500e+02
1.337663574218750000e+02
1.334874267578125000e+02
1.335557250976562500e+02
1.333087463378906250e+02
1.330564727783203125e+02
1.328897094726562500e+02
1.326490173339843750e+02
1.322192535400390625e+02
1.322492370605468750e+02
1.317002258300781250e+02
1.317453460693359375e+02
1.310381927490234375e+02
1.304935150146484375e+02
1.301957550048828125e+02
1.305883178710937500e+02
1.302560729980468750e+02
1.297292480468750000e+02
1.296039123535156250e+02
1.289435729980468750e+02
1.292736816406250000e+02
1.298356781005859375e+02
1.287871704101562500e+02
1.284966888427734375e+02
1.287651977539062500e+02
1.286034851074218750e+02
1.278874511718750000e+02
1.282294311523437500e+02
1.274522018432617188e+02
1.274055938720703125e+02
1.271101684570312500e+02
1.267553405761718750e+02
1.266936340332031250e+02
1.273024215698242188e+02
1.272243804931640625e+02
1.271896362304687500e+02
1.264891967773437500e+02
1.264692993164062500e+02
1.265964202880859375e+02
1.263721313476562500e+02
1.266951522827148438e+02
1.265226287841796875e+02
1.264611663818359375e+02
1.258518676757812500e+02
1.258393783569335938e+02
1.258688812255859375e+02
1.255034332275390625e+02
1.258519592285156250e+02
1.258200988769531250e+02
1.252944107055664062e+02
1.257547454833984375e+02
1.251818084716796875e+02
1.256544036865234375e+02
1.255885009765625000e+02
1.251032791137695312e+02
1.250437850952148438e+02
1.256569366455078125e+02
1.248887176513671875e+02
1.258718566894531250e+02
1.248763656616210938e+02
1.249441452026367188e+02
1.237736968994140625e+02
1.259095611572265625e+02
1.252602233886718750e+02
1.244048614501953125e+02
1.246989898681640625e+02
1.246512298583984375e+02
1.240486831665039062e+02
1.241361465454101562e+02
1.242402191162109375e+02
1.242340087890625000e+02
1.244201812744140625e+02
1.247682952880859375e+02
1.244300231933593750e+02
1.236844177246093750e+02
1.241792831420898438e+02
1.237537460327148438e+02
1.241019134521484375e+02
1.241215667724609375e+02
1.231382598876953125e+02
1.241971740722656250e+02
1.236159515380859375e+02
1.242122116088867188e+02
1.238705139160156250e+02
1.238124084472656250e+02
1.233492202758789062e+02
1.234712448120117188e+02
1.239245300292968750e+02
1.231558303833007812e+02
1.233868026733398438e+02
1.230617752075195312e+02
1.236882400512695312e+02
1.237555313110351562e+02
1.239054641723632812e+02
1.237056732177734375e+02
1.238672027587890625e+02
1.230371093750000000e+02
1.227918243408203125e+02
1.235578918457031250e+02
1.231637115478515625e+02
1.231440734863281250e+02
1.229683685302734375e+02
1.234488372802734375e+02
1.240779724121093750e+02
1.233279876708984375e+02
1.229192199707031250e+02
1.230866699218750000e+02
1.235083389282226562e+02
1.230126342773437500e+02
1.233651504516601562e+02
1.229890975952148438e+02
1.224734420776367188e+02
1.230453109741210938e+02
1.228107376098632812e+02
1.231739959716796875e+02
1.234780731201171875e+02
1.230559692382812500e+02
1.228723602294921875e+02
1.228596343994140625e+02
1.225044403076171875e+02
1.226440200805664062e+02
1.229053421020507812e+02
1.230516052246093750e+02
1.231570739746093750e+02
1.229290390014648438e+02
1.226059722900390625e+02
1.223070983886718750e+02
1.226328735351562500e+02
1.224800567626953125e+02
1.227435531616210938e+02
1.225854644775390625e+02
1.227659072875976562e+02
1.222807922363281250e+02
1.224737396240234375e+02
1.223977966308593750e+02
1.222027893066406250e+02
1.223709869384765625e+02
1.228945007324218750e+02
1.224078750610351562e+02
1.227005233764648438e+02
1.225020294189453125e+02
1.225875854492187500e+02
1.220440368652343750e+02
1.230008239746093750e+02
1.227432403564453125e+02
1.221630706787109375e+02
1.226324920654296875e+02
1.223494110107421875e+02
1.223236846923828125e+02
1.216515045166015625e+02
1.226532440185546875e+02
1.217198333740234375e+02
1.221979446411132812e+02
1.218729629516601562e+02
1.223563766479492188e+02
1.215454483032226562e+02
1.211935424804687500e+02
1.217440719604492188e+02
1.226381378173828125e+02
1.219848632812500000e+02
1.223850402832031250e+02
1.221459655761718750e+02
1.216540908813476562e+02
1.228124542236328125e+02
1.214548950195312500e+02
1.222355499267578125e+02
1.214340057373046875e+02
1.214775695800781250e+02
1.211193618774414062e+02
1.222187347412109375e+02
1.219089050292968750e+02
1.216981582641601562e+02
1.216556854248046875e+02
1.217922668457031250e+02
1.219212646484375000e+02
1.214955444335937500e+02
1.221407012939453125e+02
1.215142059326171875e+02
1.226730804443359375e+02
1.214970169067382812e+02
1.221087188720703125e+02
1.218831329345703125e+02
1.219734725952148438e+02
1.216095962524414062e+02
1.220327987670898438e+02
1.209800033569335938e+02
1.212852096557617188e+02
1.211446685791015625e+02
1.213245849609375000e+02
1.214896850585937500e+02
1.213232421875000000e+02
1.212685699462890625e+02
1.218664093017578125e+02
1.212058715820312500e+02
1.215722961425781250e+02
1.224435272216796875e+02
1.215034866333007812e+02
1.213393783569335938e+02
1.211573181152343750e+02
1.207500000000000000e+02
1.220971450805664062e+02
1.218360443115234375e+02
1.212468566894531250e+02
1.215504760742187500e+02
1.220266036987304688e+02
1.221413116455078125e+02
1.208820190429687500e+02
1.206810150146484375e+02
1.216464767456054688e+02
1.207930526733398438e+02
1.215318450927734375e+02
1.213515090942382812e+02
1.216592254638671875e+02
1.218959960937500000e+02
1.208318481445312500e+02
1.221361389160156250e+02
1.216377410888671875e+02
1.220599365234375000e+02
1.212370376586914062e+02
1.216367721557617188e+02
1.211260833740234375e+02
1.215555267333984375e+02
1.210070953369140625e+02
1.220322494506835938e+02
1.215656509399414062e+02
1.214560699462890625e+02
1.207105407714843750e+02
1.210678939819335938e+02
1.210981903076171875e+02
1.216193084716796875e+02
1.208434448242187500e+02
1.212880249023437500e+02
1.210869140625000000e+02
1.223727416992187500e+02
1.214949111938476562e+02
1.209116439819335938e+02
1.219407196044921875e+02
1.208035507202148438e+02
1.212213134765625000e+02
1.215065612792968750e+02
1.210567398071289062e+02
1.214501495361328125e+02
1.214252166748046875e+02
1.211383132934570312e+02
1.224240112304687500e+02
1.214591827392578125e+02
1.211137695312500000e+02
1.200729446411132812e+02
1.215605316162109375e+02
1.218496551513671875e+02
1.213170471191406250e+02
1.213521728515625000e+02
1.211473388671875000e+02
1.217352294921875000e+02
1.219233627319335938e+02
1.212538375854492188e+02
1.218810348510742188e+02
1.206791915893554688e+02
1.210612487792968750e+02
1.210988922119140625e+02
1.211571121215820312e+02
1.212458724975585938e+02
1.217774658203125000e+02
1.206859512329101562e+02
1.218130035400390625e+02
1.208549652099609375e+02
1.206087112426757812e+02
1.207463378906250000e+02
1.208541717529296875e+02
1.215610809326171875e+02
1.214977722167968750e+02
1.210491180419921875e+02
1.210936889648437500e+02
1.205377349853515625e+02
1.213113098144531250e+02
1.211047363281250000e+02
1.221536331176757812e+02
1.205539093017578125e+02
1.209230194091796875e+02
1.222481079101562500e+02
1.204856262207031250e+02
1.210573501586914062e+02
1.208561859130859375e+02
1.210932922363281250e+02
1.205523376464843750e+02
1.212080078125000000e+02
1.203612365722656250e+02
1.213669738769531250e+02
1.209353637695312500e+02
1.212221298217773438e+02
1.206502075195312500e+02
1.204576416015625000e+02
1.208438339233398438e+02
1.219989929199218750e+02
1.203010101318359375e+02
1.216165771484375000e+02
1.213303527832031250e+02
1.207563018798828125e+02
1.203717651367187500e+02
1.214929885864257812e+02
1.203534851074218750e+02
1.206315612792968750e+02
1.207286529541015625e+02
1.209143295288085938e+02
1.213388977050781250e+02
1.199723663330078125e+02
1.212051239013671875e+02
1.204141006469726562e+02
1.205067367553710938e+02
1.205992279052734375e+02
1.212494277954101562e+02
1.214920959472656250e+02
1.212159576416015625e+02
1.207323684692382812e+02
1.207324066162109375e+02
1.223089447021484375e+02
1.222041244506835938e+02
1.212299118041992188e+02
1.209954528808593750e+02
1.196258392333984375e+02
1.206860961914062500e+02
1.205911560058593750e+02
1.212040710449218750e+02
1.213199462890625000e+02
1.207453918457031250e+02
1.209087142944335938e+02
1.210632019042968750e+02
1.211283111572265625e+02
1.203848037719726562e+02
1.215365600585937500e+02
1.210861206054687500e+02
1.209676361083984375e+02
1.205026092529296875e+02
1.210729217529296875e+02
1.210243835449218750e+02
1.209570541381835938e+02
1.219966049194335938e+02
1.209051589965820312e+02
1.205296325683593750e+02
1.207210083007812500e+02
1.209315719604492188e+02
1.203880004882812500e+02
1.214758987426757812e+02
1.208109130859375000e+02
1.213639450073242188e+02
1.205008544921875000e+02
1.206948699951171875e+02
1.207374267578125000e+02
1.208169784545898438e+02
1.210268096923828125e+02
1.200825958251953125e+02
1.202611923217773438e+02
1.205247879028320312e+02
1.211243591308593750e+02
1.203322372436523438e+02
1.202007751464843750e+02
1.205926818847656250e+02
1.211623992919921875e+02
1.215333709716796875e+02
1.207039184570312500e+02
1.204470672607421875e+02
1.202100219726562500e+02
1.206642532348632812e+02
1.209572143554687500e+02
1.200360717773437500e+02
1.200738143920898438e+02
1.199654235839843750e+02
1.205161132812500000e+02
1.199925613403320312e+02
1.212398147583007812e+02
1.201736755371093750e+02
1.207006683349609375e+02
1.207851028442382812e+02
1.201502380371093750e+02
1.213641281127929688e+02
1.215166320800781250e+02
1.206243057250976562e+02
1.208364105224609375e+02
1.209970550537109375e+02
1.209549942016601562e+02
1.203012542724609375e+02
1.203347396850585938e+02
1.212507781982421875e+02
1.211071166992187500e+02
1.199171600341796875e+02
1.213016662597656250e+02
1.207670364379882812e+02
1.207081604003906250e+02
1.200141296386718750e+02
1.203149032592773438e+02
1.207273559570312500e+02
1.201897811889648438e+02
1.202885665893554688e+02
1.209078521728515625e+02
1.206767120361328125e+02
1.207333374023437500e+02
1.198029708862304688e+02
1.210316390991210938e+02
1.216605529785156250e+02
1.200569076538085938e+02
1.203298263549804688e+02
1.197083511352539062e+02
1.211910095214843750e+02
1.203652191162109375e+02
1.196325225830078125e+02
1.195716018676757812e+02
1.201446533203125000e+02
1.205331268310546875e+02
1.202257995605468750e+02
1.211306152343750000e+02
1.202115859985351562e+02
1.196445083618164062e+02
1.202146759033203125e+02
1.209449386596679688e+02
1.211036148071289062e+02
1.204976654052734375e+02
1.208093566894531250e+02
1.208291625976562500e+02
1.211868286132812500e+02
1.207035751342773438e+02
1.204654083251953125e+02
1.200152053833007812e+02
1.203066329956054688e+02
1.207026672363281250e+02
1.190594482421875000e+02
1.200899734497070312e+02
1.210716018676757812e+02
1.202266387939453125e+02
1.203464508056640625e+02
1.203191070556640625e+02
1.202742843627929688e+02
1.206040496826171875e+02
1.202902069091796875e+02
1.201117401123046875e+02
1.206354522705078125e+02
1.205104370117187500e+02
1.206942443847656250e+02
1.200217590332031250e+02
1.202312011718750000e+02
1.195905380249023438e+02
1.207963867187500000e+02
1.204387817382812500e+02
1.199384765625000000e+02
1.206617889404296875e+02
1.200505676269531250e+02
1.199575195312500000e+02
1.202116241455078125e+02
1.204142608642578125e+02
1.204372711181640625e+02
1.199805984497070312e+02
1.205495300292968750e+02
1.210134429931640625e+02
1.208600769042968750e+02
1.211138153076171875e+02
1.208175354003906250e+02
1.199071884155273438e+02
1.192778625488281250e+02
1.202552490234375000e+02
1.196710891723632812e+02
1.206264495849609375e+02
1.201493453979492188e+02
1.202494812011718750e+02
1.206599121093750000e+02
1.200563049316406250e+02
1.204155426025390625e+02
1.202773590087890625e+02
1.195414886474609375e+02
1.200101470947265625e+02
1.204553375244140625e+02
1.206945190429687500e+02
1.192136535644531250e+02
1.195022277832031250e+02
1.204606170654296875e+02
1.199271697998046875e+02
1.200376205444335938e+02
1.201232757568359375e+02
1.202744140625000000e+02
1.207201538085937500e+02
1.198653945922851562e+02
1.198415145874023438e+02
1.200681152343750000e+02
1.189118957519531250e+02
1.201948394775390625e+02
1.194668731689453125e+02
1.203413696289062500e+02
1.203880615234375000e+02
1.203685989379882812e+02
1.201882324218750000e+02
1.196899261474609375e+02
1.198234863281250000e+02
1.199166030883789062e+02
1.199751815795898438e+02
1.202400970458984375e+02
1.206088180541992188e+02
1.192936096191406250e+02
1.206158447265625000e+02
1.201998291015625000e+02
1.202884216308593750e+02
1.206502075195312500e+02
1.214096832275390625e+02
1.195872802734375000e+02
1.202276153564453125e+02
1.204113159179687500e+02
1.205292968750000000e+02
1.210503234863281250e+02
1.196866302490234375e+02
1.191940307617187500e+02
1.208962097167968750e+02
1.203845977783203125e+02
1.195858001708984375e+02
1.203123397827148438e+02
1.202212371826171875e+02
1.205554809570312500e+02
1.195739212036132812e+02
1.194703979492187500e+02
1.200831527709960938e+02
1.197803192138671875e+02
1.196712875366210938e+02
1.206794738769531250e+02
1.199519119262695312e+02
1.190182952880859375e+02
1.197579498291015625e+02
1.207286071777343750e+02
1.206997528076171875e+02
1.209315948486328125e+02
1.206213989257812500e+02
1.199038772583007812e+02
1.202204895019531250e+02
1.195816345214843750e+02
1.200761337280273438e+02
1.199889450073242188e+02
1.192467956542968750e+02
1.208378601074218750e+02
1.202565002441406250e+02
1.194571228027343750e+02
1.198767700195312500e+02
1.206602020263671875e+02
1.194370117187500000e+02
1.197581024169921875e+02
1.208568725585937500e+02
1.201893005371093750e+02
1.205269012451171875e+02
1.206031494140625000e+02
1.200046768188476562e+02
1.208791046142578125e+02
1.206716156005859375e+02
1.201366882324218750e+02
1.203464431762695312e+02
1.205250854492187500e+02
1.193382263183593750e+02
1.197394561767578125e+02
1.202172775268554688e+02
1.200910797119140625e+02
1.199425735473632812e+02
1.191649780273437500e+02
1.195153884887695312e+02
1.205820007324218750e+02
1.195324401855468750e+02
1.204920959472656250e+02
1.199123077392578125e+02
1.201202392578125000e+02
1.201922149658203125e+02
1.198281631469726562e+02
1.205384979248046875e+02
1.202101287841796875e+02
1.196678924560546875e+02
1.195863037109375000e+02
1.201584930419921875e+02
1.200590820312500000e+02
1.202866668701171875e+02
1.193764343261718750e+02
1.200895538330078125e+02
1.192039184570312500e+02
1.200141906738281250e+02
1.203892517089843750e+02
1.193517608642578125e+02
1.198587799072265625e+02
1.196145782470703125e+02
1.199546432495117188e+02
1.196118774414062500e+02
1.201182556152343750e+02
1.198571166992187500e+02
1.196440963745117188e+02
1.198253784179687500e+02
1.188388214111328125e+02
1.195583953857421875e+02
1.196018981933593750e+02
1.200815734863281250e+02
1.204551544189453125e+02
1.189039459228515625e+02
1.200400390625000000e+02
1.198590774536132812e+02
1.203812713623046875e+02
1.201806182861328125e+02
1.209590911865234375e+02
1.196152343750000000e+02
1.195915985107421875e+02
1.198251800537109375e+02
1.201095199584960938e+02
1.199497375488281250e+02
1.191027832031250000e+02
1.193328857421875000e+02
1.197043457031250000e+02
1.205401763916015625e+02
1.199493865966796875e+02
1.195795593261718750e+02
1.198181610107421875e+02
1.190958251953125000e+02
1.196479492187500000e+02
1.195367050170898438e+02
1.190590057373046875e+02
1.209564971923828125e+02
1.193689575195312500e+02
1.195577774047851562e+02
1.196396789550781250e+02
1.196170120239257812e+02
1.195730895996093750e+02
1.201486053466796875e+02
1.200775756835937500e+02
1.197574920654296875e+02
1.206302642822265625e+02
1.201501922607421875e+02
1.195310668945312500e+02
1.195576324462890625e+02
1.198947296142578125e+02
1.193198928833007812e+02
1.197498016357421875e+02
1.195400390625000000e+02
1.197955474853515625e+02
1.189576110839843750e+02
1.193853149414062500e+02
1.193590774536132812e+02
1.198217849731445312e+02
1.199361190795898438e+02
1.201502838134765625e+02
1.201334533691406250e+02
1.198367462158203125e+02
1.202207717895507812e+02
1.203268432617187500e+02
1.192694244384765625e+02
1.196141510009765625e+02
1.199384613037109375e+02
1.202941741943359375e+02
1.195218124389648438e+02
1.196233825683593750e+02
1.195359039306640625e+02
1.197665405273437500e+02
1.190674285888671875e+02
1.198038940429687500e+02
1.193917541503906250e+02
1.196829223632812500e+02
1.198734741210937500e+02
1.204726257324218750e+02
1.196278991699218750e+02
1.201222915649414062e+02
1.194074554443359375e+02
1.202998657226562500e+02
1.202456588745117188e+02
1.194817047119140625e+02
1.199170227050781250e+02
1.187287216186523438e+02
1.198122558593750000e+02
1.200932235717773438e+02
1.196610412597656250e+02
1.202351226806640625e+02
1.198106994628906250e+02
1.193104400634765625e+02
1.186346359252929688e+02
1.195464935302734375e+02
1.203924026489257812e+02
1.198049774169921875e+02
1.202150650024414062e+02
1.192820129394531250e+02
1.189590911865234375e+02
1.194939117431640625e+02
1.198023147583007812e+02
1.191318664550781250e+02
1.186499862670898438e+02
1.202251586914062500e+02
1.196339263916015625e+02
1.194799880981445312e+02
1.201051788330078125e+02
1.198553619384765625e+02
1.195409393310546875e+02
1.190776672363281250e+02
1.197381134033203125e+02
1.197655944824218750e+02
1.198833618164062500e+02
1.192371444702148438e+02
1.195473556518554688e+02
1.198953247070312500e+02
1.194521408081054688e+02
1.199800567626953125e+02
1.199073791503906250e+02
1.194173126220703125e+02
1.196529998779296875e+02
1.197100982666015625e+02
1.198072967529296875e+02
1.201115112304687500e+02
1.193541870117187500e+02
1.197073669433593750e+02
1.197298126220703125e+02
1.191391220092773438e+02
1.192431030273437500e+02
1.197309188842773438e+02
1.205333557128906250e+02
1.192559967041015625e+02
1.201219940185546875e+02
1.191831817626953125e+02
1.192435684204101562e+02
1.198376312255859375e+02
1.190833206176757812e+02
1.198138122558593750e+02
1.190509338378906250e+02
1.191120529174804688e+02
1.197815399169921875e+02
1.191157226562500000e+02
1.194672241210937500e+02
1.190805892944335938e+02
1.190192947387695312e+02
1.199549026489257812e+02
1.192677230834960938e+02
1.198444366455078125e+02
1.198571929931640625e+02
1.198680725097656250e+02
1.195028076171875000e+02
1.195934143066406250e+02
1.200018844604492188e+02
1.202537078857421875e+02
1.195901947021484375e+02
1.192894134521484375e+02
1.197324752807617188e+02
1.197223129272460938e+02
1.182895202636718750e+02
1.198041534423828125e+02
1.193207015991210938e+02
1.190646514892578125e+02
1.195856323242187500e+02
1.186268997192382812e+02
1.197006454467773438e+02
1.192519912719726562e+02
1.189774627685546875e+02
1.190022125244140625e+02
1.199464874267578125e+02
1.193720474243164062e+02
1.192868347167968750e+02
1.198220062255859375e+02
1.191961822509765625e+02
1.188379364013671875e+02
1.199271316528320312e+02
1.186838073730468750e+02
1.189450073242187500e+02
1.201718292236328125e+02
1.197038269042968750e+02
1.196510467529296875e+02
1.192524490356445312e+02
1.191272888183593750e+02
1.190948028564453125e+02
1.193427734375000000e+02
1.195957946777343750e+02
1.187655487060546875e+02
1.197145996093750000e+02
1.190988159179687500e+02
1.191934432983398438e+02
1.189230957031250000e+02
1.195249328613281250e+02
1.199283142089843750e+02
1.195285491943359375e+02
1.198679885864257812e+02
1.198899230957031250e+02
1.193398971557617188e+02
1.189512329101562500e+02
1.198558807373046875e+02
1.193426971435546875e+02
1.192273406982421875e+02
1.195328979492187500e+02
1.195122222900390625e+02
1.199550628662109375e+02
1.191894226074218750e+02
1.203265838623046875e+02
1.202793960571289062e+02
1.195557861328125000e+02
1.194362792968750000e+02
1.184276733398437500e+02
1.195254821777343750e+02
1.189603805541992188e+02
1.198252716064453125e+02
1.189448699951171875e+02
1.192763519287109375e+02
1.194351043701171875e+02
1.199494781494140625e+02
1.187855529785156250e+02
1.194853973388671875e+02
1.198970794677734375e+02
1.190417327880859375e+02
1.196935958862304688e+02
1.192471771240234375e+02
1.186099700927734375e+02
1.194513854980468750e+02
1.196987457275390625e+02
1.193296432495117188e+02
1.199491271972656250e+02
1.197732772827148438e+02
1.197794189453125000e+02
1.192153244018554688e+02
1.194597473144531250e+02
1.188716583251953125e+02
1.201488342285156250e+02
1.192573394775390625e+02
1.197668762207031250e+02
1.193392486572265625e+02
1.197879486083984375e+02
1.197430114746093750e+02
1.201411895751953125e+02
1.188003158569335938e+02
1.196805267333984375e+02
1.195955200195312500e+02
1.194424285888671875e+02
1.208806457519531250e+02
1.193162231445312500e+02
1.197794189453125000e+02
1.192474441528320312e+02
1.194596710205078125e+02
1.197783355712890625e+02
1.195264587402343750e+02
1.195226745605468750e+02
1.199580459594726562e+02
1.189971542358398438e+02
1.198737182617187500e+02
1.200183715820312500e+02
1.195308990478515625e+02
1.201779785156250000e+02
1.200196228027343750e+02
1.189593276977539062e+02
1.195912475585937500e+02
1.192006912231445312e+02
1.196141815185546875e+02
1.194867172241210938e+02
1.199970245361328125e+02
1.191597900390625000e+02
1.201231079101562500e+02
1.194637451171875000e+02
1.198529052734375000e+02
1.192317810058593750e+02
1.191192474365234375e+02
1.191649398803710938e+02
1.195690002441406250e+02
1.187409210205078125e+02
1.191000823974609375e+02
1.187825622558593750e+02
1.195070953369140625e+02
1.188628768920898438e+02
1.193251571655273438e+02
1.192036590576171875e+02
1.188133697509765625e+02
1.189107208251953125e+02
1.191055450439453125e+02
1.192980575561523438e+02
1.200796508789062500e+02
1.192728805541992188e+02
1.193262329101562500e+02
1.195113525390625000e+02
1.189839935302734375e+02
1.194506454467773438e+02
1.191463775634765625e+02
1.197664337158203125e+02
1.185729141235351562e+02
1.199218444824218750e+02
1.189739379882812500e+02
1.199913024902343750e+02
1.195549011230468750e+02
1.197438964843750000e+02
1.193237609863281250e+02
1.192251129150390625e+02
1.195873260498046875e+02
1.202191543579101562e+02
1.192680358886718750e+02
1.194783782958984375e+02
1.199789581298828125e+02
1.197733306884765625e+02
1.186375427246093750e+02
1.196080017089843750e+02
1.190226058959960938e+02
1.197722854614257812e+02
1.196969146728515625e+02
1.192877807617187500e+02
1.198811035156250000e+02
1.195200424194335938e+02
1.189032821655273438e+02
1.193252716064453125e+02
1.195454864501953125e+02
1.190365219116210938e+02
1.197231445312500000e+02
1.200476989746093750e+02
1.196161804199218750e+02
1.194523773193359375e+02
1.192100830078125000e+02
1.194517059326171875e+02
1.190906066894531250e+02
1.196250839233398438e+02
1.193021850585937500e+02
1.196255645751953125e+02
1.194971313476562500e+02
1.195984420776367188e+02
1.197301177978515625e+02
1.195271911621093750e+02
1.199355316162109375e+02
1.198785629272460938e+02
1.207615814208984375e+02
1.198115692138671875e+02
1.193009948730468750e+02
1.191881713867187500e+02
1.191973266601562500e+02
1.187124328613281250e+02
1.185816192626953125e+02
1.194330673217773438e+02
1.192205200195312500e+02
1.190442199707031250e+02
1.189144668579101562e+02
1.203452224731445312e+02
1.195872955322265625e+02
1.190053100585937500e+02
1.189700622558593750e+02
1.197820739746093750e+02
1.195557403564453125e+02
1.194249267578125000e+02
1.195816116333007812e+02
1.193234939575195312e+02
1.191492767333984375e+02
1.193593139648437500e+02
1.185051727294921875e+02
1.195989074707031250e+02
1.203457031250000000e+02
1.186283874511718750e+02
1.193658142089843750e+02
1.198309402465820312e+02
1.185961303710937500e+02
1.192234802246093750e+02
1.194027786254882812e+02
1.185069656372070312e+02
1.194244232177734375e+02
1.192083129882812500e+02
1.192718811035156250e+02
1.201628875732421875e+02
1.196560440063476562e+02
1.194284362792968750e+02
1.189179229736328125e+02
1.191033630371093750e+02
1.186065368652343750e+02
1.189358901977539062e+02
1.191420593261718750e+02
1.201726074218750000e+02
1.199632415771484375e+02
1.189908447265625000e+02
1.193833007812500000e+02
