1.710422668457031250e+02
1.492644042968750000e+02
1.436876831054687500e+02
1.418143920898437500e+02
1.409427185058593750e+02
1.394305877685546875e+02
1.388848114013671875e+02
1.376289062500000000e+02
1.372360382080078125e+02
1.369703979492187500e+02
1.363580627441406250e+02
1.356485900878906250e+02
1.356189422607421875e+02
1.353293762207031250e+02
1.351447448730468750e+02
1.350204162597656250e+02
1.348034667968750000e+02
1.345082397460937500e+02
1.343721313476562500e+02
1.340628356933593750e+02
1.336109008789062500e+02
1.340065002441406250e+02
1.337997283935546875e+02
1.334266052246093750e+02
1.331294708251953125e+02
1.330111389160156250e+02
1.328765563964843750e+02
1.327205963134765625e+02
1.325185852050781250e+02
1.322793579101562500e+02
1.314495544433593750e+02
1.315859527587890625e+02
1.313618774414062500e+02
1.312613525390625000e+02
1.311225280761718750e+02
1.307731323242187500e+02
1.306382141113281250e+02
1.305694274902343750e+02
1.305612945556640625e+02
1.303418121337890625e+02
1.301784057617187500e+02
1.297257080078125000e+02
1.292625427246093750e+02
1.292874908447265625e+02
1.293399658203125000e+02
1.298188323974609375e+02
1.293869934082031250e+02
1.291793060302734375e+02
1.289584808349609375e+02
1.287774200439453125e+02
1.286601257324218750e+02
1.284186401367187500e+02
1.284739074707031250e+02
1.281013183593750000e+02
1.277232360839843750e+02
1.278309173583984375e+02
1.277206954956054688e+02
1.271903381347656250e+02
1.273824615478515625e+02
1.270886383056640625e+02
1.278515014648437500e+02
1.273159790039062500e+02
1.264415588378906250e+02
1.270076675415039062e+02
1.266426544189453125e+02
1.265612869262695312e+02
1.268674163818359375e+02
1.261193695068359375e+02
1.257865371704101562e+02
1.266656188964843750e+02
1.274101638793945312e+02
1.269500122070312500e+02
1.266785507202148438e+02
1.260885238647460938e+02
1.261987152099609375e+02
1.264591903686523438e+02
1.262193527221679688e+02
1.259549484252929688e+02
1.246237487792968750e+02
1.255057983398437500e+02
1.252808380126953125e+02
1.257230529785156250e+02
1.254603729248046875e+02
1.260032501220703125e+02
1.257752990722656250e+02
1.256051483154296875e+02
1.246338043212890625e+02
1.252360534667968750e+02
1.255205841064453125e+02
1.254638977050781250e+02
1.253376770019531250e+02
1.244476623535156250e+02
1.251359100341796875e+02
1.251271133422851562e+02
1.251331634521484375e+02
1.250350952148437500e+02
1.252246246337890625e+02
1.246487884521484375e+02
1.247496490478515625e+02
1.241818695068359375e+02
1.248119964599609375e+02
1.240418395996093750e+02
1.247373886108398438e+02
1.237476196289062500e+02
1.236870422363281250e+02
1.244823760986328125e+02
1.241717376708984375e+02
1.247806701660156250e+02
1.237410278320312500e+02
1.240634536743164062e+02
1.241588287353515625e+02
1.236335220336914062e+02
1.240584716796875000e+02
1.239274902343750000e+02
1.238582458496093750e+02
1.238219451904296875e+02
1.247099609375000000e+02
1.242611083984375000e+02
1.232027435302734375e+02
1.241296539306640625e+02
1.234610748291015625e+02
1.237890167236328125e+02
1.229991455078125000e+02
1.232012481689453125e+02
1.234631805419921875e+02
1.232719116210937500e+02
1.229957733154296875e+02
1.230630187988281250e+02
1.234468383789062500e+02
1.231877136230468750e+02
1.231738433837890625e+02
1.231898345947265625e+02
1.225917510986328125e+02
1.225134201049804688e+02
1.229733734130859375e+02
1.225998611450195312e+02
1.227069931030273438e+02
1.230702514648437500e+02
1.224612579345703125e+02
1.229136810302734375e+02
1.226545486450195312e+02
1.226875457763671875e+02
1.220880966186523438e+02
1.221553955078125000e+02
1.222198562622070312e+02
1.231566009521484375e+02
1.222665100097656250e+02
1.214100494384765625e+02
1.223819274902343750e+02
1.214342803955078125e+02
1.224156188964843750e+02
1.224477996826171875e+02
1.212623291015625000e+02
1.223134613037109375e+02
1.217662811279296875e+02
1.222951889038085938e+02
1.215918884277343750e+02
1.222565994262695312e+02
1.216396942138671875e+02
1.220937500000000000e+02
1.219598846435546875e+02
1.217141342163085938e+02
1.215831146240234375e+02
1.217734222412109375e+02
1.218451461791992188e+02
1.215240173339843750e+02
1.216855239868164062e+02
1.218238983154296875e+02
1.211227569580078125e+02
1.223057708740234375e+02
1.208574829101562500e+02
1.227895355224609375e+02
1.216656951904296875e+02
1.217567138671875000e+02
1.213052673339843750e+02
1.223793029785156250e+02
1.224010543823242188e+02
1.211685638427734375e+02
1.218259277343750000e+02
1.214416656494140625e+02
1.210295562744140625e+02
1.205903778076171875e+02
1.213614044189453125e+02
1.210864105224609375e+02
1.211389923095703125e+02
1.211748046875000000e+02
1.220346527099609375e+02
1.207926330566406250e+02
1.214113922119140625e+02
1.209465942382812500e+02
1.209634857177734375e+02
1.211990051269531250e+02
1.214769439697265625e+02
1.207343368530273438e+02
1.213284606933593750e+02
1.207515563964843750e+02
1.211135787963867188e+02
1.213269653320312500e+02
1.220821075439453125e+02
1.214136505126953125e+02
1.207858352661132812e+02
1.206704483032226562e+02
1.213554992675781250e+02
1.208303527832031250e+02
1.204577484130859375e+02
1.210121765136718750e+02
1.202663345336914062e+02
1.212541961669921875e+02
1.201492309570312500e+02
1.209697723388671875e+02
1.207381591796875000e+02
1.212912597656250000e+02
1.214109649658203125e+02
1.214605255126953125e+02
1.211677703857421875e+02
1.205070800781250000e+02
1.212359008789062500e+02
1.209080352783203125e+02
1.208869628906250000e+02
1.201213836669921875e+02
1.209655838012695312e+02
1.203269653320312500e+02
1.206247177124023438e+02
1.217852630615234375e+02
1.201690826416015625e+02
1.204483108520507812e+02
1.204174194335937500e+02
1.201300048828125000e+02
1.206212768554687500e+02
1.200043029785156250e+02
1.200191574096679688e+02
1.209209976196289062e+02
1.200580291748046875e+02
1.197926330566406250e+02
1.203598556518554688e+02
1.204146499633789062e+02
1.208375625610351562e+02
1.207368011474609375e+02
1.197999114990234375e+02
1.206271362304687500e+02
1.201221466064453125e+02
1.207386169433593750e+02
1.196960983276367188e+02
1.206794204711914062e+02
1.205513534545898438e+02
1.198436889648437500e+02
1.208280944824218750e+02
1.211398315429687500e+02
1.202770233154296875e+02
1.204675979614257812e+02
1.205410003662109375e+02
1.199492034912109375e+02
1.201842193603515625e+02
1.202500228881835938e+02
1.204475021362304688e+02
1.199715270996093750e+02
1.211124420166015625e+02
1.198521347045898438e+02
1.200820159912109375e+02
1.208869247436523438e+02
1.199797134399414062e+02
1.200508728027343750e+02
1.201760559082031250e+02
1.199909591674804688e+02
1.200713806152343750e+02
1.195268173217773438e+02
1.204943695068359375e+02
1.210196533203125000e+02
1.194075851440429688e+02
1.204263458251953125e+02
1.192082214355468750e+02
1.208110351562500000e+02
1.202773895263671875e+02
1.196403503417968750e+02
1.205272598266601562e+02
1.195780181884765625e+02
1.201059417724609375e+02
1.202825775146484375e+02
1.199559402465820312e+02
1.205584106445312500e+02
1.208514556884765625e+02
1.189303741455078125e+02
1.198453216552734375e+02
1.203527603149414062e+02
1.211962890625000000e+02
1.195997161865234375e+02
1.198922882080078125e+02
1.199195556640625000e+02
1.199968032836914062e+02
1.195649261474609375e+02
1.195268020629882812e+02
1.208551330566406250e+02
1.203369522094726562e+02
1.197914505004882812e+02
1.195474319458007812e+02
1.201416931152343750e+02
1.205050735473632812e+02
1.193941879272460938e+02
1.198195648193359375e+02
1.192992630004882812e+02
1.196452789306640625e+02
1.205304718017578125e+02
1.188635253906250000e+02
1.205932769775390625e+02
1.192572021484375000e+02
1.204088668823242188e+02
1.196900329589843750e+02
1.193952713012695312e+02
1.197328491210937500e+02
1.189078140258789062e+02
1.207503051757812500e+02
1.202639770507812500e+02
1.203918457031250000e+02
1.195546112060546875e+02
1.197553710937500000e+02
1.196362075805664062e+02
1.200585021972656250e+02
1.204558868408203125e+02
1.195113143920898438e+02
1.201497497558593750e+02
1.196285705566406250e+02
1.196673126220703125e+02
1.193766632080078125e+02
1.195755310058593750e+02
1.189589996337890625e+02
1.200372772216796875e+02
1.193937454223632812e+02
1.206369323730468750e+02
1.195335540771484375e+02
1.198763961791992188e+02
1.197683715820312500e+02
1.195254974365234375e+02
1.195773925781250000e+02
1.196355285644531250e+02
1.199778289794921875e+02
1.191641387939453125e+02
1.191565399169921875e+02
1.198547821044921875e+02
1.191510925292968750e+02
1.199460754394531250e+02
1.200022964477539062e+02
1.201243591308593750e+02
1.205588989257812500e+02
1.200407257080078125e+02
1.193251800537109375e+02
1.185922088623046875e+02
1.202764358520507812e+02
1.199730987548828125e+02
1.201192474365234375e+02
1.194082946777343750e+02
1.196241683959960938e+02
1.202598266601562500e+02
1.194768829345703125e+02
1.195811386108398438e+02
1.196308898925781250e+02
1.193924331665039062e+02
1.197733764648437500e+02
1.194018402099609375e+02
1.195553436279296875e+02
1.192419891357421875e+02
1.194878692626953125e+02
1.198507003784179688e+02
1.193059844970703125e+02
1.191850738525390625e+02
1.201937408447265625e+02
1.196745300292968750e+02
1.195758819580078125e+02
1.190254516601562500e+02
1.194235687255859375e+02
1.189151763916015625e+02
1.199669952392578125e+02
1.196829986572265625e+02
1.201393127441406250e+02
1.204397277832031250e+02
1.195283660888671875e+02
1.192319641113281250e+02
1.204954071044921875e+02
1.198884429931640625e+02
1.206982574462890625e+02
1.195492477416992188e+02
1.195153045654296875e+02
1.199175720214843750e+02
1.191923599243164062e+02
1.199165039062500000e+02
1.199856033325195312e+02
1.197341613769531250e+02
1.200741882324218750e+02
1.203002166748046875e+02
1.192445297241210938e+02
1.195048522949218750e+02
1.200600891113281250e+02
1.195656661987304688e+02
1.197158660888671875e+02
1.201185302734375000e+02
1.203102569580078125e+02
1.212489242553710938e+02
1.197693634033203125e+02
1.199842376708984375e+02
1.200875701904296875e+02
1.196586914062500000e+02
1.197821960449218750e+02
1.187088394165039062e+02
1.199145507812500000e+02
1.191871185302734375e+02
1.194219970703125000e+02
1.192203674316406250e+02
1.198668212890625000e+02
1.189290466308593750e+02
1.192569732666015625e+02
1.192894897460937500e+02
1.190734558105468750e+02
1.195597686767578125e+02
1.194864196777343750e+02
1.190935516357421875e+02
1.198387069702148438e+02
1.194862060546875000e+02
1.188175811767578125e+02
1.205425567626953125e+02
1.202693710327148438e+02
1.189364624023437500e+02
1.191385040283203125e+02
1.191766815185546875e+02
1.194031372070312500e+02
1.193381958007812500e+02
1.195430908203125000e+02
1.191582565307617188e+02
1.209121780395507812e+02
1.194379653930664062e+02
1.192755737304687500e+02
1.186281433105468750e+02
1.196683349609375000e+02
1.194827880859375000e+02
1.195957946777343750e+02
1.205038452148437500e+02
1.195901184082031250e+02
1.197660064697265625e+02
1.194471054077148438e+02
1.197996368408203125e+02
1.197882843017578125e+02
1.204069824218750000e+02
1.197350692749023438e+02
1.198890686035156250e+02
1.194062500000000000e+02
1.200864181518554688e+02
1.199732055664062500e+02
1.192494812011718750e+02
1.198766021728515625e+02
1.199230041503906250e+02
1.189777069091796875e+02
1.202193145751953125e+02
1.204700012207031250e+02
1.192486724853515625e+02
1.193688507080078125e+02
1.194484863281250000e+02
1.192222290039062500e+02
1.194007339477539062e+02
1.198732757568359375e+02
1.187737655639648438e+02
1.200835266113281250e+02
1.190878524780273438e+02
1.193691711425781250e+02
1.191755523681640625e+02
1.191918487548828125e+02
1.193039855957031250e+02
1.196414794921875000e+02
1.189802398681640625e+02
1.185992050170898438e+02
1.196932983398437500e+02
1.190923309326171875e+02
1.197916717529296875e+02
1.198580932617187500e+02
1.187557983398437500e+02
1.201409835815429688e+02
1.198005371093750000e+02
1.192490310668945312e+02
1.194264526367187500e+02
1.189120941162109375e+02
1.198165283203125000e+02
1.194804992675781250e+02
1.201888809204101562e+02
1.195235214233398438e+02
1.199850540161132812e+02
1.195853576660156250e+02
1.190778961181640625e+02
1.188765945434570312e+02
1.206163635253906250e+02
1.190830230712890625e+02
1.191836395263671875e+02
1.201130065917968750e+02
1.199065551757812500e+02
1.191456451416015625e+02
1.195357208251953125e+02
1.187304000854492188e+02
1.199089965820312500e+02
1.205902557373046875e+02
1.197237396240234375e+02
1.194416427612304688e+02
1.188598327636718750e+02
1.192907562255859375e+02
1.195439300537109375e+02
1.187077941894531250e+02
1.196287155151367188e+02
1.195669021606445312e+02
1.193130187988281250e+02
1.193649215698242188e+02
1.194149017333984375e+02
1.195867004394531250e+02
1.194993133544921875e+02
1.196148681640625000e+02
1.199863281250000000e+02
1.196836242675781250e+02
1.193942413330078125e+02
1.199189605712890625e+02
1.190786972045898438e+02
1.198699645996093750e+02
1.195760040283203125e+02
1.190749435424804688e+02
1.191463928222656250e+02
1.196371536254882812e+02
1.192713394165039062e+02
1.193097229003906250e+02
1.194573211669921875e+02
1.194729309082031250e+02
1.187107543945312500e+02
1.199234466552734375e+02
1.205279846191406250e+02
1.190320358276367188e+02
1.191267852783203125e+02
1.198773498535156250e+02
1.196145248413085938e+02
1.198537902832031250e+02
1.197821960449218750e+02
1.198090667724609375e+02
1.196285095214843750e+02
1.195294189453125000e+02
1.197608337402343750e+02
1.195992126464843750e+02
1.191830215454101562e+02
1.196093902587890625e+02
1.193738632202148438e+02
1.191832809448242188e+02
1.196279525756835938e+02
1.199193878173828125e+02
1.195016632080078125e+02
1.196305313110351562e+02
1.201775894165039062e+02
1.194270629882812500e+02
1.197774963378906250e+02
1.207223815917968750e+02
1.194280548095703125e+02
1.190386123657226562e+02
1.197772979736328125e+02
1.194861831665039062e+02
1.195696868896484375e+02
1.191801376342773438e+02
1.191561737060546875e+02
1.203108825683593750e+02
1.199932250976562500e+02
1.201336822509765625e+02
1.191320266723632812e+02
1.200210113525390625e+02
1.190275115966796875e+02
1.186533355712890625e+02
1.189617004394531250e+02
1.201768646240234375e+02
1.192667846679687500e+02
1.191824264526367188e+02
1.183556823730468750e+02
1.194282531738281250e+02
1.193763885498046875e+02
1.191037292480468750e+02
1.200449218750000000e+02
1.195072326660156250e+02
1.186714477539062500e+02
1.200350646972656250e+02
1.200181274414062500e+02
1.193052825927734375e+02
1.191813201904296875e+02
1.189724426269531250e+02
1.193167266845703125e+02
1.197840881347656250e+02
1.201707916259765625e+02
1.195013427734375000e+02
1.194962463378906250e+02
1.189262542724609375e+02
1.194939270019531250e+02
1.197077484130859375e+02
1.198814544677734375e+02
1.204451599121093750e+02
1.189473114013671875e+02
1.199671325683593750e+02
1.199586486816406250e+02
1.195983581542968750e+02
1.199221191406250000e+02
1.195892028808593750e+02
1.194048614501953125e+02
1.190291976928710938e+02
1.196761245727539062e+02
1.196331253051757812e+02
1.201327209472656250e+02
1.195498504638671875e+02
1.189203262329101562e+02
1.200489807128906250e+02
1.198812255859375000e+02
1.200534667968750000e+02
1.200369186401367188e+02
1.199164886474609375e+02
1.202900238037109375e+02
1.201306762695312500e+02
1.198769378662109375e+02
1.191554565429687500e+02
1.195231475830078125e+02
1.198106842041015625e+02
1.191978302001953125e+02
1.192404632568359375e+02
1.191609039306640625e+02
1.183723602294921875e+02
1.198224334716796875e+02
1.192185516357421875e+02
1.190387725830078125e+02
1.204131011962890625e+02
1.203345718383789062e+02
1.194578704833984375e+02
1.193377685546875000e+02
1.200305175781250000e+02
1.188686218261718750e+02
1.195831375122070312e+02
1.201257781982421875e+02
1.193148651123046875e+02
1.198875274658203125e+02
1.194136505126953125e+02
1.197726898193359375e+02
1.194831390380859375e+02
1.190845489501953125e+02
1.198293304443359375e+02
1.200011138916015625e+02
1.196682662963867188e+02
1.195344467163085938e+02
1.197095184326171875e+02
1.192668762207031250e+02
1.191813659667968750e+02
1.192280883789062500e+02
1.195683898925781250e+02
1.193096466064453125e+02
1.190000000000000000e+02
1.188661270141601562e+02
1.191045074462890625e+02
1.196120223999023438e+02
1.201086730957031250e+02
1.193188171386718750e+02
1.194985580444335938e+02
1.196814727783203125e+02
1.196185760498046875e+02
1.202646102905273438e+02
1.203919372558593750e+02
1.194320526123046875e+02
1.192689056396484375e+02
1.195828552246093750e+02
1.192628326416015625e+02
1.195675964355468750e+02
1.203387908935546875e+02
1.187991943359375000e+02
1.197217559814453125e+02
1.200741271972656250e+02
1.197175064086914062e+02
1.190280761718750000e+02
1.188836212158203125e+02
1.187336730957031250e+02
1.197964096069335938e+02
1.197646636962890625e+02
1.188801956176757812e+02
1.197850952148437500e+02
1.196768798828125000e+02
1.190478515625000000e+02
1.196753692626953125e+02
1.194442443847656250e+02
1.200833740234375000e+02
1.203331069946289062e+02
1.196533508300781250e+02
1.196571655273437500e+02
1.196494598388671875e+02
1.196945953369140625e+02
1.201202697753906250e+02
1.197722320556640625e+02
1.202139129638671875e+02
1.197391586303710938e+02
1.203838653564453125e+02
1.197018051147460938e+02
1.197859420776367188e+02
1.195958099365234375e+02
1.202474060058593750e+02
1.197181396484375000e+02
1.198787612915039062e+02
1.198317413330078125e+02
1.191041717529296875e+02
1.193058471679687500e+02
1.189868774414062500e+02
1.189959716796875000e+02
1.199568176269531250e+02
1.188774948120117188e+02
1.192277221679687500e+02
1.199630737304687500e+02
1.203271179199218750e+02
1.196364746093750000e+02
1.193063201904296875e+02
1.200841827392578125e+02
1.188722229003906250e+02
1.194846343994140625e+02
1.196385498046875000e+02
1.197594985961914062e+02
1.192474670410156250e+02
1.203843536376953125e+02
1.190850067138671875e+02
1.194936599731445312e+02
1.202287597656250000e+02
1.192134704589843750e+02
1.203466796875000000e+02
1.192400817871093750e+02
1.197269592285156250e+02
1.192693939208984375e+02
1.195596008300781250e+02
1.202247695922851562e+02
1.198516845703125000e+02
1.201391067504882812e+02
1.198375244140625000e+02
1.196120452880859375e+02
1.205306930541992188e+02
1.203322448730468750e+02
1.195507888793945312e+02
1.199352722167968750e+02
1.194619827270507812e+02
1.199578018188476562e+02
1.193418121337890625e+02
1.192916717529296875e+02
1.197183990478515625e+02
1.196593475341796875e+02
1.197481918334960938e+02
1.202030334472656250e+02
1.197246398925781250e+02
1.201581420898437500e+02
1.202921676635742188e+02
1.191768188476562500e+02
1.204793624877929688e+02
1.199936447143554688e+02
1.196445770263671875e+02
1.200566864013671875e+02
1.185211029052734375e+02
1.196328735351562500e+02
1.199307937622070312e+02
1.200162582397460938e+02
1.195950393676757812e+02
1.192957000732421875e+02
1.199788818359375000e+02
1.195068511962890625e+02
1.195444183349609375e+02
1.205513153076171875e+02
1.188712692260742188e+02
1.207759552001953125e+02
1.202019271850585938e+02
1.197243804931640625e+02
1.197700729370117188e+02
1.186738281250000000e+02
1.194372711181640625e+02
1.207590637207031250e+02
1.188939208984375000e+02
1.182237472534179688e+02
1.199190826416015625e+02
1.193429107666015625e+02
1.194806594848632812e+02
1.201021423339843750e+02
1.191101074218750000e+02
1.201290740966796875e+02
1.199823303222656250e+02
1.196408233642578125e+02
1.190262985229492188e+02
1.195869445800781250e+02
1.199396972656250000e+02
1.204137115478515625e+02
1.200533752441406250e+02
1.201851272583007812e+02
1.196327514648437500e+02
1.192234039306640625e+02
1.194725646972656250e+02
1.203673248291015625e+02
1.186875305175781250e+02
1.196433258056640625e+02
1.197092742919921875e+02
1.199532012939453125e+02
1.198030014038085938e+02
1.199752044677734375e+02
1.197632369995117188e+02
1.197588958740234375e+02
1.190422668457031250e+02
1.195077667236328125e+02
1.200006179809570312e+02
1.196526412963867188e+02
1.193555755615234375e+02
1.193081970214843750e+02
1.195187530517578125e+02
1.190508270263671875e+02
1.198237686157226562e+02
1.196838531494140625e+02
1.200890808105468750e+02
1.195461425781250000e+02
1.195925979614257812e+02
1.194105377197265625e+02
1.195679016113281250e+02
1.198829803466796875e+02
1.198820800781250000e+02
1.199840698242187500e+02
1.199617614746093750e+02
1.194878616333007812e+02
1.196044616699218750e+02
1.194145507812500000e+02
1.200871429443359375e+02
1.198463287353515625e+02
1.197469024658203125e+02
1.205036392211914062e+02
1.207854614257812500e+02
1.193120269775390625e+02
1.190025482177734375e+02
1.192020034790039062e+02
1.199063262939453125e+02
1.197503204345703125e+02
1.199684906005859375e+02
1.190346221923828125e+02
1.189449462890625000e+02
1.196319122314453125e+02
1.188401794433593750e+02
1.201369476318359375e+02
1.195184326171875000e+02
1.188709182739257812e+02
1.194300994873046875e+02
1.193902740478515625e+02
1.199058685302734375e+02
1.195130844116210938e+02
1.200608520507812500e+02
1.195410919189453125e+02
1.190512542724609375e+02
1.197811355590820312e+02
1.199435348510742188e+02
1.194271850585937500e+02
1.208272705078125000e+02
1.200663299560546875e+02
1.199133377075195312e+02
1.203886871337890625e+02
1.194310913085937500e+02
1.200729980468750000e+02
1.196123886108398438e+02
1.202682647705078125e+02
1.191280822753906250e+02
1.196746063232421875e+02
1.196043548583984375e+02
1.190811309814453125e+02
1.189971313476562500e+02
1.204614105224609375e+02
1.193674240112304688e+02
1.192597045898437500e+02
1.194181518554687500e+02
1.197198333740234375e+02
1.194597930908203125e+02
1.190103073120117188e+02
1.194073562622070312e+02
1.197097015380859375e+02
1.189715270996093750e+02
1.200775222778320312e+02
1.198112792968750000e+02
1.204864044189453125e+02
1.203690338134765625e+02
1.196850738525390625e+02
1.193945465087890625e+02
1.194809112548828125e+02
1.196960144042968750e+02
1.197104263305664062e+02
1.196840209960937500e+02
1.191366348266601562e+02
1.193390045166015625e+02
1.198829040527343750e+02
1.197772064208984375e+02
1.196882705688476562e+02
1.197627868652343750e+02
1.193655395507812500e+02
1.198256225585937500e+02
1.193468780517578125e+02
1.196277008056640625e+02
1.192816467285156250e+02
1.183181762695312500e+02
1.196660842895507812e+02
1.197215118408203125e+02
1.195304031372070312e+02
1.201618957519531250e+02
1.193496017456054688e+02
1.191346511840820312e+02
1.203610839843750000e+02
1.195373840332031250e+02
1.191995315551757812e+02
1.195549316406250000e+02
1.200364685058593750e+02
1.190143280029296875e+02
1.197210845947265625e+02
1.196165771484375000e+02
1.203132324218750000e+02
1.198739700317382812e+02
1.191976165771484375e+02
1.193961944580078125e+02
1.198059844970703125e+02
1.190995788574218750e+02
1.194786224365234375e+02
1.196050262451171875e+02
1.197382965087890625e+02
1.194116668701171875e+02
1.185657348632812500e+02
1.199809417724609375e+02
1.199570236206054688e+02
1.190199127197265625e+02
1.201393432617187500e+02
1.200816268920898438e+02
1.197317810058593750e+02
1.186915893554687500e+02
1.196753692626953125e+02
1.197548751831054688e+02
1.199854736328125000e+02
1.191790466308593750e+02
1.202240676879882812e+02
1.191733093261718750e+02
1.196234741210937500e+02
1.199347686767578125e+02
1.197639617919921875e+02
1.192566757202148438e+02
1.183936614990234375e+02
1.192628021240234375e+02
1.193848266601562500e+02
1.190256500244140625e+02
1.198744812011718750e+02
1.188097991943359375e+02
1.201560974121093750e+02
1.198560333251953125e+02
1.195219345092773438e+02
1.195607147216796875e+02
1.190865325927734375e+02
1.197395935058593750e+02
1.196950683593750000e+02
1.190885772705078125e+02
1.190855560302734375e+02
1.195106658935546875e+02
1.188802642822265625e+02
1.194830169677734375e+02
1.198192214965820312e+02
1.192513275146484375e+02
1.202450103759765625e+02
1.192716064453125000e+02
1.202906494140625000e+02
1.189710235595703125e+02
1.190449981689453125e+02
1.191310424804687500e+02
1.196842193603515625e+02
1.199240722656250000e+02
1.188302154541015625e+02
1.201617584228515625e+02
1.195015411376953125e+02
1.203418502807617188e+02
1.192844772338867188e+02
1.197473449707031250e+02
1.196277618408203125e+02
1.194008178710937500e+02
1.197235260009765625e+02
1.198397521972656250e+02
1.190879821777343750e+02
1.189691696166992188e+02
1.196675033569335938e+02
