6.868803024291992188e+00
6.684852123260498047e+00
6.469118595123291016e+00
6.389811992645263672e+00
6.319962978363037109e+00
6.256740093231201172e+00
6.472523689270019531e+00
6.297873973846435547e+00
6.430389404296875000e+00
6.298246860504150391e+00
6.307868957519531250e+00
6.298209667205810547e+00
6.343962669372558594e+00
6.311862945556640625e+00
6.224562644958496094e+00
6.299757480621337891e+00
6.219987392425537109e+00
6.232851982116699219e+00
6.240001678466796875e+00
6.223088741302490234e+00
6.381834030151367188e+00
6.204190731048583984e+00
6.262000560760498047e+00
6.166730403900146484e+00
6.244753837585449219e+00
6.180654048919677734e+00
6.125316619873046875e+00
6.312870502471923828e+00
6.163166046142578125e+00
6.119082450866699219e+00
6.316648006439208984e+00
6.091645240783691406e+00
6.165607452392578125e+00
6.162314891815185547e+00
6.218724250793457031e+00
6.250790596008300781e+00
6.127931594848632812e+00
6.148554801940917969e+00
6.164686679840087891e+00
6.160509586334228516e+00
6.082787036895751953e+00
6.086153507232666016e+00
6.040241718292236328e+00
6.149270057678222656e+00
6.105658531188964844e+00
6.083334445953369141e+00
6.130754947662353516e+00
6.144138813018798828e+00
6.068094253540039062e+00
6.133515357971191406e+00
6.124191284179687500e+00
6.202364444732666016e+00
6.072054386138916016e+00
6.127467632293701172e+00
6.100224971771240234e+00
6.087233066558837891e+00
5.995676040649414062e+00
6.033888816833496094e+00
6.236784458160400391e+00
6.182738304138183594e+00
6.015865325927734375e+00
6.037470817565917969e+00
6.046341896057128906e+00
6.149788379669189453e+00
6.187192440032958984e+00
6.014726161956787109e+00
6.097420215606689453e+00
6.042818069458007812e+00
6.078195571899414062e+00
6.048089981079101562e+00
6.006332397460937500e+00
6.050396919250488281e+00
5.991786003112792969e+00
6.059763908386230469e+00
6.188087463378906250e+00
5.987789154052734375e+00
5.971648693084716797e+00
6.027178764343261719e+00
6.123870849609375000e+00
6.083366870880126953e+00
5.902709484100341797e+00
6.007197856903076172e+00
6.011405944824218750e+00
6.072683811187744141e+00
6.029133796691894531e+00
6.047195434570312500e+00
5.931750297546386719e+00
5.890209197998046875e+00
6.225831031799316406e+00
6.015064716339111328e+00
5.916367053985595703e+00
5.937781333923339844e+00
6.149612426757812500e+00
6.051005363464355469e+00
6.112714767456054688e+00
6.104001045227050781e+00
5.921164989471435547e+00
6.180850505828857422e+00
5.977004051208496094e+00
6.085992336273193359e+00
5.983190536499023438e+00
5.939568042755126953e+00
5.942927360534667969e+00
6.154903888702392578e+00
6.136447906494140625e+00
6.098012447357177734e+00
5.994623184204101562e+00
5.993725299835205078e+00
5.996773242950439453e+00
6.063382148742675781e+00
6.007317543029785156e+00
6.057616710662841797e+00
5.968963146209716797e+00
6.136110305786132812e+00
5.871223449707031250e+00
6.051376342773437500e+00
5.968471050262451172e+00
6.061719417572021484e+00
6.049882888793945312e+00
5.844915390014648438e+00
6.157094478607177734e+00
5.924952507019042969e+00
6.078056335449218750e+00
6.040081977844238281e+00
6.077476501464843750e+00
5.942796230316162109e+00
6.020633697509765625e+00
6.013180732727050781e+00
5.934729099273681641e+00
6.111065864562988281e+00
5.930575847625732422e+00
6.151397705078125000e+00
5.866411209106445312e+00
5.858695507049560547e+00
6.101380825042724609e+00
6.110819816589355469e+00
5.907651901245117188e+00
5.906095027923583984e+00
6.013271331787109375e+00
5.973574161529541016e+00
6.226798057556152344e+00
5.991998195648193359e+00
6.205040931701660156e+00
5.983093261718750000e+00
5.934379577636718750e+00
6.033217906951904297e+00
6.028654098510742188e+00
5.956346988677978516e+00
5.934069633483886719e+00
5.991345882415771484e+00
6.003931045532226562e+00
5.903339862823486328e+00
6.010449409484863281e+00
5.858090400695800781e+00
5.926989078521728516e+00
5.932352542877197266e+00
5.972918987274169922e+00
5.979407310485839844e+00
5.843224048614501953e+00
6.120808124542236328e+00
5.917768478393554688e+00
5.963376045227050781e+00
5.954407691955566406e+00
5.913277626037597656e+00
5.989384174346923828e+00
5.895360469818115234e+00
5.879761219024658203e+00
5.942675113677978516e+00
5.897784233093261719e+00
6.206580162048339844e+00
5.943176269531250000e+00
6.000090122222900391e+00
5.872391700744628906e+00
6.102799415588378906e+00
5.982746124267578125e+00
5.961478233337402344e+00
5.921647071838378906e+00
6.020266056060791016e+00
5.904458045959472656e+00
5.916918754577636719e+00
6.062711238861083984e+00
5.922890663146972656e+00
5.977924823760986328e+00
5.837004184722900391e+00
5.992738723754882812e+00
6.012759685516357422e+00
5.852918148040771484e+00
6.184460639953613281e+00
5.936912536621093750e+00
5.866837501525878906e+00
6.156623840332031250e+00
5.890072345733642578e+00
6.049962997436523438e+00
6.074402332305908203e+00
5.944931030273437500e+00
5.904741287231445312e+00
5.996136188507080078e+00
5.889568328857421875e+00
6.164275646209716797e+00
5.848131179809570312e+00
5.974046707153320312e+00
5.955547809600830078e+00
5.897326469421386719e+00
5.905295848846435547e+00
5.797705650329589844e+00
5.962593555450439453e+00
5.942008018493652344e+00
5.972075462341308594e+00
5.805478096008300781e+00
5.927652359008789062e+00
5.984622955322265625e+00
5.953359127044677734e+00
5.967271804809570312e+00
6.014528274536132812e+00
5.948406696319580078e+00
5.832458019256591797e+00
5.814129829406738281e+00
5.921920299530029297e+00
5.848493576049804688e+00
5.848188400268554688e+00
5.851901531219482422e+00
6.048505783081054688e+00
5.844696998596191406e+00
5.886742591857910156e+00
5.975142478942871094e+00
5.949032306671142578e+00
5.809814929962158203e+00
5.890997409820556641e+00
6.037167549133300781e+00
5.874701023101806641e+00
5.981556892395019531e+00
5.808440208435058594e+00
5.920304298400878906e+00
5.930403709411621094e+00
5.951156616210937500e+00
5.987041950225830078e+00
5.983704566955566406e+00
5.875423431396484375e+00
5.923882007598876953e+00
6.051952362060546875e+00
6.014979839324951172e+00
5.937050342559814453e+00
5.839806556701660156e+00
6.027989864349365234e+00
5.875605583190917969e+00
5.890382766723632812e+00
5.972533226013183594e+00
5.932945728302001953e+00
5.806562900543212891e+00
5.845622539520263672e+00
5.967191219329833984e+00
5.938148975372314453e+00
5.951939105987548828e+00
5.947482109069824219e+00
5.846097946166992188e+00
6.044561862945556641e+00
6.088304519653320312e+00
5.888968467712402344e+00
5.917242050170898438e+00
6.008135795593261719e+00
5.912147998809814453e+00
5.985116958618164062e+00
5.973693847656250000e+00
5.820333480834960938e+00
6.024753570556640625e+00
6.077792167663574219e+00
5.908761024475097656e+00
6.018425941467285156e+00
5.837630271911621094e+00
5.975978851318359375e+00
5.859166622161865234e+00
5.806489944458007812e+00
5.872475624084472656e+00
5.926999568939208984e+00
5.929596900939941406e+00
5.993818283081054688e+00
5.955850601196289062e+00
5.912537574768066406e+00
5.900053024291992188e+00
5.955439567565917969e+00
5.879564762115478516e+00
5.858077049255371094e+00
5.834906578063964844e+00
5.955760002136230469e+00
5.962666511535644531e+00
5.832960128784179688e+00
6.020129680633544922e+00
5.972649574279785156e+00
5.891612529754638672e+00
5.839096069335937500e+00
5.889857769012451172e+00
5.917323112487792969e+00
5.863591194152832031e+00
5.851513862609863281e+00
5.937919616699218750e+00
5.863666534423828125e+00
5.957862377166748047e+00
6.019919872283935547e+00
5.794672012329101562e+00
6.028426170349121094e+00
5.944917201995849609e+00
6.053097724914550781e+00
5.988638877868652344e+00
5.995687484741210938e+00
5.915546894073486328e+00
5.826857566833496094e+00
5.958900928497314453e+00
5.893476009368896484e+00
6.076979637145996094e+00
5.842882633209228516e+00
5.974246025085449219e+00
5.963019371032714844e+00
6.018053054809570312e+00
5.824227809906005859e+00
6.240292072296142578e+00
5.910966873168945312e+00
6.091943740844726562e+00
5.800443649291992188e+00
5.895616531372070312e+00
5.901210308074951172e+00
5.939411163330078125e+00
5.869938373565673828e+00
5.994750499725341797e+00
6.023879051208496094e+00
6.092545509338378906e+00
5.892431259155273438e+00
5.939237117767333984e+00
5.860392570495605469e+00
5.861841678619384766e+00
5.936655044555664062e+00
5.846128463745117188e+00
5.844670295715332031e+00
5.832773208618164062e+00
5.979265213012695312e+00
5.854718208312988281e+00
6.082073688507080078e+00
5.894595146179199219e+00
5.907306671142578125e+00
5.846102714538574219e+00
5.940505504608154297e+00
5.845704078674316406e+00
5.918782234191894531e+00
5.839099407196044922e+00
5.857197284698486328e+00
5.881544113159179688e+00
5.882314205169677734e+00
6.049071311950683594e+00
5.957654476165771484e+00
5.925528526306152344e+00
5.844335079193115234e+00
5.957457065582275391e+00
5.916691303253173828e+00
5.947301864624023438e+00
5.979267597198486328e+00
5.787853717803955078e+00
6.056807994842529297e+00
5.844680309295654297e+00
5.794268608093261719e+00
5.927996635437011719e+00
6.047603130340576172e+00
5.884822845458984375e+00
5.947976112365722656e+00
5.815347194671630859e+00
5.811477661132812500e+00
5.812584877014160156e+00
5.839709281921386719e+00
5.943142414093017578e+00
5.927507877349853516e+00
6.048501968383789062e+00
6.024897098541259766e+00
5.897855281829833984e+00
6.010535717010498047e+00
5.950113296508789062e+00
5.962937831878662109e+00
5.850279808044433594e+00
5.854045867919921875e+00
5.927129268646240234e+00
5.905854225158691406e+00
5.935517311096191406e+00
5.835377693176269531e+00
5.786151409149169922e+00
5.772207260131835938e+00
5.813526630401611328e+00
5.952739715576171875e+00
5.846973419189453125e+00
5.977093219757080078e+00
5.849833488464355469e+00
5.980873584747314453e+00
5.808894157409667969e+00
5.911845684051513672e+00
5.867422103881835938e+00
5.902763366699218750e+00
5.888418197631835938e+00
5.962603569030761719e+00
5.862025260925292969e+00
5.844765186309814453e+00
5.778389453887939453e+00
5.888676166534423828e+00
5.722598075866699219e+00
5.866110801696777344e+00
5.826417922973632812e+00
5.882075786590576172e+00
5.810468196868896484e+00
5.804224491119384766e+00
5.896334648132324219e+00
5.902528762817382812e+00
5.885708332061767578e+00
5.818413734436035156e+00
5.869667053222656250e+00
5.873886585235595703e+00
5.804876804351806641e+00
5.845326900482177734e+00
5.907104492187500000e+00
5.896131038665771484e+00
5.812545299530029297e+00
5.936622619628906250e+00
5.902700901031494141e+00
5.840723991394042969e+00
5.841466903686523438e+00
5.781753540039062500e+00
6.018120288848876953e+00
5.907650947570800781e+00
5.976024150848388672e+00
5.746012687683105469e+00
5.809803962707519531e+00
5.944069862365722656e+00
5.909929752349853516e+00
5.994017601013183594e+00
5.919381618499755859e+00
5.878313541412353516e+00
5.904389858245849609e+00
5.853022575378417969e+00
5.867691516876220703e+00
5.825957775115966797e+00
5.806570053100585938e+00
5.805387973785400391e+00
5.859490394592285156e+00
5.955075263977050781e+00
5.769814491271972656e+00
5.855136871337890625e+00
5.879918575286865234e+00
5.937778949737548828e+00
5.884252071380615234e+00
5.957898616790771484e+00
5.863237380981445312e+00
5.846826553344726562e+00
6.068026065826416016e+00
5.834460735321044922e+00
5.908052444458007812e+00
5.909348487854003906e+00
6.013660907745361328e+00
5.982151985168457031e+00
5.931557178497314453e+00
5.923384666442871094e+00
5.885787963867187500e+00
5.916730403900146484e+00
5.985206127166748047e+00
5.882083892822265625e+00
5.857219696044921875e+00
5.936331272125244141e+00
5.799361228942871094e+00
5.742907524108886719e+00
5.903933048248291016e+00
5.800647258758544922e+00
5.886395931243896484e+00
5.848519802093505859e+00
6.038158416748046875e+00
5.822691917419433594e+00
5.825671672821044922e+00
5.874853610992431641e+00
5.824565887451171875e+00
5.976664543151855469e+00
5.815129280090332031e+00
5.856588840484619141e+00
5.895048141479492188e+00
5.989208698272705078e+00
5.847822189331054688e+00
5.815665721893310547e+00
5.806657791137695312e+00
5.898834705352783203e+00
5.882863521575927734e+00
5.877148628234863281e+00
5.812609195709228516e+00
5.728618144989013672e+00
5.877923965454101562e+00
6.000243186950683594e+00
5.819174766540527344e+00
5.794282436370849609e+00
5.821537017822265625e+00
5.853237628936767578e+00
5.862025260925292969e+00
5.886721611022949219e+00
5.716188430786132812e+00
5.948154926300048828e+00
5.875815391540527344e+00
5.842086315155029297e+00
5.860032081604003906e+00
5.922740459442138672e+00
5.843016624450683594e+00
5.723136901855468750e+00
5.874777793884277344e+00
5.839528083801269531e+00
5.896444320678710938e+00
5.996618747711181641e+00
5.863070964813232422e+00
5.786163330078125000e+00
5.778522968292236328e+00
5.918507575988769531e+00
5.895467758178710938e+00
5.943198204040527344e+00
5.739420890808105469e+00
5.750314235687255859e+00
5.918282508850097656e+00
5.780452728271484375e+00
5.819985389709472656e+00
5.869200706481933594e+00
5.869289875030517578e+00
5.965116024017333984e+00
5.762758255004882812e+00
5.938363552093505859e+00
5.838957786560058594e+00
5.802156448364257812e+00
5.886239051818847656e+00
6.031290531158447266e+00
5.860741615295410156e+00
5.953618049621582031e+00
5.752672672271728516e+00
5.869709491729736328e+00
5.837325572967529297e+00
6.115782260894775391e+00
5.848153591156005859e+00
5.892789363861083984e+00
5.852983474731445312e+00
5.809094429016113281e+00
5.797765731811523438e+00
5.868681430816650391e+00
5.887989997863769531e+00
5.867004871368408203e+00
5.861265182495117188e+00
5.816686153411865234e+00
5.939590454101562500e+00
5.938575267791748047e+00
5.959827423095703125e+00
5.803164005279541016e+00
5.996362209320068359e+00
5.972702980041503906e+00
5.826162338256835938e+00
5.890323638916015625e+00
5.789455890655517578e+00
5.825170040130615234e+00
5.872934818267822266e+00
5.917725563049316406e+00
5.703525543212890625e+00
5.855175971984863281e+00
5.833577632904052734e+00
5.784130573272705078e+00
5.827090740203857422e+00
5.827468395233154297e+00
5.751719951629638672e+00
5.847683906555175781e+00
5.811778068542480469e+00
5.795528411865234375e+00
5.877586364746093750e+00
6.081454753875732422e+00
5.967889308929443359e+00
6.040242671966552734e+00
5.813405513763427734e+00
5.889007091522216797e+00
5.883115768432617188e+00
5.910891056060791016e+00
5.818205356597900391e+00
5.832639694213867188e+00
5.786110877990722656e+00
5.848703384399414062e+00
5.964271545410156250e+00
5.788851261138916016e+00
5.943912029266357422e+00
5.859929561614990234e+00
5.805978298187255859e+00
5.813954830169677734e+00
5.958550930023193359e+00
5.814810752868652344e+00
5.922238826751708984e+00
5.834827423095703125e+00
5.875684738159179688e+00
5.808595180511474609e+00
5.879334449768066406e+00
5.836715698242187500e+00
5.726288318634033203e+00
5.926666259765625000e+00
5.866064548492431641e+00
5.795421123504638672e+00
6.019549369812011719e+00
5.921692371368408203e+00
5.999926090240478516e+00
5.886826515197753906e+00
5.874372482299804688e+00
5.766812324523925781e+00
5.898017883300781250e+00
5.741321563720703125e+00
5.899956703186035156e+00
5.837497234344482422e+00
5.858013629913330078e+00
5.842863082885742188e+00
5.863683700561523438e+00
5.828928470611572266e+00
5.892459869384765625e+00
5.786610126495361328e+00
5.731035709381103516e+00
5.952076435089111328e+00
5.976112365722656250e+00
5.836840629577636719e+00
5.780063152313232422e+00
5.794760704040527344e+00
5.855351448059082031e+00
5.868409156799316406e+00
5.856905937194824219e+00
5.847457408905029297e+00
5.724052429199218750e+00
5.967989921569824219e+00
5.723300933837890625e+00
5.902843475341796875e+00
5.741728782653808594e+00
5.800006389617919922e+00
5.806345939636230469e+00
5.777849674224853516e+00
5.800490379333496094e+00
5.835290431976318359e+00
5.954770088195800781e+00
5.861285209655761719e+00
5.885653018951416016e+00
5.819204330444335938e+00
5.792156219482421875e+00
5.963225841522216797e+00
6.077129364013671875e+00
5.711248397827148438e+00
5.831879615783691406e+00
5.760306835174560547e+00
5.875406265258789062e+00
5.785448074340820312e+00
5.781994342803955078e+00
5.786474227905273438e+00
5.823096275329589844e+00
5.801408290863037109e+00
5.812623500823974609e+00
5.805752754211425781e+00
5.776331901550292969e+00
6.022390365600585938e+00
5.961797714233398438e+00
5.807845592498779297e+00
5.906431674957275391e+00
5.832471370697021484e+00
5.908348083496093750e+00
6.075417518615722656e+00
5.799677848815917969e+00
6.070143222808837891e+00
5.844161987304687500e+00
5.848527431488037109e+00
5.807437419891357422e+00
5.992030143737792969e+00
5.742863655090332031e+00
5.802450180053710938e+00
5.826407432556152344e+00
5.763493061065673828e+00
6.023907184600830078e+00
5.809991836547851562e+00
5.995652198791503906e+00
5.940466880798339844e+00
5.827553272247314453e+00
5.867395401000976562e+00
5.778309345245361328e+00
5.782134532928466797e+00
5.805178642272949219e+00
5.949929237365722656e+00
5.925496101379394531e+00
5.981212615966796875e+00
5.749521255493164062e+00
5.872477054595947266e+00
5.768341064453125000e+00
5.839154243469238281e+00
5.873851776123046875e+00
5.747722148895263672e+00
5.776412963867187500e+00
5.891352653503417969e+00
5.809615612030029297e+00
5.831338405609130859e+00
5.888412952423095703e+00
5.724152088165283203e+00
5.947617053985595703e+00
5.792204856872558594e+00
5.866807937622070312e+00
5.764732837677001953e+00
5.777471065521240234e+00
5.919142246246337891e+00
5.882665634155273438e+00
5.859114646911621094e+00
5.797905921936035156e+00
5.855690956115722656e+00
5.880215644836425781e+00
5.873414993286132812e+00
5.916114807128906250e+00
5.981612682342529297e+00
5.726886749267578125e+00
5.829502582550048828e+00
5.838817119598388672e+00
5.851476669311523438e+00
5.850399017333984375e+00
5.936071872711181641e+00
5.730444908142089844e+00
5.851325988769531250e+00
5.874641418457031250e+00
5.760779857635498047e+00
5.724018573760986328e+00
5.785245895385742188e+00
5.809803962707519531e+00
6.010908126831054688e+00
5.818362236022949219e+00
5.847059249877929688e+00
5.784996509552001953e+00
5.775179386138916016e+00
5.784212589263916016e+00
5.821516513824462891e+00
5.749305725097656250e+00
5.950994968414306641e+00
5.733017921447753906e+00
5.737221717834472656e+00
5.925248622894287109e+00
5.790690422058105469e+00
5.724299907684326172e+00
5.797110080718994141e+00
5.919375419616699219e+00
5.916690826416015625e+00
5.718801975250244141e+00
5.834525108337402344e+00
5.739693641662597656e+00
5.784935951232910156e+00
5.755177021026611328e+00
5.904445648193359375e+00
5.915909767150878906e+00
5.807091712951660156e+00
5.845369338989257812e+00
5.919470787048339844e+00
5.717241287231445312e+00
5.798667907714843750e+00
5.850876808166503906e+00
5.987133979797363281e+00
5.880573272705078125e+00
5.814094066619873047e+00
5.953524112701416016e+00
5.976329326629638672e+00
5.824457168579101562e+00
5.749988555908203125e+00
5.807594299316406250e+00
5.915933132171630859e+00
5.854077816009521484e+00
5.938044071197509766e+00
5.866400241851806641e+00
6.230773448944091797e+00
5.973454475402832031e+00
5.933495521545410156e+00
5.936762809753417969e+00
5.935731410980224609e+00
5.936385154724121094e+00
5.790910720825195312e+00
5.807154655456542969e+00
5.752653121948242188e+00
5.924173831939697266e+00
5.801111221313476562e+00
5.762207984924316406e+00
5.897844314575195312e+00
5.720526218414306641e+00
5.803114891052246094e+00
5.926567077636718750e+00
5.965297698974609375e+00
5.795631885528564453e+00
6.002451896667480469e+00
5.824625015258789062e+00
5.739293098449707031e+00
5.859474182128906250e+00
5.857141494750976562e+00
5.837271213531494141e+00
5.855628967285156250e+00
5.941040515899658203e+00
5.791432857513427734e+00
5.754845142364501953e+00
5.712557792663574219e+00
5.714368820190429688e+00
5.797235488891601562e+00
5.685739517211914062e+00
5.797267436981201172e+00
5.807463645935058594e+00
5.869645118713378906e+00
5.886709690093994141e+00
5.892755985260009766e+00
5.798588275909423828e+00
5.823276519775390625e+00
5.743838787078857422e+00
5.895741462707519531e+00
5.906240463256835938e+00
5.879776000976562500e+00
5.873742580413818359e+00
5.896938800811767578e+00
5.813376426696777344e+00
5.885464668273925781e+00
5.805714607238769531e+00
5.981550216674804688e+00
5.720352649688720703e+00
5.837136268615722656e+00
5.726989269256591797e+00
5.831638336181640625e+00
5.667051315307617188e+00
5.786908149719238281e+00
5.806488513946533203e+00
5.826874256134033203e+00
5.700659751892089844e+00
5.904912948608398438e+00
6.014769554138183594e+00
5.983037948608398438e+00
5.936758995056152344e+00
5.879345893859863281e+00
5.801469802856445312e+00
5.917571067810058594e+00
5.934348106384277344e+00
5.731534481048583984e+00
5.837341785430908203e+00
6.125520706176757812e+00
5.863601207733154297e+00
5.867184162139892578e+00
5.818187236785888672e+00
5.877225399017333984e+00
5.813793182373046875e+00
5.732522964477539062e+00
5.653756618499755859e+00
5.746693611145019531e+00
5.967602252960205078e+00
5.769003868103027344e+00
5.863041400909423828e+00
5.819643497467041016e+00
5.720332622528076172e+00
5.804881572723388672e+00
5.798825263977050781e+00
5.766654491424560547e+00
5.781054496765136719e+00
5.764797687530517578e+00
5.808959007263183594e+00
5.870243549346923828e+00
5.893129348754882812e+00
5.869140625000000000e+00
5.838158607482910156e+00
5.824199676513671875e+00
5.942054271697998047e+00
5.815160751342773438e+00
5.908305168151855469e+00
5.858395576477050781e+00
5.921257495880126953e+00
5.866180419921875000e+00
5.745326995849609375e+00
5.765335083007812500e+00
6.011212348937988281e+00
5.853739738464355469e+00
5.756908416748046875e+00
5.733038902282714844e+00
5.920998573303222656e+00
5.878864288330078125e+00
5.914480209350585938e+00
5.758990287780761719e+00
5.800584316253662109e+00
5.686488151550292969e+00
5.841392517089843750e+00
5.701822757720947266e+00
5.739715099334716797e+00
5.839554786682128906e+00
5.701750755310058594e+00
5.788465023040771484e+00
5.760354518890380859e+00
5.839386940002441406e+00
5.858325958251953125e+00
5.860407829284667969e+00
5.816663265228271484e+00
5.868716716766357422e+00
5.730589866638183594e+00
5.788440704345703125e+00
5.811660766601562500e+00
5.930819034576416016e+00
5.729130744934082031e+00
5.895620822906494141e+00
5.740153312683105469e+00
5.964232921600341797e+00
5.828567981719970703e+00
5.819892406463623047e+00
5.789935111999511719e+00
5.752280235290527344e+00
5.725868225097656250e+00
5.779237270355224609e+00
5.824055194854736328e+00
5.925547122955322266e+00
5.825201511383056641e+00
5.814751148223876953e+00
5.910993576049804688e+00
5.763906478881835938e+00
5.920125007629394531e+00
5.791147232055664062e+00
5.782724380493164062e+00
5.770329475402832031e+00
5.768228530883789062e+00
5.930919647216796875e+00
5.722670078277587891e+00
5.866901397705078125e+00
5.743591785430908203e+00
5.778146266937255859e+00
5.772397041320800781e+00
5.783473014831542969e+00
5.793119430541992188e+00
5.861068248748779297e+00
5.795025348663330078e+00
5.871548652648925781e+00
5.880364894866943359e+00
5.743640899658203125e+00
5.968845367431640625e+00
5.785514354705810547e+00
5.818481445312500000e+00
5.717344760894775391e+00
5.865930557250976562e+00
5.798392772674560547e+00
5.795030593872070312e+00
5.735427856445312500e+00
5.827084541320800781e+00
5.775923728942871094e+00
5.713292121887207031e+00
5.693900585174560547e+00
5.856204509735107422e+00
5.780906677246093750e+00
5.758532524108886719e+00
5.772979736328125000e+00
5.822012424468994141e+00
5.751754760742187500e+00
5.771267414093017578e+00
5.830327987670898438e+00
5.871445655822753906e+00
5.766685009002685547e+00
5.858509063720703125e+00
5.789036273956298828e+00
5.785181045532226562e+00
5.726125717163085938e+00
5.792175292968750000e+00
5.692082405090332031e+00
5.660258293151855469e+00
5.847376346588134766e+00
5.707583904266357422e+00
5.818292617797851562e+00
5.867555141448974609e+00
5.978005409240722656e+00
5.886977195739746094e+00
5.841515541076660156e+00
5.907661437988281250e+00
5.832377433776855469e+00
5.851135253906250000e+00
5.911721229553222656e+00
5.807789802551269531e+00
5.847738265991210938e+00
5.739321708679199219e+00
5.830784320831298828e+00
5.797624588012695312e+00
5.765035152435302734e+00
5.830217361450195312e+00
6.017466545104980469e+00
5.848112106323242188e+00
5.778527259826660156e+00
5.980813503265380859e+00
5.769838333129882812e+00
