6.714985847473144531e+00
6.363763332366943359e+00
6.058701992034912109e+00
5.803170204162597656e+00
5.634277820587158203e+00
5.559165000915527344e+00
5.520286560058593750e+00
5.497445106506347656e+00
5.431662559509277344e+00
5.404537200927734375e+00
5.392362594604492188e+00
5.388465404510498047e+00
5.360282421112060547e+00
5.368043899536132812e+00
5.363043785095214844e+00
5.369151592254638672e+00
5.347651958465576172e+00
5.349755287170410156e+00
5.325118541717529297e+00
5.324394226074218750e+00
5.355592727661132812e+00
5.301068305969238281e+00
5.317086219787597656e+00
5.284319400787353516e+00
5.310788631439208984e+00
5.262645721435546875e+00
5.267126560211181641e+00
5.265197753906250000e+00
5.264489173889160156e+00
5.241803169250488281e+00
5.240429878234863281e+00
5.231883049011230469e+00
5.256914615631103516e+00
5.298621654510498047e+00
5.268448352813720703e+00
5.209798812866210938e+00
5.216557979583740234e+00
5.203917026519775391e+00
5.200489044189453125e+00
5.196540832519531250e+00
5.195055007934570312e+00
5.219439029693603516e+00
5.225093841552734375e+00
5.191148281097412109e+00
5.184672355651855469e+00
5.170823097229003906e+00
5.183644771575927734e+00
5.173324108123779297e+00
5.160305500030517578e+00
5.147840499877929688e+00
5.170984268188476562e+00
5.185512542724609375e+00
5.149016857147216797e+00
5.152421951293945312e+00
5.155867576599121094e+00
5.131290435791015625e+00
5.172915458679199219e+00
5.174430370330810547e+00
5.132563114166259766e+00
5.171940803527832031e+00
5.181175231933593750e+00
5.171557903289794922e+00
5.128507614135742188e+00
5.138126373291015625e+00
5.150619506835937500e+00
5.154808998107910156e+00
5.122576236724853516e+00
5.125308990478515625e+00
5.131610870361328125e+00
5.132314205169677734e+00
5.107619285583496094e+00
5.117727279663085938e+00
5.158382415771484375e+00
5.097913742065429688e+00
5.113340854644775391e+00
5.096089363098144531e+00
5.118812561035156250e+00
5.151685237884521484e+00
5.127275466918945312e+00
5.118365764617919922e+00
5.109740734100341797e+00
5.110098361968994141e+00
5.117103576660156250e+00
5.124003410339355469e+00
5.105284690856933594e+00
5.142530441284179688e+00
5.100483417510986328e+00
5.132756233215332031e+00
5.101215362548828125e+00
5.126330375671386719e+00
5.090512275695800781e+00
5.104180812835693359e+00
5.090189933776855469e+00
5.116838455200195312e+00
5.102462768554687500e+00
5.100946426391601562e+00
5.095403671264648438e+00
5.095205307006835938e+00
5.082872390747070312e+00
5.104212760925292969e+00
5.086449623107910156e+00
5.114199161529541016e+00
5.103809833526611328e+00
5.100386619567871094e+00
5.091382503509521484e+00
5.106709480285644531e+00
5.107043743133544922e+00
5.091014862060546875e+00
5.082943439483642578e+00
5.110663890838623047e+00
5.102313041687011719e+00
5.077303886413574219e+00
5.086360931396484375e+00
5.068164825439453125e+00
5.070977687835693359e+00
5.068477153778076172e+00
5.082056999206542969e+00
5.102549076080322266e+00
5.076814651489257812e+00
5.091276168823242188e+00
5.078524589538574219e+00
5.071765422821044922e+00
5.075434207916259766e+00
5.086298942565917969e+00
5.065696239471435547e+00
5.095650672912597656e+00
5.094786643981933594e+00
5.087566375732421875e+00
5.080329418182373047e+00
5.094673633575439453e+00
5.102667331695556641e+00
5.092577934265136719e+00
5.109011650085449219e+00
5.063784599304199219e+00
5.063483715057373047e+00
5.067180156707763672e+00
5.064012050628662109e+00
5.090974807739257812e+00
5.068016052246093750e+00
5.059842109680175781e+00
5.064326286315917969e+00
5.093393325805664062e+00
5.082672119140625000e+00
5.062536239624023438e+00
5.072531700134277344e+00
5.069004058837890625e+00
5.073138713836669922e+00
5.084511280059814453e+00
5.074692249298095703e+00
5.083886146545410156e+00
5.066833496093750000e+00
5.074515819549560547e+00
5.059510707855224609e+00
5.053534507751464844e+00
5.068575859069824219e+00
5.084218502044677734e+00
5.068774223327636719e+00
5.060119152069091797e+00
5.070989608764648438e+00
5.064743518829345703e+00
5.070105552673339844e+00
5.069413185119628906e+00
5.061090946197509766e+00
5.071413040161132812e+00
5.083795547485351562e+00
5.100065231323242188e+00
5.076112270355224609e+00
5.085902214050292969e+00
5.092603683471679688e+00
5.060427665710449219e+00
5.064224720001220703e+00
5.052086353302001953e+00
5.072614192962646484e+00
5.089287281036376953e+00
5.071767330169677734e+00
5.076168537139892578e+00
5.089997291564941406e+00
5.075420379638671875e+00
5.092641830444335938e+00
5.049691677093505859e+00
5.063504219055175781e+00
5.066407203674316406e+00
5.079037189483642578e+00
5.066823482513427734e+00
5.059560298919677734e+00
5.056623935699462891e+00
5.043942928314208984e+00
5.062158107757568359e+00
5.076903343200683594e+00
5.060570240020751953e+00
5.078064918518066406e+00
5.043356895446777344e+00
5.061694145202636719e+00
5.054749965667724609e+00
5.073859214782714844e+00
5.059088706970214844e+00
5.042884826660156250e+00
5.077204227447509766e+00
5.055050849914550781e+00
5.069067001342773438e+00
5.044137001037597656e+00
5.059174060821533203e+00
5.058020114898681641e+00
5.073719978332519531e+00
5.042744636535644531e+00
5.075689792633056641e+00
5.045030117034912109e+00
5.071241378784179688e+00
5.076786041259765625e+00
5.084517478942871094e+00
5.049209594726562500e+00
5.064030170440673828e+00
5.065347671508789062e+00
5.043445587158203125e+00
5.047181606292724609e+00
5.051133632659912109e+00
5.042611122131347656e+00
5.032559394836425781e+00
5.052392005920410156e+00
5.034368515014648438e+00
5.028377532958984375e+00
5.042954921722412109e+00
5.056682109832763672e+00
5.042091369628906250e+00
5.040239810943603516e+00
5.034066200256347656e+00
5.061220169067382812e+00
5.059250354766845703e+00
5.041454315185546875e+00
5.045354366302490234e+00
5.024538993835449219e+00
5.043144226074218750e+00
5.053274154663085938e+00
5.046348571777343750e+00
5.040247917175292969e+00
5.041891098022460938e+00
5.052698612213134766e+00
5.072560787200927734e+00
5.048739433288574219e+00
5.038781642913818359e+00
5.059377193450927734e+00
5.063562870025634766e+00
5.052751541137695312e+00
5.035746097564697266e+00
5.062278270721435547e+00
5.049834728240966797e+00
5.038064002990722656e+00
5.072814941406250000e+00
5.052708625793457031e+00
5.053490638732910156e+00
5.036482810974121094e+00
5.071220397949218750e+00
5.053222656250000000e+00
5.064271926879882812e+00
5.031675815582275391e+00
5.049304008483886719e+00
5.052543163299560547e+00
5.044724464416503906e+00
5.040894508361816406e+00
5.033446788787841797e+00
5.035036087036132812e+00
5.027832984924316406e+00
5.033858776092529297e+00
5.049019813537597656e+00
5.069403171539306641e+00
5.024587631225585938e+00
5.039080619812011719e+00
5.032315731048583984e+00
5.034928798675537109e+00
5.057328224182128906e+00
5.025774478912353516e+00
5.029139518737792969e+00
5.034463405609130859e+00
5.039620399475097656e+00
5.018790245056152344e+00
5.028799533843994141e+00
5.042544841766357422e+00
5.037411689758300781e+00
5.028959274291992188e+00
5.040622711181640625e+00
5.027605533599853516e+00
5.020201683044433594e+00
5.045886993408203125e+00
5.047915458679199219e+00
5.034077644348144531e+00
5.044939994812011719e+00
5.028270721435546875e+00
5.028955459594726562e+00
5.048565864562988281e+00
5.044803142547607422e+00
5.034163951873779297e+00
5.044643878936767578e+00
5.045780181884765625e+00
5.031879425048828125e+00
5.040130138397216797e+00
5.033862113952636719e+00
5.044954776763916016e+00
5.031504631042480469e+00
5.035771369934082031e+00
5.041019439697265625e+00
5.050820827484130859e+00
5.113272190093994141e+00
5.045129776000976562e+00
5.051339149475097656e+00
5.046917438507080078e+00
5.032313346862792969e+00
5.023209571838378906e+00
5.043532848358154297e+00
5.047758579254150391e+00
5.037479400634765625e+00
5.025218009948730469e+00
5.052855968475341797e+00
5.028103828430175781e+00
5.041238307952880859e+00
5.032836437225341797e+00
5.035274505615234375e+00
5.045799732208251953e+00
5.032228469848632812e+00
5.055322647094726562e+00
5.035011291503906250e+00
5.038057327270507812e+00
5.023980617523193359e+00
5.052647113800048828e+00
5.025294303894042969e+00
5.030533790588378906e+00
5.081579685211181641e+00
5.049480438232421875e+00
5.024268150329589844e+00
5.016985416412353516e+00
5.037951469421386719e+00
5.051212310791015625e+00
5.038252353668212891e+00
5.030988693237304688e+00
5.045222282409667969e+00
5.064928531646728516e+00
5.037450790405273438e+00
5.030774593353271484e+00
5.055001735687255859e+00
5.019919395446777344e+00
5.053038597106933594e+00
5.056263446807861328e+00
5.021580219268798828e+00
5.051365375518798828e+00
5.024828433990478516e+00
5.063806533813476562e+00
5.032253265380859375e+00
5.033329010009765625e+00
5.035225868225097656e+00
5.015855312347412109e+00
5.023828506469726562e+00
5.035400390625000000e+00
5.039017677307128906e+00
5.025169372558593750e+00
5.024724960327148438e+00
5.020316123962402344e+00
5.015061378479003906e+00
5.045266628265380859e+00
5.055953502655029297e+00
5.065148830413818359e+00
5.014527797698974609e+00
5.030546188354492188e+00
5.037105560302734375e+00
5.045983791351318359e+00
5.043054580688476562e+00
5.026428222656250000e+00
5.044536590576171875e+00
5.033950805664062500e+00
5.032684326171875000e+00
5.023648738861083984e+00
5.016573905944824219e+00
5.022937774658203125e+00
5.053009033203125000e+00
5.040561199188232422e+00
5.047091484069824219e+00
5.021005630493164062e+00
5.036982536315917969e+00
5.030318737030029297e+00
5.016848564147949219e+00
5.028453826904296875e+00
5.027189731597900391e+00
5.035912513732910156e+00
5.033834457397460938e+00
5.029911041259765625e+00
5.043925285339355469e+00
5.020992755889892578e+00
5.051008701324462891e+00
5.023691654205322266e+00
5.038468837738037109e+00
5.015875339508056641e+00
5.017656326293945312e+00
5.042479515075683594e+00
5.018311500549316406e+00
5.021614074707031250e+00
5.013551235198974609e+00
5.021132469177246094e+00
5.032429695129394531e+00
5.027983188629150391e+00
5.019506454467773438e+00
5.033171176910400391e+00
5.030166149139404297e+00
5.022992134094238281e+00
5.033394336700439453e+00
5.031145572662353516e+00
5.009367942810058594e+00
5.048681259155273438e+00
5.039542675018310547e+00
5.026295185089111328e+00
5.039043426513671875e+00
5.047778129577636719e+00
5.022338867187500000e+00
5.030874252319335938e+00
5.015326023101806641e+00
5.044316768646240234e+00
5.038749694824218750e+00
5.031173706054687500e+00
5.038052082061767578e+00
5.026008129119873047e+00
5.020580291748046875e+00
5.036875724792480469e+00
5.037088871002197266e+00
5.054034709930419922e+00
5.022086620330810547e+00
5.028952598571777344e+00
5.053906440734863281e+00
5.019820690155029297e+00
5.018267631530761719e+00
5.022499561309814453e+00
5.017778873443603516e+00
5.047556400299072266e+00
5.026667594909667969e+00
5.054111957550048828e+00
5.029376983642578125e+00
5.021060943603515625e+00
5.008159160614013672e+00
5.037272453308105469e+00
5.029628753662109375e+00
5.039055347442626953e+00
5.037849903106689453e+00
5.016012668609619141e+00
5.022809505462646484e+00
5.047605991363525391e+00
5.008623123168945312e+00
5.037482261657714844e+00
5.019829750061035156e+00
5.039296627044677734e+00
5.008715152740478516e+00
5.029420852661132812e+00
5.015608787536621094e+00
5.004472732543945312e+00
5.045053482055664062e+00
5.019999504089355469e+00
5.025024890899658203e+00
5.014789581298828125e+00
5.020789623260498047e+00
5.015086174011230469e+00
5.036426544189453125e+00
5.027472972869873047e+00
5.019140720367431641e+00
5.033307075500488281e+00
5.040918350219726562e+00
5.022884845733642578e+00
5.048072338104248047e+00
5.034668445587158203e+00
5.029602527618408203e+00
5.002272129058837891e+00
5.029125213623046875e+00
5.039542198181152344e+00
5.020715713500976562e+00
5.024410247802734375e+00
5.014410495758056641e+00
5.013327598571777344e+00
5.023655414581298828e+00
5.029707908630371094e+00
5.043302059173583984e+00
5.021347522735595703e+00
5.035808086395263672e+00
5.033126354217529297e+00
5.012598514556884766e+00
5.009747505187988281e+00
5.013267040252685547e+00
5.021532058715820312e+00
5.019403457641601562e+00
5.003664016723632812e+00
5.011125564575195312e+00
5.018210887908935547e+00
5.029361248016357422e+00
5.031432151794433594e+00
5.007975101470947266e+00
5.065444469451904297e+00
5.033011436462402344e+00
5.030169963836669922e+00
5.011463165283203125e+00
5.039087772369384766e+00
5.017078399658203125e+00
5.021962165832519531e+00
5.030290126800537109e+00
5.009894847869873047e+00
5.003693580627441406e+00
5.013290882110595703e+00
5.021278381347656250e+00
5.022878170013427734e+00
5.015923976898193359e+00
5.039298057556152344e+00
5.022478580474853516e+00
5.015033721923828125e+00
5.017641067504882812e+00
5.042533874511718750e+00
5.019739627838134766e+00
5.017784595489501953e+00
5.011891365051269531e+00
5.047101497650146484e+00
5.014716148376464844e+00
5.009041309356689453e+00
4.996712207794189453e+00
5.032289028167724609e+00
5.008030891418457031e+00
5.024670124053955078e+00
5.031753540039062500e+00
5.014630794525146484e+00
5.033164024353027344e+00
5.021651268005371094e+00
5.003047943115234375e+00
5.018446445465087891e+00
5.034722328186035156e+00
5.017966747283935547e+00
5.010972023010253906e+00
5.014535427093505859e+00
5.010057449340820312e+00
5.021021366119384766e+00
5.036801815032958984e+00
5.042756557464599609e+00
5.035541534423828125e+00
5.012603759765625000e+00
5.055252075195312500e+00
5.012151241302490234e+00
5.014236927032470703e+00
5.009271621704101562e+00
5.039820194244384766e+00
5.051256656646728516e+00
5.029660224914550781e+00
5.023231983184814453e+00
5.011140823364257812e+00
5.054952144622802734e+00
5.032057762145996094e+00
5.010577678680419922e+00
5.014346122741699219e+00
5.020410060882568359e+00
5.004917144775390625e+00
5.006655216217041016e+00
5.020241260528564453e+00
5.017472267150878906e+00
5.003457069396972656e+00
5.027814865112304688e+00
5.048164367675781250e+00
5.041195869445800781e+00
5.018354892730712891e+00
5.006813526153564453e+00
5.043163299560546875e+00
5.010517597198486328e+00
5.020608901977539062e+00
5.031276226043701172e+00
5.029113292694091797e+00
5.027035713195800781e+00
5.040003299713134766e+00
5.009475231170654297e+00
5.015532493591308594e+00
5.017786026000976562e+00
5.010597705841064453e+00
5.016258239746093750e+00
5.046684265136718750e+00
5.008512496948242188e+00
5.037663459777832031e+00
5.018819332122802734e+00
5.069299221038818359e+00
5.035307884216308594e+00
5.019219875335693359e+00
5.010783195495605469e+00
5.033432483673095703e+00
5.007986068725585938e+00
5.011764526367187500e+00
5.022659778594970703e+00
5.021643638610839844e+00
5.007732391357421875e+00
5.000522136688232422e+00
5.007302761077880859e+00
5.029821872711181641e+00
5.035383701324462891e+00
5.004688739776611328e+00
5.041166782379150391e+00
5.034076690673828125e+00
5.028886795043945312e+00
5.012685775756835938e+00
5.012578964233398438e+00
5.005012035369873047e+00
5.023091793060302734e+00
5.008449554443359375e+00
4.999222278594970703e+00
5.013507366180419922e+00
5.014545440673828125e+00
5.015003204345703125e+00
5.023591041564941406e+00
5.013732433319091797e+00
5.039453029632568359e+00
5.012227535247802734e+00
5.004329681396484375e+00
5.007641792297363281e+00
5.010836601257324219e+00
5.020332336425781250e+00
5.017601013183593750e+00
5.016071319580078125e+00
5.058699607849121094e+00
5.035898208618164062e+00
5.026919364929199219e+00
5.006706714630126953e+00
5.004303455352783203e+00
5.013809680938720703e+00
5.017689704895019531e+00
5.018687725067138672e+00
5.025860786437988281e+00
5.035418987274169922e+00
5.011926651000976562e+00
5.010715007781982422e+00
4.993598461151123047e+00
5.034847736358642578e+00
5.006487846374511719e+00
5.004801750183105469e+00
5.035335540771484375e+00
5.012451171875000000e+00
5.035626888275146484e+00
5.027209281921386719e+00
5.022325515747070312e+00
5.010198116302490234e+00
5.011417388916015625e+00
5.039059638977050781e+00
5.013312339782714844e+00
5.023152828216552734e+00
4.998625755310058594e+00
5.012389183044433594e+00
5.014235019683837891e+00
5.056644439697265625e+00
5.001747608184814453e+00
5.012282848358154297e+00
5.010072708129882812e+00
5.022245407104492188e+00
5.020202159881591797e+00
5.018935203552246094e+00
5.007530212402343750e+00
5.016653060913085938e+00
5.052511215209960938e+00
4.999229431152343750e+00
5.027138233184814453e+00
5.006197452545166016e+00
5.003705978393554688e+00
5.012372016906738281e+00
5.020807743072509766e+00
5.002977848052978516e+00
5.006433486938476562e+00
5.007537841796875000e+00
5.022029399871826172e+00
5.010060310363769531e+00
5.020316123962402344e+00
5.021019935607910156e+00
5.004390716552734375e+00
5.029265403747558594e+00
4.999099731445312500e+00
4.994125366210937500e+00
5.020223140716552734e+00
5.011032581329345703e+00
5.010919094085693359e+00
5.015022754669189453e+00
5.057908058166503906e+00
5.015215873718261719e+00
5.005468368530273438e+00
5.003660202026367188e+00
5.005792617797851562e+00
5.011631011962890625e+00
5.019250869750976562e+00
5.031640529632568359e+00
5.014349937438964844e+00
5.016103267669677734e+00
5.014212608337402344e+00
5.037544250488281250e+00
5.035156250000000000e+00
5.018879413604736328e+00
5.033665180206298828e+00
5.007706165313720703e+00
4.998007774353027344e+00
5.049427032470703125e+00
5.018236637115478516e+00
5.030459403991699219e+00
5.023000717163085938e+00
5.024934291839599609e+00
5.019500255584716797e+00
4.995787620544433594e+00
5.023159980773925781e+00
5.058352947235107422e+00
5.012841224670410156e+00
5.003142833709716797e+00
5.008993148803710938e+00
5.029479026794433594e+00
5.001294612884521484e+00
5.009935379028320312e+00
5.004671573638916016e+00
5.003235816955566406e+00
5.009420394897460938e+00
5.001922607421875000e+00
5.003287792205810547e+00
5.014342308044433594e+00
5.005872249603271484e+00
5.017323017120361328e+00
5.005348205566406250e+00
5.015081405639648438e+00
5.021615982055664062e+00
4.993491172790527344e+00
5.007276535034179688e+00
5.009658813476562500e+00
5.009235858917236328e+00
5.001591682434082031e+00
5.011175632476806641e+00
4.997135162353515625e+00
5.006119728088378906e+00
5.012834072113037109e+00
4.998053073883056641e+00
5.037564754486083984e+00
5.026572227478027344e+00
4.987057209014892578e+00
5.009959697723388672e+00
4.990693092346191406e+00
5.025137901306152344e+00
4.994600296020507812e+00
4.998481273651123047e+00
4.998606204986572266e+00
4.997933387756347656e+00
5.000486373901367188e+00
5.009355545043945312e+00
4.996664047241210938e+00
4.998868942260742188e+00
5.002591609954833984e+00
5.002779483795166016e+00
4.989128112792968750e+00
5.003589630126953125e+00
5.029982089996337891e+00
5.004913806915283203e+00
5.003844738006591797e+00
4.997002601623535156e+00
5.017613410949707031e+00
5.011149406433105469e+00
5.004042148590087891e+00
5.030289173126220703e+00
5.004250049591064453e+00
4.999238014221191406e+00
5.008197307586669922e+00
5.015096664428710938e+00
4.993050575256347656e+00
4.995241165161132812e+00
5.004810333251953125e+00
5.003869533538818359e+00
4.992836952209472656e+00
5.000441074371337891e+00
5.018990516662597656e+00
5.003235816955566406e+00
5.026525974273681641e+00
5.011659622192382812e+00
4.999964714050292969e+00
5.020149230957031250e+00
5.001824378967285156e+00
5.002529144287109375e+00
5.032080173492431641e+00
5.018597602844238281e+00
5.008922576904296875e+00
5.007419109344482422e+00
5.003805160522460938e+00
5.006626129150390625e+00
5.021129608154296875e+00
5.003081798553466797e+00
5.015634536743164062e+00
5.015154838562011719e+00
5.014202594757080078e+00
5.022854804992675781e+00
5.017249584197998047e+00
5.016460418701171875e+00
5.013297080993652344e+00
4.997656345367431641e+00
4.992266654968261719e+00
5.022853851318359375e+00
5.022192001342773438e+00
5.013646125793457031e+00
5.004940986633300781e+00
5.010410308837890625e+00
5.017227172851562500e+00
4.998077869415283203e+00
5.032779693603515625e+00
5.000069141387939453e+00
4.991166591644287109e+00
5.004403591156005859e+00
4.997202873229980469e+00
4.999431133270263672e+00
5.004024982452392578e+00
5.024428367614746094e+00
5.019340991973876953e+00
4.994651317596435547e+00
5.002752304077148438e+00
5.025370121002197266e+00
5.001516342163085938e+00
5.003196239471435547e+00
5.003516197204589844e+00
5.006876468658447266e+00
5.003413200378417969e+00
4.999338150024414062e+00
5.002940177917480469e+00
4.990533351898193359e+00
5.032700538635253906e+00
5.023161411285400391e+00
5.012615203857421875e+00
5.011075496673583984e+00
5.018299102783203125e+00
5.014001369476318359e+00
5.010166645050048828e+00
4.999779224395751953e+00
5.010062217712402344e+00
5.046392440795898438e+00
5.003575325012207031e+00
5.032439231872558594e+00
5.014101505279541016e+00
5.003927230834960938e+00
5.014613628387451172e+00
4.990488052368164062e+00
5.007143497467041016e+00
5.001375675201416016e+00
4.988318920135498047e+00
4.990285873413085938e+00
4.986087799072265625e+00
4.994152069091796875e+00
4.996995449066162109e+00
4.994334220886230469e+00
5.005277633666992188e+00
4.994435310363769531e+00
5.049342155456542969e+00
5.004550457000732422e+00
5.008820056915283203e+00
5.006427764892578125e+00
4.991374969482421875e+00
5.011375427246093750e+00
5.008985519409179688e+00
5.050844669342041016e+00
5.003283500671386719e+00
5.028905868530273438e+00
5.041707515716552734e+00
5.019454956054687500e+00
4.985617637634277344e+00
5.006697177886962891e+00
5.008448600769042969e+00
5.002631664276123047e+00
4.988563060760498047e+00
4.999487876892089844e+00
4.995343208312988281e+00
5.015251159667968750e+00
4.994568347930908203e+00
4.989073753356933594e+00
4.992650032043457031e+00
5.002202033996582031e+00
5.010256290435791016e+00
4.993997573852539062e+00
5.025913715362548828e+00
5.011347770690917969e+00
4.996564388275146484e+00
5.000687122344970703e+00
4.998837471008300781e+00
4.997875213623046875e+00
5.023926734924316406e+00
5.012881755828857422e+00
4.999352931976318359e+00
5.004303455352783203e+00
4.996580123901367188e+00
4.996922016143798828e+00
4.986854553222656250e+00
4.995334625244140625e+00
5.017641544342041016e+00
4.996545791625976562e+00
5.015287876129150391e+00
4.981921195983886719e+00
5.004617691040039062e+00
4.980085372924804688e+00
4.986385345458984375e+00
5.016922950744628906e+00
5.015888690948486328e+00
5.014178752899169922e+00
4.993750572204589844e+00
5.022590160369873047e+00
4.986506462097167969e+00
4.998245239257812500e+00
5.005796432495117188e+00
5.002161026000976562e+00
5.005657196044921875e+00
4.992971897125244141e+00
4.991871833801269531e+00
4.990112781524658203e+00
5.003339290618896484e+00
4.987899303436279297e+00
5.039604187011718750e+00
5.009994506835937500e+00
4.998656272888183594e+00
5.017729759216308594e+00
5.007182598114013672e+00
4.984847068786621094e+00
5.008530616760253906e+00
4.993524551391601562e+00
5.004479408264160156e+00
4.999810218811035156e+00
5.004406452178955078e+00
5.006187438964843750e+00
4.991565227508544922e+00
4.998001098632812500e+00
5.000160217285156250e+00
4.992825508117675781e+00
4.991246700286865234e+00
5.017115116119384766e+00
5.009027004241943359e+00
5.008663177490234375e+00
4.999434947967529297e+00
4.999936580657958984e+00
4.995954513549804688e+00
5.019039630889892578e+00
5.003703117370605469e+00
5.006989002227783203e+00
5.012947082519531250e+00
5.001074790954589844e+00
5.000524520874023438e+00
5.006102085113525391e+00
4.994918346405029297e+00
5.025259017944335938e+00
5.012694835662841797e+00
4.998075008392333984e+00
5.004590988159179688e+00
5.002971649169921875e+00
5.002699851989746094e+00
5.006363868713378906e+00
5.024271011352539062e+00
5.010497093200683594e+00
5.002525329589843750e+00
5.027986526489257812e+00
5.001353263854980469e+00
5.015936374664306641e+00
5.007510185241699219e+00
4.996242523193359375e+00
5.010060310363769531e+00
4.997673988342285156e+00
5.045432090759277344e+00
4.987726211547851562e+00
4.995522975921630859e+00
5.015062332153320312e+00
5.008822917938232422e+00
5.019262790679931641e+00
5.008507251739501953e+00
5.024991989135742188e+00
5.003101348876953125e+00
5.007288932800292969e+00
4.998991489410400391e+00
4.998472690582275391e+00
5.018780708312988281e+00
5.000211715698242188e+00
5.005265712738037109e+00
5.032949447631835938e+00
4.989911556243896484e+00
5.019061565399169922e+00
5.003436088562011719e+00
5.004008769989013672e+00
5.003416061401367188e+00
4.990834236145019531e+00
5.018030643463134766e+00
