6.839659690856933594e+00
6.631059646606445312e+00
6.377473831176757812e+00
6.473298549652099609e+00
6.327018737792968750e+00
6.305858612060546875e+00
6.241065979003906250e+00
6.407405853271484375e+00
6.342164039611816406e+00
6.437255382537841797e+00
6.258578300476074219e+00
6.343055725097656250e+00
6.323106765747070312e+00
6.304533481597900391e+00
6.226243972778320312e+00
6.181383609771728516e+00
6.142548084259033203e+00
6.083302021026611328e+00
6.215300559997558594e+00
6.136360168457031250e+00
6.194224834442138672e+00
6.226971626281738281e+00
6.185795783996582031e+00
6.196554183959960938e+00
6.292040348052978516e+00
6.150675773620605469e+00
6.243856430053710938e+00
6.030983924865722656e+00
6.217350959777832031e+00
6.105693817138671875e+00
6.138806819915771484e+00
6.169651985168457031e+00
6.046006679534912109e+00
6.123346328735351562e+00
6.179717540740966797e+00
6.116927146911621094e+00
6.097669601440429688e+00
6.119242668151855469e+00
6.133768081665039062e+00
6.087493896484375000e+00
6.183639526367187500e+00
6.131309509277343750e+00
6.034087181091308594e+00
5.934312343597412109e+00
6.202275276184082031e+00
6.139837265014648438e+00
6.173426151275634766e+00
6.056583404541015625e+00
6.067930698394775391e+00
6.152884483337402344e+00
6.137974262237548828e+00
6.070362567901611328e+00
6.167801380157470703e+00
6.163055419921875000e+00
6.130049705505371094e+00
6.080919265747070312e+00
6.135898590087890625e+00
6.017615318298339844e+00
6.033874511718750000e+00
6.213127136230468750e+00
6.038933277130126953e+00
6.069513320922851562e+00
6.040481090545654297e+00
6.054531097412109375e+00
6.044356346130371094e+00
6.065802574157714844e+00
6.205431461334228516e+00
6.157658576965332031e+00
6.078975677490234375e+00
6.039117813110351562e+00
6.068521499633789062e+00
6.100347518920898438e+00
6.127268314361572266e+00
6.118668556213378906e+00
5.988650321960449219e+00
6.028645992279052734e+00
5.944457054138183594e+00
6.057592391967773438e+00
5.936948776245117188e+00
6.047158241271972656e+00
6.036728382110595703e+00
6.022181034088134766e+00
5.964743137359619141e+00
5.952284336090087891e+00
6.154857158660888672e+00
6.056797027587890625e+00
6.078201293945312500e+00
6.011512756347656250e+00
6.182262420654296875e+00
6.036286354064941406e+00
6.024444580078125000e+00
6.062063694000244141e+00
6.148342132568359375e+00
6.004003524780273438e+00
5.974667549133300781e+00
6.017205715179443359e+00
6.068420410156250000e+00
6.068456649780273438e+00
6.034509181976318359e+00
6.049938201904296875e+00
6.084778785705566406e+00
5.997277259826660156e+00
5.997965812683105469e+00
5.923926353454589844e+00
5.947727680206298828e+00
5.908529281616210938e+00
6.021012783050537109e+00
5.996426582336425781e+00
5.961753845214843750e+00
6.211201190948486328e+00
6.096650123596191406e+00
6.050938606262207031e+00
5.959776878356933594e+00
5.959286689758300781e+00
5.957380771636962891e+00
5.996067047119140625e+00
6.058194637298583984e+00
6.027846813201904297e+00
6.089338779449462891e+00
6.136532306671142578e+00
6.070292949676513672e+00
5.967759132385253906e+00
5.992119312286376953e+00
6.073404312133789062e+00
6.014181137084960938e+00
5.943374156951904297e+00
6.031621932983398438e+00
5.918095588684082031e+00
5.904477119445800781e+00
6.004345417022705078e+00
6.006360054016113281e+00
6.018186569213867188e+00
5.925178527832031250e+00
5.989491462707519531e+00
5.925162315368652344e+00
5.991622924804687500e+00
5.997498035430908203e+00
5.785025119781494141e+00
6.130937576293945312e+00
5.990996837615966797e+00
5.983898162841796875e+00
6.112625122070312500e+00
6.081118106842041016e+00
5.867703437805175781e+00
6.138916015625000000e+00
5.952985286712646484e+00
6.017014980316162109e+00
6.016756057739257812e+00
6.111895561218261719e+00
6.065074920654296875e+00
6.017488479614257812e+00
6.115646839141845703e+00
5.941446304321289062e+00
5.984127044677734375e+00
5.927531242370605469e+00
6.147327423095703125e+00
5.983880519866943359e+00
5.958060264587402344e+00
5.930969715118408203e+00
6.000576019287109375e+00
6.149785995483398438e+00
5.851257801055908203e+00
6.091681957244873047e+00
6.018440246582031250e+00
5.930751800537109375e+00
6.064200401306152344e+00
5.948025703430175781e+00
5.899842262268066406e+00
6.032608032226562500e+00
6.020061016082763672e+00
5.988156795501708984e+00
5.871094703674316406e+00
5.999232292175292969e+00
5.956409454345703125e+00
5.896128654479980469e+00
5.926504135131835938e+00
5.793386459350585938e+00
6.060795307159423828e+00
6.091613292694091797e+00
6.014256477355957031e+00
6.170063018798828125e+00
6.060435295104980469e+00
5.925035476684570312e+00
5.954304218292236328e+00
5.999302864074707031e+00
5.950098991394042969e+00
6.020952224731445312e+00
5.999252319335937500e+00
6.016208171844482422e+00
5.896529197692871094e+00
5.991602897644042969e+00
5.884430885314941406e+00
6.137872219085693359e+00
5.884892940521240234e+00
5.960256576538085938e+00
5.856578826904296875e+00
5.966333866119384766e+00
6.055123805999755859e+00
6.002461433410644531e+00
5.940534591674804688e+00
5.994928359985351562e+00
6.057417869567871094e+00
5.986816883087158203e+00
5.864932060241699219e+00
6.059841156005859375e+00
5.837445259094238281e+00
6.054615020751953125e+00
6.240498542785644531e+00
6.059332370758056641e+00
6.029919624328613281e+00
5.878600597381591797e+00
5.961811542510986328e+00
6.045943260192871094e+00
6.021152973175048828e+00
5.908847808837890625e+00
5.994111061096191406e+00
5.883235454559326172e+00
5.882848739624023438e+00
5.904483795166015625e+00
5.857899188995361328e+00
5.894659996032714844e+00
5.868128776550292969e+00
5.940642833709716797e+00
6.013401985168457031e+00
5.908961296081542969e+00
5.870396614074707031e+00
6.022169113159179688e+00
5.945111274719238281e+00
5.946595191955566406e+00
5.932823181152343750e+00
5.983733177185058594e+00
5.927436351776123047e+00
5.825352191925048828e+00
5.807016849517822266e+00
5.951521873474121094e+00
5.816173553466796875e+00
5.990275382995605469e+00
5.912661552429199219e+00
6.009019374847412109e+00
5.999684333801269531e+00
6.086835384368896484e+00
6.044429779052734375e+00
5.900730609893798828e+00
5.964978218078613281e+00
5.928893089294433594e+00
5.849210262298583984e+00
5.763475418090820312e+00
5.981770515441894531e+00
5.997004032135009766e+00
5.952525138854980469e+00
5.915940761566162109e+00
5.841721534729003906e+00
5.868540763854980469e+00
5.943732261657714844e+00
5.881335735321044922e+00
6.046723365783691406e+00
6.045091629028320312e+00
6.069250106811523438e+00
5.787427902221679688e+00
5.966835975646972656e+00
6.009437561035156250e+00
6.107731342315673828e+00
6.033270835876464844e+00
5.837287425994873047e+00
5.819144248962402344e+00
5.942167758941650391e+00
5.866534709930419922e+00
5.947774887084960938e+00
5.897172927856445312e+00
5.897836208343505859e+00
5.875389099121093750e+00
5.920530319213867188e+00
5.872966289520263672e+00
5.883030891418457031e+00
5.849425792694091797e+00
5.791550636291503906e+00
5.998726367950439453e+00
5.870429992675781250e+00
5.860671043395996094e+00
6.130187988281250000e+00
5.939655303955078125e+00
6.020479679107666016e+00
5.837372779846191406e+00
5.899758338928222656e+00
5.921706676483154297e+00
6.056470870971679688e+00
6.088871955871582031e+00
5.865291595458984375e+00
5.804090023040771484e+00
5.933095932006835938e+00
5.940193176269531250e+00
5.916326522827148438e+00
5.822524070739746094e+00
5.932154178619384766e+00
5.901508331298828125e+00
5.948822021484375000e+00
5.753452777862548828e+00
5.917984962463378906e+00
5.795776367187500000e+00
5.844032287597656250e+00
6.069941520690917969e+00
5.795003890991210938e+00
5.869993209838867188e+00
6.041372299194335938e+00
5.871275901794433594e+00
5.939201354980468750e+00
5.956545829772949219e+00
5.886331558227539062e+00
6.120034217834472656e+00
5.819223403930664062e+00
5.866648674011230469e+00
5.879005432128906250e+00
5.911789894104003906e+00
5.747272491455078125e+00
5.953476905822753906e+00
5.923098564147949219e+00
6.097640037536621094e+00
5.884634971618652344e+00
5.850507736206054688e+00
5.793058395385742188e+00
5.987979412078857422e+00
6.026204109191894531e+00
6.015643119812011719e+00
5.866277694702148438e+00
5.990622520446777344e+00
5.961946964263916016e+00
6.010727882385253906e+00
6.046039104461669922e+00
6.052550792694091797e+00
5.962704658508300781e+00
5.811985492706298828e+00
5.993209362030029297e+00
6.070217132568359375e+00
5.878437519073486328e+00
5.939291000366210938e+00
5.982070446014404297e+00
5.828412532806396484e+00
5.885660171508789062e+00
5.904997825622558594e+00
5.900631904602050781e+00
5.871895790100097656e+00
5.871699810028076172e+00
5.865709304809570312e+00
6.193613529205322266e+00
5.898258686065673828e+00
5.945940017700195312e+00
5.884858608245849609e+00
5.886941909790039062e+00
5.851768493652343750e+00
5.980174541473388672e+00
5.868714809417724609e+00
5.890744209289550781e+00
5.967105865478515625e+00
5.930057048797607422e+00
5.849137783050537109e+00
5.753057479858398438e+00
5.869832992553710938e+00
5.827641487121582031e+00
5.902614593505859375e+00
6.064267158508300781e+00
5.854869842529296875e+00
5.848035812377929688e+00
5.939014434814453125e+00
5.864182472229003906e+00
6.040541648864746094e+00
5.838045597076416016e+00
5.791900634765625000e+00
5.932914257049560547e+00
5.872334480285644531e+00
5.874804496765136719e+00
5.869368076324462891e+00
5.847826004028320312e+00
5.887743949890136719e+00
5.889943599700927734e+00
5.903300762176513672e+00
5.794706344604492188e+00
5.912028789520263672e+00
5.975791931152343750e+00
5.808565616607666016e+00
6.070128917694091797e+00
5.937339782714843750e+00
5.843760490417480469e+00
5.894340991973876953e+00
6.022237777709960938e+00
5.845882415771484375e+00
5.996602058410644531e+00
5.859130859375000000e+00
5.906491756439208984e+00
6.036036968231201172e+00
5.780206203460693359e+00
6.134798049926757812e+00
5.878253459930419922e+00
5.823278903961181641e+00
5.906150341033935547e+00
5.859756946563720703e+00
5.971838951110839844e+00
5.918893337249755859e+00
5.787808418273925781e+00
5.818121910095214844e+00
5.878818511962890625e+00
5.908563137054443359e+00
5.930237770080566406e+00
5.942153930664062500e+00
5.960366725921630859e+00
5.892963886260986328e+00
5.866432189941406250e+00
5.896014690399169922e+00
5.898166179656982422e+00
5.938451766967773438e+00
5.904467582702636719e+00
5.924019813537597656e+00
5.882173061370849609e+00
5.723968505859375000e+00
5.955670833587646484e+00
5.757935047149658203e+00
5.831053733825683594e+00
5.891012191772460938e+00
5.858439445495605469e+00
5.806020259857177734e+00
5.823898315429687500e+00
6.005817413330078125e+00
5.881871700286865234e+00
5.933108806610107422e+00
5.802526473999023438e+00
5.883951663970947266e+00
5.887371063232421875e+00
5.824628829956054688e+00
5.902243614196777344e+00
5.889969825744628906e+00
5.750042915344238281e+00
5.805570602416992188e+00
5.807328701019287109e+00
5.896971225738525391e+00
5.892095565795898438e+00
5.868452072143554688e+00
5.770583152770996094e+00
5.766086578369140625e+00
5.976877212524414062e+00
5.966775417327880859e+00
5.883781433105468750e+00
5.884031772613525391e+00
6.136712551116943359e+00
5.897277832031250000e+00
5.851746082305908203e+00
5.785675048828125000e+00
5.897960186004638672e+00
5.776018142700195312e+00
5.943155288696289062e+00
5.877468109130859375e+00
5.896492004394531250e+00
5.791540145874023438e+00
5.888076305389404297e+00
5.874213218688964844e+00
5.768076896667480469e+00
5.826879024505615234e+00
5.952034950256347656e+00
5.844262123107910156e+00
5.923545837402343750e+00
5.910603523254394531e+00
5.853332042694091797e+00
5.821391105651855469e+00
5.776023864746093750e+00
6.015682697296142578e+00
5.871821880340576172e+00
6.070000648498535156e+00
5.830564498901367188e+00
5.952926635742187500e+00
5.944089889526367188e+00
5.993548870086669922e+00
5.934466361999511719e+00
5.833682060241699219e+00
6.027136802673339844e+00
5.913530826568603516e+00
5.961293220520019531e+00
5.843931674957275391e+00
5.902002811431884766e+00
5.916179656982421875e+00
5.832226276397705078e+00
6.016492843627929688e+00
5.934937000274658203e+00
5.900654315948486328e+00
5.813565731048583984e+00
6.071442127227783203e+00
5.922227859497070312e+00
5.798655033111572266e+00
5.860736846923828125e+00
5.841172695159912109e+00
6.016986846923828125e+00
5.772574424743652344e+00
5.751218318939208984e+00
5.814574718475341797e+00
5.863289833068847656e+00
5.855826854705810547e+00
5.840328216552734375e+00
5.798373222351074219e+00
5.865460395812988281e+00
5.782546997070312500e+00
5.852430343627929688e+00
5.876116752624511719e+00
5.930938243865966797e+00
5.838651657104492188e+00
5.805218696594238281e+00
5.861010551452636719e+00
5.788066864013671875e+00
5.766759872436523438e+00
5.882134914398193359e+00
5.875353813171386719e+00
5.925745487213134766e+00
5.803579807281494141e+00
5.919403076171875000e+00
5.838504314422607422e+00
5.841604232788085938e+00
5.758076190948486328e+00
5.838818073272705078e+00
5.992958545684814453e+00
5.753919124603271484e+00
5.915181636810302734e+00
5.789640903472900391e+00
5.831927299499511719e+00
6.095490932464599609e+00
5.813069820404052734e+00
5.892509937286376953e+00
5.894284725189208984e+00
5.892021179199218750e+00
5.909816741943359375e+00
6.122116088867187500e+00
5.831510543823242188e+00
5.836818218231201172e+00
5.882847785949707031e+00
5.860329627990722656e+00
5.806549072265625000e+00
5.812592506408691406e+00
5.803304672241210938e+00
5.925280094146728516e+00
5.810754776000976562e+00
5.813188076019287109e+00
5.946771144866943359e+00
5.892693042755126953e+00
5.816833496093750000e+00
5.973151683807373047e+00
6.019025325775146484e+00
5.937005519866943359e+00
5.771766185760498047e+00
5.905620574951171875e+00
5.999035835266113281e+00
5.852463722229003906e+00
5.875293731689453125e+00
5.776150703430175781e+00
6.001337528228759766e+00
5.873150825500488281e+00
5.812306404113769531e+00
5.701100349426269531e+00
5.901294708251953125e+00
5.934404850006103516e+00
5.905402183532714844e+00
5.895831108093261719e+00
5.906790733337402344e+00
5.802203178405761719e+00
5.904380798339843750e+00
5.861241340637207031e+00
5.896256923675537109e+00
5.749377250671386719e+00
5.736572265625000000e+00
5.789910316467285156e+00
5.828675270080566406e+00
5.830598831176757812e+00
5.876564025878906250e+00
5.826416015625000000e+00
5.810523033142089844e+00
5.853225708007812500e+00
5.921646595001220703e+00
5.903790473937988281e+00
5.785163879394531250e+00
5.822752952575683594e+00
5.744259834289550781e+00
5.778102874755859375e+00
5.807872772216796875e+00
5.748394012451171875e+00
5.825582981109619141e+00
5.935663700103759766e+00
5.839552879333496094e+00
5.768996715545654297e+00
5.928052902221679688e+00
5.903571128845214844e+00
5.815632343292236328e+00
5.752574920654296875e+00
5.756858825683593750e+00
5.811732769012451172e+00
5.846405029296875000e+00
5.739120960235595703e+00
5.854874610900878906e+00
5.896467685699462891e+00
6.036602497100830078e+00
5.787909507751464844e+00
5.872159957885742188e+00
5.939051628112792969e+00
5.779584407806396484e+00
5.893114566802978516e+00
5.759428977966308594e+00
5.802474021911621094e+00
5.795588493347167969e+00
5.815648078918457031e+00
5.823123931884765625e+00
5.888576507568359375e+00
5.776443481445312500e+00
5.868962287902832031e+00
5.902379035949707031e+00
5.748030662536621094e+00
5.912018299102783203e+00
5.881353378295898438e+00
5.831279754638671875e+00
5.961711883544921875e+00
5.923440456390380859e+00
5.815663814544677734e+00
5.869006633758544922e+00
5.770847320556640625e+00
5.795179843902587891e+00
5.910291194915771484e+00
5.887349128723144531e+00
5.817197799682617188e+00
5.770274162292480469e+00
5.802690029144287109e+00
5.908753871917724609e+00
6.038470745086669922e+00
5.800965785980224609e+00
6.010269165039062500e+00
5.928584098815917969e+00
5.844553947448730469e+00
5.983864784240722656e+00
5.787600994110107422e+00
5.814398288726806641e+00
5.903450965881347656e+00
5.793499946594238281e+00
5.863171577453613281e+00
5.798972606658935547e+00
5.853178024291992188e+00
5.945932388305664062e+00
5.732856273651123047e+00
5.871209144592285156e+00
5.798095703125000000e+00
5.820787429809570312e+00
5.959339141845703125e+00
6.021583557128906250e+00
5.853805541992187500e+00
5.903824806213378906e+00
5.933893680572509766e+00
5.812825202941894531e+00
5.919645309448242188e+00
5.720301151275634766e+00
5.790452957153320312e+00
5.810545921325683594e+00
5.978126049041748047e+00
5.809535503387451172e+00
5.890101432800292969e+00
5.781383514404296875e+00
5.888278961181640625e+00
5.881658077239990234e+00
5.808399677276611328e+00
5.804352760314941406e+00
5.793128490447998047e+00
5.876852035522460938e+00
5.823898792266845703e+00
5.942870140075683594e+00
5.824168205261230469e+00
5.853753089904785156e+00
5.839287281036376953e+00
5.812729835510253906e+00
5.835072040557861328e+00
5.955618381500244141e+00
5.816467285156250000e+00
5.779179573059082031e+00
5.897370338439941406e+00
5.839885234832763672e+00
5.726818084716796875e+00
6.092469215393066406e+00
5.849660396575927734e+00
5.739622116088867188e+00
5.897740840911865234e+00
5.939807891845703125e+00
5.857394218444824219e+00
5.881147384643554688e+00
5.842747688293457031e+00
5.886313438415527344e+00
5.874163627624511719e+00
5.726970672607421875e+00
5.891212940216064453e+00
5.824829101562500000e+00
5.884617805480957031e+00
5.771010398864746094e+00
5.819118022918701172e+00
5.862223148345947266e+00
5.846060276031494141e+00
5.750756263732910156e+00
5.844732761383056641e+00
5.973295211791992188e+00
5.873741626739501953e+00
5.845232486724853516e+00
5.870536804199218750e+00
5.797716140747070312e+00
5.845215320587158203e+00
5.803012371063232422e+00
5.824457645416259766e+00
5.963356018066406250e+00
5.879558563232421875e+00
5.940217018127441406e+00
5.800430774688720703e+00
5.828575611114501953e+00
5.823452949523925781e+00
5.817776203155517578e+00
5.735962867736816406e+00
5.708291053771972656e+00
5.839335441589355469e+00
5.787058353424072266e+00
5.828716278076171875e+00
5.791934013366699219e+00
5.733216285705566406e+00
5.841919898986816406e+00
5.881914615631103516e+00
5.860177040100097656e+00
5.846590518951416016e+00
5.938886165618896484e+00
5.996999740600585938e+00
5.866199016571044922e+00
5.731340408325195312e+00
5.806062698364257812e+00
5.698993206024169922e+00
5.962723255157470703e+00
5.917838096618652344e+00
5.767004013061523438e+00
5.964683532714843750e+00
5.932709693908691406e+00
5.827112197875976562e+00
5.737147808074951172e+00
5.911094188690185547e+00
5.909782409667968750e+00
5.890901565551757812e+00
5.911973476409912109e+00
5.998595237731933594e+00
5.877488136291503906e+00
5.754993915557861328e+00
5.920234680175781250e+00
5.911808013916015625e+00
5.808757781982421875e+00
5.855691432952880859e+00
5.747682571411132812e+00
5.860320568084716797e+00
5.808585166931152344e+00
5.866327762603759766e+00
5.854156970977783203e+00
5.753236293792724609e+00
5.891633987426757812e+00
5.820441246032714844e+00
5.714596748352050781e+00
6.049188137054443359e+00
5.873659133911132812e+00
5.876729011535644531e+00
5.743441581726074219e+00
5.954677581787109375e+00
5.843734741210937500e+00
5.847096443176269531e+00
5.875175952911376953e+00
5.861105442047119141e+00
5.967882633209228516e+00
5.815352439880371094e+00
5.791905403137207031e+00
5.890546798706054688e+00
5.703889846801757812e+00
5.833949089050292969e+00
5.816809177398681641e+00
5.737844467163085938e+00
5.882050991058349609e+00
5.780426025390625000e+00
5.725596427917480469e+00
5.927830696105957031e+00
5.890377998352050781e+00
5.768067359924316406e+00
5.824610710144042969e+00
6.008368492126464844e+00
5.810572147369384766e+00
5.828890323638916016e+00
5.907392978668212891e+00
5.695998668670654297e+00
5.779109954833984375e+00
5.830755233764648438e+00
5.799566268920898438e+00
5.820645332336425781e+00
5.890227317810058594e+00
5.855659484863281250e+00
5.880702972412109375e+00
5.902676105499267578e+00
5.919486045837402344e+00
5.743793010711669922e+00
5.759729385375976562e+00
5.767602920532226562e+00
5.837881088256835938e+00
5.807780265808105469e+00
5.899450302124023438e+00
5.856806755065917969e+00
5.680534362792968750e+00
5.779784679412841797e+00
5.789997100830078125e+00
5.862597465515136719e+00
5.926982879638671875e+00
5.787935256958007812e+00
5.901454448699951172e+00
5.812913417816162109e+00
5.807916641235351562e+00
5.890031337738037109e+00
5.760707378387451172e+00
5.868733406066894531e+00
5.808290004730224609e+00
5.798882007598876953e+00
5.863114356994628906e+00
5.725334644317626953e+00
5.779537200927734375e+00
5.787686347961425781e+00
5.906351566314697266e+00
5.817952156066894531e+00
5.848219871520996094e+00
5.811471939086914062e+00
5.817236423492431641e+00
6.032534599304199219e+00
5.756413936614990234e+00
5.785563468933105469e+00
5.830485343933105469e+00
5.856616020202636719e+00
5.855988502502441406e+00
5.709743022918701172e+00
5.964403629302978516e+00
5.697468280792236328e+00
5.787032604217529297e+00
5.844569683074951172e+00
5.883725643157958984e+00
5.872694015502929688e+00
5.743716716766357422e+00
5.843060970306396484e+00
5.977636337280273438e+00
5.849992752075195312e+00
5.777970790863037109e+00
5.790243625640869141e+00
5.791803836822509766e+00
5.778839111328125000e+00
5.892416954040527344e+00
5.823748588562011719e+00
5.911545753479003906e+00
5.823752880096435547e+00
5.847949028015136719e+00
5.857099056243896484e+00
5.861448287963867188e+00
5.757733345031738281e+00
5.953789710998535156e+00
5.753209590911865234e+00
5.997730255126953125e+00
6.021255493164062500e+00
5.994701385498046875e+00
5.856812953948974609e+00
5.989060878753662109e+00
5.769915580749511719e+00
5.932462692260742188e+00
5.861118316650390625e+00
5.892657279968261719e+00
5.898602962493896484e+00
5.850026130676269531e+00
6.004095554351806641e+00
5.734766006469726562e+00
5.913884162902832031e+00
5.932373046875000000e+00
5.923604965209960938e+00
5.806761741638183594e+00
5.756760120391845703e+00
5.841157913208007812e+00
5.869539260864257812e+00
5.910223484039306641e+00
5.960971355438232422e+00
5.912793159484863281e+00
6.036772727966308594e+00
5.799022674560546875e+00
5.810171604156494141e+00
5.924175262451171875e+00
5.798104286193847656e+00
5.896695137023925781e+00
5.799725055694580078e+00
5.884705543518066406e+00
5.733746528625488281e+00
5.974538326263427734e+00
5.723790168762207031e+00
5.872860431671142578e+00
5.679892539978027344e+00
5.764319419860839844e+00
5.773177623748779297e+00
5.732572555541992188e+00
5.817779541015625000e+00
5.809514999389648438e+00
5.695884704589843750e+00
5.801723003387451172e+00
5.784506797790527344e+00
5.851890563964843750e+00
5.855231285095214844e+00
5.741563320159912109e+00
5.988292217254638672e+00
5.994530677795410156e+00
5.776949882507324219e+00
5.824383258819580078e+00
5.953104496002197266e+00
5.881228923797607422e+00
5.894355773925781250e+00
5.831732273101806641e+00
5.930746078491210938e+00
5.757344245910644531e+00
5.850486755371093750e+00
6.162030220031738281e+00
5.899339675903320312e+00
5.821275234222412109e+00
5.777157783508300781e+00
5.758498191833496094e+00
5.788272857666015625e+00
5.968568801879882812e+00
5.720861434936523438e+00
5.845475196838378906e+00
5.803486824035644531e+00
5.825010299682617188e+00
5.852542877197265625e+00
5.857039451599121094e+00
5.862321376800537109e+00
5.891977310180664062e+00
5.732229232788085938e+00
5.791495323181152344e+00
5.815732479095458984e+00
5.841573715209960938e+00
5.847084045410156250e+00
5.732098579406738281e+00
5.812817573547363281e+00
5.806171894073486328e+00
5.709928989410400391e+00
5.810688495635986328e+00
5.835343837738037109e+00
5.928962230682373047e+00
5.819836616516113281e+00
5.782500267028808594e+00
5.793862342834472656e+00
5.778339385986328125e+00
5.744904041290283203e+00
5.806303501129150391e+00
5.888938426971435547e+00
5.914577007293701172e+00
5.971602916717529297e+00
5.850010871887207031e+00
5.768766403198242188e+00
5.716109752655029297e+00
5.897630691528320312e+00
5.759745597839355469e+00
5.823703765869140625e+00
5.894428730010986328e+00
5.876299381256103516e+00
5.710619449615478516e+00
6.037547111511230469e+00
5.788908958435058594e+00
5.882255554199218750e+00
5.744964599609375000e+00
5.760833740234375000e+00
5.777934074401855469e+00
5.933241844177246094e+00
5.763184070587158203e+00
5.735394477844238281e+00
5.834442615509033203e+00
5.923824310302734375e+00
5.769931793212890625e+00
5.840049266815185547e+00
5.824227809906005859e+00
5.881937503814697266e+00
