6.869086265563964844e+00
6.803856849670410156e+00
6.629166603088378906e+00
6.548833847045898438e+00
6.549903869628906250e+00
6.538227081298828125e+00
6.548471450805664062e+00
6.413009643554687500e+00
6.474693775177001953e+00
6.400915622711181641e+00
6.483963012695312500e+00
6.363980293273925781e+00
6.415158271789550781e+00
6.357297420501708984e+00
6.292872905731201172e+00
6.307028770446777344e+00
6.383275032043457031e+00
6.426986694335937500e+00
6.342094898223876953e+00
6.332781791687011719e+00
6.331565856933593750e+00
6.274437427520751953e+00
6.329143524169921875e+00
6.278490066528320312e+00
6.211247444152832031e+00
6.179695129394531250e+00
6.198302268981933594e+00
6.413604259490966797e+00
6.315900802612304688e+00
6.202745914459228516e+00
6.268459320068359375e+00
6.302575588226318359e+00
6.251285076141357422e+00
6.230559349060058594e+00
6.298889636993408203e+00
6.130220413208007812e+00
6.324377536773681641e+00
6.166693210601806641e+00
6.185688972473144531e+00
6.242869853973388672e+00
6.259295463562011719e+00
6.410008907318115234e+00
6.213559627532958984e+00
6.196403503417968750e+00
6.289870738983154297e+00
6.137279987335205078e+00
6.084101676940917969e+00
6.154982566833496094e+00
6.430030822753906250e+00
6.213958263397216797e+00
6.161969184875488281e+00
6.159997463226318359e+00
6.226054191589355469e+00
6.153049945831298828e+00
6.351261615753173828e+00
6.108520984649658203e+00
6.147369384765625000e+00
6.151216506958007812e+00
6.053687095642089844e+00
6.294254302978515625e+00
6.028024673461914062e+00
6.105332374572753906e+00
6.206655025482177734e+00
6.190052032470703125e+00
6.203908443450927734e+00
6.169377326965332031e+00
6.179822444915771484e+00
6.143496036529541016e+00
6.144624710083007812e+00
6.439425468444824219e+00
6.062552928924560547e+00
5.986714363098144531e+00
6.367659568786621094e+00
6.171336650848388672e+00
6.154056072235107422e+00
6.125910282135009766e+00
6.087553977966308594e+00
6.194743156433105469e+00
6.172752380371093750e+00
6.126296997070312500e+00
6.257449626922607422e+00
6.140763759613037109e+00
6.124093532562255859e+00
6.121132850646972656e+00
6.072080135345458984e+00
6.081922054290771484e+00
6.048699378967285156e+00
6.159597873687744141e+00
6.129303932189941406e+00
6.065565109252929688e+00
6.069363117218017578e+00
6.049077033996582031e+00
6.044671535491943359e+00
6.187414169311523438e+00
6.094421386718750000e+00
6.077694416046142578e+00
6.120389938354492188e+00
5.990385532379150391e+00
6.030637741088867188e+00
6.000944137573242188e+00
6.176757335662841797e+00
6.075476646423339844e+00
6.136925697326660156e+00
6.053448200225830078e+00
6.172183513641357422e+00
6.119316577911376953e+00
5.982097148895263672e+00
6.170320510864257812e+00
6.303214550018310547e+00
6.123157024383544922e+00
5.998550415039062500e+00
6.149042606353759766e+00
6.100712299346923828e+00
6.211030960083007812e+00
6.177084445953369141e+00
6.019343376159667969e+00
6.036939620971679688e+00
6.068420410156250000e+00
5.913174629211425781e+00
6.242723464965820312e+00
6.023461818695068359e+00
6.097279548645019531e+00
6.056179046630859375e+00
6.057782649993896484e+00
6.064873695373535156e+00
6.020342826843261719e+00
6.044267654418945312e+00
6.087310791015625000e+00
6.274461746215820312e+00
6.024768829345703125e+00
6.120207786560058594e+00
6.099020481109619141e+00
6.252340793609619141e+00
6.073304176330566406e+00
5.935288429260253906e+00
6.065672874450683594e+00
6.033844947814941406e+00
6.123554229736328125e+00
6.004168510437011719e+00
6.083713054656982422e+00
6.024856090545654297e+00
6.062228202819824219e+00
6.009797096252441406e+00
6.175844192504882812e+00
6.061149597167968750e+00
5.995135784149169922e+00
6.086272716522216797e+00
6.029363632202148438e+00
5.963224887847900391e+00
6.068327903747558594e+00
5.990437984466552734e+00
6.150589942932128906e+00
6.001881122589111328e+00
5.999626159667968750e+00
6.153443336486816406e+00
6.092182159423828125e+00
6.146063327789306641e+00
6.200121879577636719e+00
6.036002159118652344e+00
6.018483161926269531e+00
6.020088195800781250e+00
5.957513809204101562e+00
6.075081825256347656e+00
6.105492591857910156e+00
5.996037006378173828e+00
6.049048423767089844e+00
5.985196590423583984e+00
6.125413894653320312e+00
6.004204750061035156e+00
6.127454280853271484e+00
6.010684013366699219e+00
6.078285217285156250e+00
6.059944629669189453e+00
6.013950347900390625e+00
6.004653453826904297e+00
6.127425193786621094e+00
6.077312469482421875e+00
6.056274414062500000e+00
5.939411163330078125e+00
6.031851768493652344e+00
6.098777770996093750e+00
6.171274185180664062e+00
5.984042167663574219e+00
6.136595726013183594e+00
6.083159923553466797e+00
6.149321556091308594e+00
5.951635360717773438e+00
6.148640155792236328e+00
6.086489677429199219e+00
6.001856327056884766e+00
5.965665817260742188e+00
6.065734386444091797e+00
6.088425159454345703e+00
6.073824405670166016e+00
6.215003013610839844e+00
6.059011459350585938e+00
6.111037731170654297e+00
6.014071941375732422e+00
5.953369617462158203e+00
6.022520542144775391e+00
6.009016036987304688e+00
6.142363071441650391e+00
6.102649688720703125e+00
5.982894897460937500e+00
6.202896118164062500e+00
5.981571674346923828e+00
5.959699630737304688e+00
6.048995018005371094e+00
6.073975086212158203e+00
6.071101188659667969e+00
6.122673988342285156e+00
6.057118415832519531e+00
5.944616317749023438e+00
6.068356037139892578e+00
6.106480121612548828e+00
6.000683307647705078e+00
6.075675487518310547e+00
5.991883754730224609e+00
6.023941516876220703e+00
6.043926239013671875e+00
6.023330688476562500e+00
6.050666809082031250e+00
5.956536293029785156e+00
6.116431713104248047e+00
6.016994476318359375e+00
6.055949211120605469e+00
6.072912216186523438e+00
6.076137065887451172e+00
5.958685874938964844e+00
6.000793457031250000e+00
5.908260345458984375e+00
6.057969093322753906e+00
6.022668838500976562e+00
6.017766952514648438e+00
6.018929481506347656e+00
6.132872581481933594e+00
6.033893108367919922e+00
6.015949726104736328e+00
6.043619155883789062e+00
5.953063964843750000e+00
6.029842376708984375e+00
6.156597614288330078e+00
5.950318336486816406e+00
6.004130840301513672e+00
5.964147090911865234e+00
6.105401039123535156e+00
6.041429519653320312e+00
5.964679718017578125e+00
6.031515121459960938e+00
6.093303680419921875e+00
6.098338127136230469e+00
5.966066837310791016e+00
6.187504291534423828e+00
5.898979187011718750e+00
5.916857719421386719e+00
5.989056110382080078e+00
5.923033714294433594e+00
5.897714614868164062e+00
5.984976291656494141e+00
5.977977275848388672e+00
5.978730201721191406e+00
6.012525558471679688e+00
5.883958339691162109e+00
6.166575908660888672e+00
5.946129798889160156e+00
5.963973999023437500e+00
6.039823055267333984e+00
5.906033515930175781e+00
5.926501274108886719e+00
6.048425674438476562e+00
5.948538303375244141e+00
6.123490333557128906e+00
6.017741203308105469e+00
6.067808628082275391e+00
5.896494388580322266e+00
6.027978897094726562e+00
5.929067611694335938e+00
6.031124114990234375e+00
5.980804920196533203e+00
6.070970535278320312e+00
5.894846916198730469e+00
5.968146324157714844e+00
5.946202278137207031e+00
5.937450408935546875e+00
5.988316059112548828e+00
5.949261665344238281e+00
6.113501548767089844e+00
6.002746105194091797e+00
5.958127021789550781e+00
6.112647533416748047e+00
5.939803123474121094e+00
5.984475135803222656e+00
5.888326644897460938e+00
5.928307056427001953e+00
5.884949684143066406e+00
5.923217773437500000e+00
5.910878658294677734e+00
6.022104263305664062e+00
6.038413524627685547e+00
5.998438835144042969e+00
6.067974090576171875e+00
6.158181190490722656e+00
6.059905529022216797e+00
5.918820858001708984e+00
5.979609966278076172e+00
6.078393936157226562e+00
6.089139938354492188e+00
6.022424697875976562e+00
5.956492424011230469e+00
5.954236030578613281e+00
6.042598247528076172e+00
6.238562107086181641e+00
5.933801651000976562e+00
6.026963233947753906e+00
5.963611125946044922e+00
6.205790042877197266e+00
5.928064346313476562e+00
5.984929084777832031e+00
6.006282329559326172e+00
5.997559070587158203e+00
5.894939422607421875e+00
5.934366226196289062e+00
5.959901809692382812e+00
6.082792758941650391e+00
5.907055377960205078e+00
6.051538467407226562e+00
6.138170242309570312e+00
6.054374694824218750e+00
5.881615638732910156e+00
6.033330917358398438e+00
5.941617012023925781e+00
5.863306999206542969e+00
6.074618339538574219e+00
5.868124485015869141e+00
6.152849197387695312e+00
5.988543510437011719e+00
5.893886566162109375e+00
5.965531349182128906e+00
6.136374473571777344e+00
5.952858924865722656e+00
5.929205417633056641e+00
5.903828620910644531e+00
5.897684574127197266e+00
5.936898231506347656e+00
6.013430118560791016e+00
5.955374240875244141e+00
6.037227630615234375e+00
5.981345176696777344e+00
5.948872566223144531e+00
6.012955665588378906e+00
5.972930908203125000e+00
5.947113990783691406e+00
5.912899017333984375e+00
6.050576210021972656e+00
5.892105102539062500e+00
6.051730155944824219e+00
5.929223060607910156e+00
5.989093780517578125e+00
5.929932594299316406e+00
6.038270950317382812e+00
5.941565513610839844e+00
5.976523399353027344e+00
5.981039524078369141e+00
5.932974815368652344e+00
5.956806182861328125e+00
5.877690315246582031e+00
5.891889095306396484e+00
5.990053176879882812e+00
6.009606361389160156e+00
5.864681243896484375e+00
6.038259506225585938e+00
6.003529548645019531e+00
5.894679546356201172e+00
5.981183528900146484e+00
5.982848644256591797e+00
5.969721317291259766e+00
6.114006996154785156e+00
5.991686820983886719e+00
6.005594730377197266e+00
5.926946640014648438e+00
5.915278434753417969e+00
6.027282714843750000e+00
5.890428066253662109e+00
5.910136699676513672e+00
6.077828407287597656e+00
5.871147632598876953e+00
6.016066551208496094e+00
5.926835060119628906e+00
6.097082614898681641e+00
5.974519729614257812e+00
5.967275619506835938e+00
5.920134067535400391e+00
5.985970497131347656e+00
6.110580444335937500e+00
5.998120784759521484e+00
5.937438964843750000e+00
5.844612121582031250e+00
5.974263191223144531e+00
5.932886600494384766e+00
6.103516101837158203e+00
5.997158050537109375e+00
5.948558807373046875e+00
5.957222938537597656e+00
5.947322368621826172e+00
5.948959827423095703e+00
5.965747833251953125e+00
5.918451309204101562e+00
5.994771957397460938e+00
6.035504341125488281e+00
5.893842220306396484e+00
6.074324607849121094e+00
6.034417152404785156e+00
5.976179122924804688e+00
5.961564540863037109e+00
6.076209068298339844e+00
5.981905937194824219e+00
5.886436462402343750e+00
6.175563812255859375e+00
6.001457214355468750e+00
6.041123390197753906e+00
5.911496162414550781e+00
5.912869453430175781e+00
5.962787628173828125e+00
5.934981822967529297e+00
6.049989223480224609e+00
5.953061103820800781e+00
5.881614685058593750e+00
6.013654232025146484e+00
5.984542369842529297e+00
6.094855785369873047e+00
5.965913772583007812e+00
5.962985038757324219e+00
5.832152366638183594e+00
5.957308769226074219e+00
6.206319332122802734e+00
6.004035949707031250e+00
5.972051620483398438e+00
5.986253261566162109e+00
5.943526268005371094e+00
5.925758838653564453e+00
5.957205772399902344e+00
5.950921535491943359e+00
5.946593284606933594e+00
5.916577816009521484e+00
6.024865627288818359e+00
5.966947555541992188e+00
5.897083282470703125e+00
6.003694534301757812e+00
5.895692825317382812e+00
5.848399162292480469e+00
5.977969646453857422e+00
6.005659580230712891e+00
6.009169578552246094e+00
5.904933452606201172e+00
5.925909996032714844e+00
5.975206375122070312e+00
5.961128234863281250e+00
5.907075881958007812e+00
5.884718418121337891e+00
5.925354003906250000e+00
5.997949600219726562e+00
5.901594161987304688e+00
5.944304466247558594e+00
6.001010894775390625e+00
5.852006912231445312e+00
5.910898208618164062e+00
5.944867610931396484e+00
5.986540794372558594e+00
5.971039295196533203e+00
5.848804950714111328e+00
5.988142967224121094e+00
5.988004684448242188e+00
5.923255443572998047e+00
5.940688133239746094e+00
5.891633033752441406e+00
5.913076400756835938e+00
5.987962722778320312e+00
6.068503856658935547e+00
5.932587623596191406e+00
5.958018302917480469e+00
5.950642108917236328e+00
6.037450790405273438e+00
5.907429695129394531e+00
5.851321697235107422e+00
5.969903469085693359e+00
5.889255046844482422e+00
5.919619560241699219e+00
5.935377597808837891e+00
5.875491619110107422e+00
5.974741935729980469e+00
5.949794292449951172e+00
5.924188613891601562e+00
5.939748764038085938e+00
5.946433544158935547e+00
5.895015239715576172e+00
5.910024642944335938e+00
6.097081661224365234e+00
5.977442741394042969e+00
5.849130153656005859e+00
5.893245220184326172e+00
5.891522407531738281e+00
5.867188453674316406e+00
6.005985736846923828e+00
5.937495231628417969e+00
5.936082839965820312e+00
5.906379222869873047e+00
5.952635288238525391e+00
5.892693519592285156e+00
5.898149490356445312e+00
5.902269363403320312e+00
5.949738502502441406e+00
6.003872871398925781e+00
5.876585960388183594e+00
5.894145488739013672e+00
5.936857700347900391e+00
6.051244735717773438e+00
6.017883777618408203e+00
6.218392372131347656e+00
5.907741546630859375e+00
5.938965797424316406e+00
5.968844413757324219e+00
5.915672302246093750e+00
5.894209861755371094e+00
5.819458961486816406e+00
5.942933559417724609e+00
6.057157516479492188e+00
6.058870315551757812e+00
5.924681186676025391e+00
6.018237113952636719e+00
5.852346420288085938e+00
5.991027832031250000e+00
5.994441986083984375e+00
6.026883602142333984e+00
6.192152500152587891e+00
5.968411445617675781e+00
6.008076667785644531e+00
5.888648986816406250e+00
6.036206245422363281e+00
5.956011295318603516e+00
5.940864562988281250e+00
6.044517040252685547e+00
5.914166927337646484e+00
6.048209190368652344e+00
5.950273036956787109e+00
5.942454814910888672e+00
5.963034152984619141e+00
6.088813781738281250e+00
6.066523551940917969e+00
5.980990886688232422e+00
6.006260871887207031e+00
5.842924594879150391e+00
5.954551219940185547e+00
5.887125968933105469e+00
5.913363456726074219e+00
5.887378692626953125e+00
5.984604835510253906e+00
5.851143836975097656e+00
5.956523895263671875e+00
5.851808071136474609e+00
5.878914356231689453e+00
5.920098304748535156e+00
5.922787666320800781e+00
5.914395332336425781e+00
6.055695533752441406e+00
5.969341754913330078e+00
5.944854736328125000e+00
5.915110111236572266e+00
5.921725273132324219e+00
5.842298507690429688e+00
5.969729900360107422e+00
5.930394172668457031e+00
5.907270431518554688e+00
5.860507965087890625e+00
5.881998062133789062e+00
5.908179759979248047e+00
5.831683635711669922e+00
5.799932479858398438e+00
5.967828750610351562e+00
6.012369155883789062e+00
5.890608787536621094e+00
6.008207321166992188e+00
5.900932788848876953e+00
5.868901252746582031e+00
5.920027256011962891e+00
5.988635063171386719e+00
5.865370750427246094e+00
5.882579803466796875e+00
5.834218502044677734e+00
5.931837081909179688e+00
5.932973861694335938e+00
5.882068634033203125e+00
5.927877426147460938e+00
5.929043292999267578e+00
5.847744464874267578e+00
6.029504776000976562e+00
5.837743282318115234e+00
6.221721172332763672e+00
5.893100738525390625e+00
6.074364662170410156e+00
5.939547538757324219e+00
5.982359409332275391e+00
6.007658004760742188e+00
5.980397224426269531e+00
5.863923549652099609e+00
6.077413558959960938e+00
6.012532234191894531e+00
5.938238143920898438e+00
5.981991767883300781e+00
5.912456512451171875e+00
5.881946563720703125e+00
5.973878860473632812e+00
5.895637989044189453e+00
5.883484840393066406e+00
5.947725296020507812e+00
5.842472076416015625e+00
5.825834751129150391e+00
5.960134506225585938e+00
5.862037181854248047e+00
6.017798423767089844e+00
6.027750968933105469e+00
6.069720268249511719e+00
5.928707122802734375e+00
6.124847412109375000e+00
5.848426818847656250e+00
5.919594764709472656e+00
5.854459285736083984e+00
6.041427612304687500e+00
5.957903385162353516e+00
5.911164760589599609e+00
5.862651824951171875e+00
5.898840904235839844e+00
5.953178882598876953e+00
5.939496517181396484e+00
5.978630065917968750e+00
5.773589611053466797e+00
5.948871612548828125e+00
5.887654304504394531e+00
5.887615203857421875e+00
5.849496841430664062e+00
6.084194660186767578e+00
5.934347152709960938e+00
5.893886089324951172e+00
5.958670616149902344e+00
5.851347923278808594e+00
5.900683879852294922e+00
5.860714912414550781e+00
5.827619075775146484e+00
5.934587955474853516e+00
5.970094203948974609e+00
5.885375976562500000e+00
5.851161003112792969e+00
5.841235637664794922e+00
5.901077270507812500e+00
5.977149963378906250e+00
5.828724861145019531e+00
5.892228126525878906e+00
5.875148296356201172e+00
5.874592304229736328e+00
5.909663200378417969e+00
5.938757896423339844e+00
5.893456459045410156e+00
5.825127124786376953e+00
5.889780044555664062e+00
6.073154926300048828e+00
5.958137512207031250e+00
5.999184608459472656e+00
5.930738925933837891e+00
6.049835205078125000e+00
5.891470909118652344e+00
5.967044830322265625e+00
5.953425407409667969e+00
5.992111206054687500e+00
6.008571147918701172e+00
6.010803222656250000e+00
5.905490875244140625e+00
6.023274421691894531e+00
5.888180732727050781e+00
5.876323699951171875e+00
5.951457500457763672e+00
5.785104274749755859e+00
5.972373485565185547e+00
6.000169277191162109e+00
6.090005874633789062e+00
5.830277919769287109e+00
5.840404510498046875e+00
5.807370662689208984e+00
5.961698055267333984e+00
5.873712539672851562e+00
5.912710666656494141e+00
5.799590110778808594e+00
5.955050468444824219e+00
5.974627017974853516e+00
6.020521163940429688e+00
6.102392196655273438e+00
6.057615280151367188e+00
5.980707645416259766e+00
5.957236289978027344e+00
5.891000270843505859e+00
6.004462242126464844e+00
5.899024963378906250e+00
5.919092178344726562e+00
5.963472366333007812e+00
5.890856742858886719e+00
5.936406135559082031e+00
5.848325729370117188e+00
5.864046096801757812e+00
5.881299972534179688e+00
5.887045383453369141e+00
5.887823104858398438e+00
5.898193836212158203e+00
5.928914070129394531e+00
5.958971023559570312e+00
5.953742980957031250e+00
5.853579521179199219e+00
6.093197822570800781e+00
5.950391769409179688e+00
5.908028125762939453e+00
5.955060482025146484e+00
5.844948768615722656e+00
5.913581371307373047e+00
6.006643772125244141e+00
5.933948993682861328e+00
5.928619384765625000e+00
5.850179195404052734e+00
5.973662376403808594e+00
6.071709156036376953e+00
5.937913894653320312e+00
5.922525405883789062e+00
5.922839641571044922e+00
5.893871307373046875e+00
5.884747028350830078e+00
6.013625144958496094e+00
5.873970031738281250e+00
5.883751869201660156e+00
5.962950706481933594e+00
5.887152671813964844e+00
5.888153553009033203e+00
5.978083610534667969e+00
5.812365531921386719e+00
5.900310516357421875e+00
5.881546497344970703e+00
5.874946594238281250e+00
6.036822319030761719e+00
5.945552825927734375e+00
5.928997993469238281e+00
5.942396163940429688e+00
5.931284427642822266e+00
5.931694984436035156e+00
5.886883735656738281e+00
5.920712471008300781e+00
6.058238983154296875e+00
5.849214553833007812e+00
5.966377258300781250e+00
6.146857261657714844e+00
5.919058799743652344e+00
5.912161350250244141e+00
6.004403591156005859e+00
5.906853675842285156e+00
5.953750610351562500e+00
5.966034889221191406e+00
6.138336658477783203e+00
5.864414691925048828e+00
5.839201450347900391e+00
6.004096508026123047e+00
5.897062301635742188e+00
5.891633510589599609e+00
5.927206993103027344e+00
6.063739776611328125e+00
5.895647048950195312e+00
5.971466064453125000e+00
5.899968624114990234e+00
5.926151752471923828e+00
5.882859230041503906e+00
5.920429229736328125e+00
5.807856559753417969e+00
6.089568614959716797e+00
5.913872241973876953e+00
5.819895267486572266e+00
5.903821945190429688e+00
6.100917816162109375e+00
5.889975547790527344e+00
5.914189338684082031e+00
5.977795600891113281e+00
5.837315082550048828e+00
5.964671611785888672e+00
5.863509178161621094e+00
5.846061229705810547e+00
6.040407657623291016e+00
5.833498001098632812e+00
5.979374885559082031e+00
5.905148506164550781e+00
5.886749267578125000e+00
5.851672649383544922e+00
5.953654766082763672e+00
5.899772644042968750e+00
5.889239311218261719e+00
5.931294918060302734e+00
5.861559867858886719e+00
5.995817184448242188e+00
6.040730953216552734e+00
5.829731941223144531e+00
6.025353431701660156e+00
5.982820510864257812e+00
5.794266223907470703e+00
5.948781013488769531e+00
6.046676635742187500e+00
5.898266315460205078e+00
5.927457809448242188e+00
5.946354866027832031e+00
5.915598869323730469e+00
6.023678302764892578e+00
5.817872047424316406e+00
5.811239242553710938e+00
6.050141334533691406e+00
5.890280246734619141e+00
5.946041584014892578e+00
5.891506195068359375e+00
5.860710144042968750e+00
5.858956336975097656e+00
5.977566719055175781e+00
5.983608245849609375e+00
5.962990283966064453e+00
5.900380134582519531e+00
5.923891067504882812e+00
5.889352798461914062e+00
5.972237110137939453e+00
5.890872001647949219e+00
5.842764854431152344e+00
5.874542713165283203e+00
5.877663612365722656e+00
5.896198749542236328e+00
5.896550178527832031e+00
5.922821998596191406e+00
5.979456424713134766e+00
5.862147808074951172e+00
5.826078891754150391e+00
6.077325344085693359e+00
5.893241882324218750e+00
5.922115325927734375e+00
5.892031669616699219e+00
5.891419410705566406e+00
5.974975585937500000e+00
5.840653419494628906e+00
5.937019824981689453e+00
5.909711837768554688e+00
5.861859798431396484e+00
5.816393852233886719e+00
5.905525207519531250e+00
5.933221340179443359e+00
5.891291618347167969e+00
5.989456176757812500e+00
5.871313571929931641e+00
5.867694377899169922e+00
5.912752151489257812e+00
5.896734237670898438e+00
6.115767002105712891e+00
5.878070831298828125e+00
6.133282661437988281e+00
5.925687789916992188e+00
5.809066772460937500e+00
5.918424129486083984e+00
5.887908935546875000e+00
5.910966873168945312e+00
5.825542449951171875e+00
5.943892002105712891e+00
5.913813591003417969e+00
6.030615806579589844e+00
5.916828155517578125e+00
6.018226146697998047e+00
5.997171401977539062e+00
5.848133087158203125e+00
5.975307941436767578e+00
5.872925281524658203e+00
5.902502059936523438e+00
6.059950828552246094e+00
5.902826309204101562e+00
5.819767475128173828e+00
5.903795719146728516e+00
5.956320285797119141e+00
5.800086021423339844e+00
6.004975795745849609e+00
5.877857208251953125e+00
5.842952728271484375e+00
5.829182624816894531e+00
5.878664016723632812e+00
5.933834552764892578e+00
5.897539138793945312e+00
5.965942859649658203e+00
6.002431869506835938e+00
5.889354705810546875e+00
5.896710872650146484e+00
5.971828460693359375e+00
5.848845005035400391e+00
5.947463035583496094e+00
5.880149841308593750e+00
5.883006572723388672e+00
5.920989513397216797e+00
5.876999378204345703e+00
5.803268432617187500e+00
5.993360042572021484e+00
5.813545227050781250e+00
5.912987232208251953e+00
5.830135345458984375e+00
5.853039741516113281e+00
5.928209781646728516e+00
5.872255802154541016e+00
5.922614097595214844e+00
5.870761871337890625e+00
5.953439235687255859e+00
5.923241615295410156e+00
6.074080467224121094e+00
5.847544193267822266e+00
5.864091396331787109e+00
5.840798854827880859e+00
5.809164047241210938e+00
5.827383995056152344e+00
5.873930454254150391e+00
5.925406932830810547e+00
5.920850276947021484e+00
6.053904533386230469e+00
5.821804523468017578e+00
5.912520408630371094e+00
5.880513191223144531e+00
5.912805557250976562e+00
6.131127357482910156e+00
5.919195652008056641e+00
5.883527278900146484e+00
5.876583576202392578e+00
5.930250167846679688e+00
6.099890708923339844e+00
5.951895236968994141e+00
6.034751415252685547e+00
5.935182571411132812e+00
5.875310420989990234e+00
6.030556201934814453e+00
5.840165138244628906e+00
5.825269699096679688e+00
5.942681312561035156e+00
5.855349063873291016e+00
5.809635162353515625e+00
5.856002807617187500e+00
5.923677444458007812e+00
5.957816123962402344e+00
5.909996986389160156e+00
5.794701576232910156e+00
5.817952632904052734e+00
5.823689460754394531e+00
5.900032043457031250e+00
5.863878250122070312e+00
6.050632476806640625e+00
5.897936820983886719e+00
5.801388740539550781e+00
5.775888919830322266e+00
6.024410247802734375e+00
5.821670532226562500e+00
5.999000549316406250e+00
5.932746410369873047e+00
5.852181911468505859e+00
5.872566223144531250e+00
5.810833930969238281e+00
5.812992572784423828e+00
5.986570358276367188e+00
5.989511966705322266e+00
6.006884098052978516e+00
5.825638771057128906e+00
5.937021255493164062e+00
5.875651359558105469e+00
6.090167999267578125e+00
5.865991115570068359e+00
5.870251655578613281e+00
