6.852300167083740234e+00
6.633752346038818359e+00
6.443184852600097656e+00
6.438401222229003906e+00
6.273319721221923828e+00
6.299339294433593750e+00
6.136973857879638672e+00
6.255460262298583984e+00
6.138384342193603516e+00
6.224563121795654297e+00
6.161876201629638672e+00
6.129326343536376953e+00
6.029179573059082031e+00
6.069614410400390625e+00
6.131103992462158203e+00
6.095271587371826172e+00
6.084461688995361328e+00
5.996655464172363281e+00
6.001531600952148438e+00
6.037432193756103516e+00
5.978101730346679688e+00
5.973965644836425781e+00
6.041563987731933594e+00
5.908441066741943359e+00
6.150987625122070312e+00
6.001084327697753906e+00
5.921557426452636719e+00
6.070831775665283203e+00
5.936949729919433594e+00
6.041389942169189453e+00
6.045678138732910156e+00
5.995128631591796875e+00
5.846736907958984375e+00
6.040618896484375000e+00
6.036527156829833984e+00
5.937624931335449219e+00
5.858004093170166016e+00
5.831295013427734375e+00
6.052487373352050781e+00
5.844399452209472656e+00
5.887141704559326172e+00
5.811475276947021484e+00
5.916726112365722656e+00
6.069873332977294922e+00
6.217298030853271484e+00
5.883864402770996094e+00
5.984073638916015625e+00
5.869384765625000000e+00
6.035203933715820312e+00
5.934933662414550781e+00
5.867691993713378906e+00
5.851929664611816406e+00
5.866731166839599609e+00
5.879605770111083984e+00
5.882321357727050781e+00
5.766383171081542969e+00
5.862704277038574219e+00
5.830574035644531250e+00
5.784230709075927734e+00
5.789170265197753906e+00
5.765600681304931641e+00
5.817741870880126953e+00
5.868701457977294922e+00
5.816199302673339844e+00
5.798263549804687500e+00
5.762881755828857422e+00
5.723659038543701172e+00
5.813087463378906250e+00
5.770609855651855469e+00
5.863995552062988281e+00
5.834671497344970703e+00
5.819400310516357422e+00
5.813237190246582031e+00
5.792119503021240234e+00
5.885082721710205078e+00
5.851719856262207031e+00
5.764992713928222656e+00
5.741280555725097656e+00
5.797780990600585938e+00
5.773780345916748047e+00
5.823410511016845703e+00
5.791207790374755859e+00
5.986298561096191406e+00
5.819195270538330078e+00
5.937887191772460938e+00
5.840618610382080078e+00
5.771621704101562500e+00
5.787343502044677734e+00
5.830950736999511719e+00
5.781706809997558594e+00
5.699470996856689453e+00
5.911938667297363281e+00
5.684659004211425781e+00
5.671313285827636719e+00
5.740943908691406250e+00
5.764513969421386719e+00
5.744269371032714844e+00
5.710150718688964844e+00
5.716959476470947266e+00
5.789384841918945312e+00
5.677803039550781250e+00
5.781199932098388672e+00
5.634744644165039062e+00
5.738823890686035156e+00
5.779839515686035156e+00
5.826755046844482422e+00
5.870321750640869141e+00
5.694402694702148438e+00
5.649572372436523438e+00
5.757101058959960938e+00
5.782394409179687500e+00
5.734118461608886719e+00
5.894547462463378906e+00
5.698293685913085938e+00
5.722368240356445312e+00
5.752364158630371094e+00
5.809041023254394531e+00
5.857946872711181641e+00
5.676551342010498047e+00
5.681932926177978516e+00
5.728236198425292969e+00
5.893829345703125000e+00
5.805757045745849609e+00
5.691982269287109375e+00
5.669356822967529297e+00
5.785010337829589844e+00
5.838839530944824219e+00
6.030572891235351562e+00
5.727715969085693359e+00
5.802989482879638672e+00
5.823484897613525391e+00
5.861754417419433594e+00
5.718143463134765625e+00
5.778033256530761719e+00
5.750308990478515625e+00
5.718092441558837891e+00
5.837954044342041016e+00
5.848649501800537109e+00
5.729981899261474609e+00
5.866113185882568359e+00
5.734465122222900391e+00
5.621891021728515625e+00
5.748691558837890625e+00
5.654782295227050781e+00
5.611308097839355469e+00
5.761938095092773438e+00
5.725240230560302734e+00
5.637084484100341797e+00
5.848796844482421875e+00
5.631571769714355469e+00
5.799649715423583984e+00
5.759384632110595703e+00
5.698351383209228516e+00
5.768571853637695312e+00
5.620603561401367188e+00
5.729986190795898438e+00
5.816654205322265625e+00
5.635860443115234375e+00
5.609674453735351562e+00
5.827411651611328125e+00
5.612437248229980469e+00
5.709120273590087891e+00
5.654333114624023438e+00
5.687273025512695312e+00
5.812520503997802734e+00
5.714205265045166016e+00
5.789813518524169922e+00
5.754521846771240234e+00
6.347461700439453125e+00
5.650417804718017578e+00
5.694702148437500000e+00
5.923469543457031250e+00
5.721438407897949219e+00
5.751588821411132812e+00
5.744294166564941406e+00
5.750999450683593750e+00
5.782799243927001953e+00
5.723703861236572266e+00
5.719801902770996094e+00
5.872174263000488281e+00
5.780775070190429688e+00
5.776106357574462891e+00
5.638992309570312500e+00
5.625763416290283203e+00
5.684933185577392578e+00
5.713310241699218750e+00
5.902377128601074219e+00
5.691454887390136719e+00
5.752755165100097656e+00
5.813431262969970703e+00
5.724193096160888672e+00
5.761868953704833984e+00
5.620767116546630859e+00
5.689119815826416016e+00
5.676505088806152344e+00
5.679179191589355469e+00
5.786951065063476562e+00
5.667214393615722656e+00
5.725824356079101562e+00
5.617272377014160156e+00
5.609192371368408203e+00
5.599287509918212891e+00
5.760257720947265625e+00
5.974900245666503906e+00
5.746836662292480469e+00
5.629644870758056641e+00
5.562108039855957031e+00
5.631627082824707031e+00
5.603115081787109375e+00
5.681816577911376953e+00
5.750830650329589844e+00
5.736804485321044922e+00
5.654553413391113281e+00
5.691498756408691406e+00
5.706412315368652344e+00
5.757502555847167969e+00
5.708507537841796875e+00
5.699474334716796875e+00
5.605739593505859375e+00
5.617061138153076172e+00
5.705158233642578125e+00
6.002340793609619141e+00
5.684758186340332031e+00
5.635513305664062500e+00
5.697850227355957031e+00
5.671028137207031250e+00
5.702250957489013672e+00
5.711289405822753906e+00
5.770250320434570312e+00
5.839882373809814453e+00
5.587216377258300781e+00
5.604455947875976562e+00
5.736595630645751953e+00
5.665536403656005859e+00
5.809984683990478516e+00
5.768574237823486328e+00
5.704013824462890625e+00
5.663362026214599609e+00
5.590221405029296875e+00
5.646016120910644531e+00
5.724880218505859375e+00
5.706079483032226562e+00
5.706161499023437500e+00
5.641347885131835938e+00
5.713963985443115234e+00
5.672142505645751953e+00
5.732567787170410156e+00
5.694931983947753906e+00
5.694529056549072266e+00
5.617199420928955078e+00
5.650574207305908203e+00
5.696650028228759766e+00
5.700382232666015625e+00
5.836064338684082031e+00
5.838685035705566406e+00
5.659651756286621094e+00
5.646803855895996094e+00
5.597187042236328125e+00
5.679518699645996094e+00
5.696896076202392578e+00
5.637978553771972656e+00
5.598568916320800781e+00
5.645987987518310547e+00
5.819962501525878906e+00
5.703565597534179688e+00
5.631565570831298828e+00
5.694860935211181641e+00
5.757587432861328125e+00
5.698281288146972656e+00
5.711090087890625000e+00
5.647049427032470703e+00
5.622015476226806641e+00
5.623601913452148438e+00
5.592916488647460938e+00
5.798440456390380859e+00
5.688729286193847656e+00
5.606484413146972656e+00
5.709285736083984375e+00
5.597287654876708984e+00
5.698822975158691406e+00
5.672642707824707031e+00
5.806061744689941406e+00
5.701313972473144531e+00
5.941053390502929688e+00
5.573780536651611328e+00
5.721107959747314453e+00
5.623138427734375000e+00
5.625840187072753906e+00
5.689600944519042969e+00
5.510332584381103516e+00
5.591872215270996094e+00
5.613306045532226562e+00
5.557957172393798828e+00
5.671041488647460938e+00
5.546454429626464844e+00
5.586431980133056641e+00
5.683039665222167969e+00
5.611475467681884766e+00
5.654045581817626953e+00
5.578736305236816406e+00
5.744297504425048828e+00
5.689143657684326172e+00
5.583660602569580078e+00
5.599004745483398438e+00
5.666728019714355469e+00
5.832933425903320312e+00
5.638933181762695312e+00
5.538975715637207031e+00
5.696499824523925781e+00
5.783875465393066406e+00
5.565666198730468750e+00
5.701465606689453125e+00
5.727094650268554688e+00
5.610670566558837891e+00
5.891366958618164062e+00
5.596628189086914062e+00
5.619897842407226562e+00
5.676356315612792969e+00
5.803370475769042969e+00
5.617533683776855469e+00
5.649524688720703125e+00
5.620814323425292969e+00
5.566019535064697266e+00
5.664033889770507812e+00
5.708745479583740234e+00
5.591963768005371094e+00
5.576324462890625000e+00
5.592444896697998047e+00
5.521051883697509766e+00
5.898742675781250000e+00
5.763320922851562500e+00
5.666810035705566406e+00
5.682890415191650391e+00
5.689341545104980469e+00
5.631155967712402344e+00
5.512756347656250000e+00
5.604566097259521484e+00
5.917859077453613281e+00
5.640796661376953125e+00
5.605962276458740234e+00
5.627707004547119141e+00
5.701310157775878906e+00
5.605688095092773438e+00
5.611919403076171875e+00
5.660406112670898438e+00
5.553424835205078125e+00
5.783291816711425781e+00
5.568666934967041016e+00
5.678995609283447266e+00
5.897145748138427734e+00
5.795163631439208984e+00
5.787493228912353516e+00
5.623576164245605469e+00
5.716107368469238281e+00
5.610604286193847656e+00
5.612759590148925781e+00
5.673957824707031250e+00
5.653584957122802734e+00
5.571511745452880859e+00
5.655064105987548828e+00
5.769604206085205078e+00
5.660982131958007812e+00
5.627602100372314453e+00
5.657709598541259766e+00
5.586263656616210938e+00
5.730095863342285156e+00
5.570741653442382812e+00
5.664591312408447266e+00
5.599543571472167969e+00
5.630778312683105469e+00
5.684423923492431641e+00
5.619256973266601562e+00
5.745643615722656250e+00
5.642418861389160156e+00
5.794950008392333984e+00
5.681391239166259766e+00
5.847330093383789062e+00
5.693818092346191406e+00
5.661015033721923828e+00
5.570874214172363281e+00
5.645033836364746094e+00
5.516909599304199219e+00
5.579549789428710938e+00
5.529099941253662109e+00
5.633906364440917969e+00
5.748620986938476562e+00
5.587117671966552734e+00
5.587582111358642578e+00
5.593534469604492188e+00
5.707468509674072266e+00
5.730679512023925781e+00
5.585193634033203125e+00
5.557124137878417969e+00
5.617485046386718750e+00
5.610289096832275391e+00
5.534824848175048828e+00
5.518272876739501953e+00
5.722235679626464844e+00
5.779993534088134766e+00
5.508842468261718750e+00
5.632149696350097656e+00
5.608528614044189453e+00
5.616839408874511719e+00
5.568295001983642578e+00
5.717972278594970703e+00
5.595387935638427734e+00
5.649894714355468750e+00
5.594674587249755859e+00
5.718252182006835938e+00
5.709794044494628906e+00
5.534991741180419922e+00
5.580018520355224609e+00
5.622126579284667969e+00
5.728048324584960938e+00
5.603372573852539062e+00
5.508128166198730469e+00
5.557068824768066406e+00
5.673408508300781250e+00
5.637036323547363281e+00
5.898845672607421875e+00
5.649402618408203125e+00
5.556525707244873047e+00
5.565829753875732422e+00
5.624597549438476562e+00
5.545453071594238281e+00
5.517426490783691406e+00
5.724230766296386719e+00
5.621512413024902344e+00
5.683788776397705078e+00
5.623186111450195312e+00
5.611703872680664062e+00
5.652334213256835938e+00
5.679143428802490234e+00
5.805562019348144531e+00
5.634366989135742188e+00
5.588675498962402344e+00
5.568382740020751953e+00
5.563164234161376953e+00
5.631882190704345703e+00
5.567341804504394531e+00
5.703966617584228516e+00
5.674478530883789062e+00
5.828394412994384766e+00
5.569802761077880859e+00
5.613080978393554688e+00
5.537135124206542969e+00
5.745402812957763672e+00
5.683259010314941406e+00
5.615210533142089844e+00
5.454789161682128906e+00
5.678028583526611328e+00
5.570127487182617188e+00
5.587321281433105469e+00
5.570355892181396484e+00
5.693010807037353516e+00
5.569960117340087891e+00
5.684437751770019531e+00
5.519126892089843750e+00
5.729947090148925781e+00
5.575024604797363281e+00
5.592431068420410156e+00
5.503849029541015625e+00
5.621761798858642578e+00
5.536597251892089844e+00
5.542764663696289062e+00
5.554387092590332031e+00
5.569101333618164062e+00
5.564897537231445312e+00
5.560606479644775391e+00
5.507784843444824219e+00
5.557415962219238281e+00
5.663568496704101562e+00
5.589819431304931641e+00
5.579540729522705078e+00
5.538423538208007812e+00
5.664362907409667969e+00
5.567002773284912109e+00
5.660636901855468750e+00
5.676540374755859375e+00
5.720716476440429688e+00
5.596960544586181641e+00
5.614228248596191406e+00
5.640680313110351562e+00
5.716159343719482422e+00
5.622096061706542969e+00
5.661849498748779297e+00
5.738897800445556641e+00
5.678445816040039062e+00
5.639866352081298828e+00
5.574906349182128906e+00
5.662914276123046875e+00
5.564920425415039062e+00
5.581652641296386719e+00
5.719652652740478516e+00
5.555691719055175781e+00
5.696005821228027344e+00
5.477755546569824219e+00
5.629923820495605469e+00
5.591062545776367188e+00
5.537234306335449219e+00
5.555569171905517578e+00
5.505287170410156250e+00
5.567145347595214844e+00
5.615605831146240234e+00
5.527940750122070312e+00
5.585283756256103516e+00
5.576599597930908203e+00
5.766077041625976562e+00
5.773593902587890625e+00
5.613016128540039062e+00
5.727144241333007812e+00
5.638251304626464844e+00
5.491866111755371094e+00
5.501302719116210938e+00
5.752881050109863281e+00
5.545802593231201172e+00
5.702820777893066406e+00
5.884565353393554688e+00
5.678099632263183594e+00
5.774027824401855469e+00
5.631086349487304688e+00
5.664972305297851562e+00
5.522471427917480469e+00
5.642752647399902344e+00
5.611080169677734375e+00
5.512252807617187500e+00
5.643179893493652344e+00
5.737542152404785156e+00
5.681851387023925781e+00
5.569269180297851562e+00
5.580074787139892578e+00
5.552718162536621094e+00
5.650120258331298828e+00
5.718881607055664062e+00
5.594975471496582031e+00
5.594997406005859375e+00
5.613904476165771484e+00
5.670350074768066406e+00
5.560644626617431641e+00
5.667236328125000000e+00
5.551392078399658203e+00
5.590787887573242188e+00
5.632441520690917969e+00
5.552393436431884766e+00
5.536809444427490234e+00
5.483235359191894531e+00
5.521076679229736328e+00
5.565949440002441406e+00
5.666700363159179688e+00
5.586935043334960938e+00
5.552554130554199219e+00
5.547115325927734375e+00
5.516010284423828125e+00
5.642611026763916016e+00
5.509266853332519531e+00
5.575651645660400391e+00
5.677289485931396484e+00
5.566569328308105469e+00
5.538071632385253906e+00
5.525743961334228516e+00
5.595220565795898438e+00
5.597475051879882812e+00
5.953542709350585938e+00
5.538907051086425781e+00
5.600611209869384766e+00
5.587626457214355469e+00
5.525446891784667969e+00
5.817128181457519531e+00
5.571587562561035156e+00
5.668807983398437500e+00
5.550710201263427734e+00
5.614626407623291016e+00
5.709114074707031250e+00
5.696465015411376953e+00
5.633687973022460938e+00
5.654204845428466797e+00
5.697774410247802734e+00
5.601265907287597656e+00
5.557240486145019531e+00
5.504013061523437500e+00
5.542994499206542969e+00
5.483201980590820312e+00
5.553122520446777344e+00
5.871997833251953125e+00
5.466239929199218750e+00
5.676564216613769531e+00
5.890548229217529297e+00
5.555618286132812500e+00
5.623876571655273438e+00
5.638601303100585938e+00
5.604212760925292969e+00
5.497516632080078125e+00
5.564555168151855469e+00
5.543398380279541016e+00
5.492137432098388672e+00
5.737186431884765625e+00
5.565856933593750000e+00
5.599373817443847656e+00
5.609083652496337891e+00
5.640513420104980469e+00
5.526813983917236328e+00
5.535410881042480469e+00
5.691709995269775391e+00
5.531264305114746094e+00
5.570372104644775391e+00
5.515999794006347656e+00
5.603754997253417969e+00
5.548100948333740234e+00
5.512854099273681641e+00
5.772244453430175781e+00
5.575252056121826172e+00
5.598212718963623047e+00
5.698273658752441406e+00
5.568693637847900391e+00
5.560892581939697266e+00
5.538538455963134766e+00
5.628325462341308594e+00
5.716026782989501953e+00
5.610404968261718750e+00
5.730490684509277344e+00
5.524298667907714844e+00
5.482764244079589844e+00
5.751967906951904297e+00
5.620237350463867188e+00
5.667270183563232422e+00
5.654528617858886719e+00
5.449199199676513672e+00
5.598704814910888672e+00
5.532778739929199219e+00
5.763335704803466797e+00
5.627039432525634766e+00
5.620922088623046875e+00
5.576237678527832031e+00
5.595240116119384766e+00
5.564849853515625000e+00
5.761847496032714844e+00
5.558607101440429688e+00
5.517764568328857422e+00
5.688228607177734375e+00
5.594020843505859375e+00
5.629351615905761719e+00
5.589383125305175781e+00
5.542875289916992188e+00
5.548042297363281250e+00
5.560743808746337891e+00
5.715936183929443359e+00
5.603622436523437500e+00
5.518916130065917969e+00
5.611663341522216797e+00
5.501564025878906250e+00
5.603422641754150391e+00
5.566931724548339844e+00
5.602181911468505859e+00
5.524766921997070312e+00
5.687091827392578125e+00
5.664683818817138672e+00
5.519130229949951172e+00
5.680537223815917969e+00
5.644080162048339844e+00
5.557996749877929688e+00
5.570695877075195312e+00
5.559599399566650391e+00
5.546621799468994141e+00
5.590265750885009766e+00
5.519646167755126953e+00
5.560728073120117188e+00
5.519848346710205078e+00
5.582737922668457031e+00
5.584528446197509766e+00
5.597365856170654297e+00
5.512158870697021484e+00
5.798816204071044922e+00
5.614638328552246094e+00
5.657288074493408203e+00
5.541618347167968750e+00
5.549266338348388672e+00
5.590577602386474609e+00
5.590651035308837891e+00
5.470244407653808594e+00
5.609825134277343750e+00
5.737855911254882812e+00
5.534385204315185547e+00
5.528406620025634766e+00
5.611874103546142578e+00
5.575150012969970703e+00
5.552449226379394531e+00
5.467983245849609375e+00
5.560952186584472656e+00
5.566874027252197266e+00
5.532413482666015625e+00
5.598227977752685547e+00
5.511832714080810547e+00
5.542869567871093750e+00
5.598517417907714844e+00
5.566099166870117188e+00
5.536184310913085938e+00
5.489851951599121094e+00
5.644505500793457031e+00
5.527770519256591797e+00
5.631549835205078125e+00
5.555970668792724609e+00
5.557203769683837891e+00
5.731945991516113281e+00
5.623453140258789062e+00
5.541172504425048828e+00
5.510009288787841797e+00
5.600739002227783203e+00
5.554558753967285156e+00
5.519044876098632812e+00
5.683922767639160156e+00
5.512753963470458984e+00
5.590059757232666016e+00
5.499741554260253906e+00
5.636092662811279297e+00
5.621124267578125000e+00
5.509125709533691406e+00
5.698813915252685547e+00
5.610729217529296875e+00
5.557423591613769531e+00
5.465385437011718750e+00
5.473226547241210938e+00
5.635846138000488281e+00
5.634924888610839844e+00
5.623425483703613281e+00
5.564475059509277344e+00
5.486462593078613281e+00
5.794936656951904297e+00
5.596789360046386719e+00
5.695093631744384766e+00
5.673130989074707031e+00
5.604594707489013672e+00
5.532892227172851562e+00
5.605492115020751953e+00
5.491394996643066406e+00
5.500591278076171875e+00
5.682202339172363281e+00
5.619108200073242188e+00
5.588780403137207031e+00
5.584143638610839844e+00
5.570368289947509766e+00
5.511615276336669922e+00
5.637142658233642578e+00
5.584036350250244141e+00
5.655494213104248047e+00
5.583491802215576172e+00
5.518713951110839844e+00
5.568308830261230469e+00
5.660812377929687500e+00
5.590032577514648438e+00
5.586106300354003906e+00
5.660202026367187500e+00
5.526743888854980469e+00
5.605060577392578125e+00
5.561163425445556641e+00
5.662288188934326172e+00
5.827975749969482422e+00
5.558154582977294922e+00
5.639354228973388672e+00
5.616400718688964844e+00
5.603365421295166016e+00
5.534154891967773438e+00
5.555160999298095703e+00
5.637767791748046875e+00
5.584612846374511719e+00
5.771602630615234375e+00
5.685636043548583984e+00
5.552885055541992188e+00
5.604897499084472656e+00
5.509188652038574219e+00
5.515061378479003906e+00
5.504951000213623047e+00
5.468155384063720703e+00
5.539605140686035156e+00
5.681979179382324219e+00
5.498964786529541016e+00
5.490601539611816406e+00
5.465146064758300781e+00
5.628282070159912109e+00
5.546939373016357422e+00
5.523879528045654297e+00
5.629169464111328125e+00
5.581873893737792969e+00
5.568891525268554688e+00
5.608975410461425781e+00
5.652372360229492188e+00
5.555550575256347656e+00
5.521884441375732422e+00
5.688703536987304688e+00
5.720528602600097656e+00
5.592158317565917969e+00
5.540888786315917969e+00
5.643247127532958984e+00
5.679683685302734375e+00
5.573647975921630859e+00
5.644597053527832031e+00
5.505325794219970703e+00
5.528119087219238281e+00
5.458165168762207031e+00
5.679622650146484375e+00
5.580608844757080078e+00
5.543674468994140625e+00
5.514721870422363281e+00
5.593468666076660156e+00
5.603764533996582031e+00
5.567931175231933594e+00
5.587464809417724609e+00
5.533904075622558594e+00
5.636952400207519531e+00
5.562685966491699219e+00
5.536341667175292969e+00
5.551451683044433594e+00
5.559291839599609375e+00
5.485346794128417969e+00
5.552806377410888672e+00
5.565085411071777344e+00
5.545787811279296875e+00
5.659202098846435547e+00
5.517742633819580078e+00
5.569619655609130859e+00
5.612804889678955078e+00
5.622888088226318359e+00
5.482508659362792969e+00
5.569102764129638672e+00
5.523522853851318359e+00
5.542747020721435547e+00
5.600146293640136719e+00
5.586539268493652344e+00
5.733725070953369141e+00
5.483393669128417969e+00
5.585055828094482422e+00
5.596631526947021484e+00
5.572160720825195312e+00
5.588470458984375000e+00
5.558309555053710938e+00
5.699128627777099609e+00
5.623784065246582031e+00
5.535860538482666016e+00
5.571245193481445312e+00
5.590558052062988281e+00
5.606630325317382812e+00
5.509615898132324219e+00
5.582665920257568359e+00
5.532295227050781250e+00
5.599443912506103516e+00
5.548075199127197266e+00
5.626936912536621094e+00
5.567224502563476562e+00
5.565298080444335938e+00
5.522219657897949219e+00
5.666582107543945312e+00
5.532785415649414062e+00
5.589306831359863281e+00
5.680599212646484375e+00
5.557349205017089844e+00
5.589946746826171875e+00
5.641948699951171875e+00
5.839323997497558594e+00
5.547709941864013672e+00
5.587516784667968750e+00
5.610952377319335938e+00
5.508241653442382812e+00
5.480748176574707031e+00
5.505578041076660156e+00
5.562780857086181641e+00
5.555526733398437500e+00
5.554255485534667969e+00
5.515044212341308594e+00
5.658384323120117188e+00
5.580203056335449219e+00
5.604676723480224609e+00
5.585300445556640625e+00
5.584601879119873047e+00
5.737132072448730469e+00
5.592669963836669922e+00
5.506634712219238281e+00
5.615628242492675781e+00
5.475233554840087891e+00
5.592883110046386719e+00
5.732208728790283203e+00
5.513772964477539062e+00
5.611275672912597656e+00
5.493577957153320312e+00
5.537740230560302734e+00
5.460050106048583984e+00
5.608538150787353516e+00
5.601199150085449219e+00
5.563432693481445312e+00
5.535717010498046875e+00
5.555503845214843750e+00
5.539764404296875000e+00
5.516436100006103516e+00
5.501661777496337891e+00
5.525862693786621094e+00
5.512542247772216797e+00
5.484394073486328125e+00
5.619601249694824219e+00
5.598401546478271484e+00
5.635491371154785156e+00
5.674163341522216797e+00
5.539838314056396484e+00
5.492761611938476562e+00
5.480642795562744141e+00
5.525230407714843750e+00
5.697529315948486328e+00
5.538304328918457031e+00
5.631964683532714844e+00
5.598220348358154297e+00
5.786536216735839844e+00
5.549474716186523438e+00
5.539055824279785156e+00
5.507294654846191406e+00
5.529948234558105469e+00
5.588649272918701172e+00
5.565897464752197266e+00
5.491001129150390625e+00
5.529670238494873047e+00
5.591821193695068359e+00
5.519760131835937500e+00
5.545036315917968750e+00
5.578839778900146484e+00
5.511960983276367188e+00
5.519002914428710938e+00
5.505964279174804688e+00
5.523925304412841797e+00
5.493844032287597656e+00
5.649379253387451172e+00
5.605812072753906250e+00
5.594689369201660156e+00
5.523057460784912109e+00
5.510083198547363281e+00
5.610433578491210938e+00
5.502229690551757812e+00
5.601005554199218750e+00
5.725871086120605469e+00
5.601676940917968750e+00
5.584363937377929688e+00
5.466974258422851562e+00
5.521421432495117188e+00
5.506131649017333984e+00
5.571518421173095703e+00
5.487014293670654297e+00
5.596988201141357422e+00
5.445533752441406250e+00
5.478510856628417969e+00
5.551415920257568359e+00
5.512040615081787109e+00
5.528104782104492188e+00
5.456867218017578125e+00
5.485655784606933594e+00
5.590306758880615234e+00
5.524419784545898438e+00
5.573119163513183594e+00
5.522688865661621094e+00
5.501680374145507812e+00
5.584571361541748047e+00
5.614419937133789062e+00
5.539850234985351562e+00
5.588594436645507812e+00
5.623270988464355469e+00
5.523808479309082031e+00
5.522269725799560547e+00
5.684740066528320312e+00
5.528060913085937500e+00
5.502455711364746094e+00
5.654056549072265625e+00
5.514302253723144531e+00
5.692845344543457031e+00
5.509018421173095703e+00
5.601382255554199219e+00
5.502137184143066406e+00
