6.867290973663330078e+00
6.722703933715820312e+00
6.500666141510009766e+00
6.489439964294433594e+00
6.402523040771484375e+00
6.376050472259521484e+00
6.352021217346191406e+00
6.332945346832275391e+00
6.336938858032226562e+00
6.254010200500488281e+00
6.175703048706054688e+00
6.382552146911621094e+00
6.316216468811035156e+00
6.265728473663330078e+00
6.188482284545898438e+00
6.296060562133789062e+00
6.161566734313964844e+00
6.415105819702148438e+00
6.204462051391601562e+00
6.149816513061523438e+00
6.116250514984130859e+00
6.128966331481933594e+00
6.192281246185302734e+00
6.261756420135498047e+00
6.083010196685791016e+00
6.137347221374511719e+00
6.074827671051025391e+00
6.219275474548339844e+00
6.182588577270507812e+00
6.101674079895019531e+00
6.162378311157226562e+00
6.083023548126220703e+00
6.024571895599365234e+00
5.992808818817138672e+00
5.948444843292236328e+00
6.315279006958007812e+00
6.248002052307128906e+00
6.082098007202148438e+00
6.104944229125976562e+00
6.136187076568603516e+00
6.117588043212890625e+00
5.983475208282470703e+00
6.034085750579833984e+00
6.200263977050781250e+00
6.117051601409912109e+00
6.145431041717529297e+00
6.082066535949707031e+00
6.121456146240234375e+00
6.024052619934082031e+00
6.227760791778564453e+00
6.135847568511962891e+00
6.239003658294677734e+00
6.045757293701171875e+00
6.041393280029296875e+00
6.089357852935791016e+00
6.004256248474121094e+00
6.164626121520996094e+00
5.967699050903320312e+00
5.955379486083984375e+00
6.070610523223876953e+00
6.119287967681884766e+00
6.024376869201660156e+00
6.128596782684326172e+00
6.038725852966308594e+00
6.025417804718017578e+00
6.023620128631591797e+00
6.149150848388671875e+00
6.057038784027099609e+00
6.044353485107421875e+00
6.014818191528320312e+00
5.934294700622558594e+00
6.065974712371826172e+00
5.985841751098632812e+00
6.069326400756835938e+00
5.929023265838623047e+00
6.150353431701660156e+00
6.030639648437500000e+00
6.120973587036132812e+00
5.868559360504150391e+00
6.200322151184082031e+00
5.953845500946044922e+00
6.181301116943359375e+00
5.957230091094970703e+00
6.050079345703125000e+00
5.953770637512207031e+00
6.063559532165527344e+00
5.955738544464111328e+00
5.980369091033935547e+00
5.891552448272705078e+00
5.962304115295410156e+00
5.948084354400634766e+00
5.953356742858886719e+00
5.963345527648925781e+00
6.101847171783447266e+00
6.088085651397705078e+00
5.912779808044433594e+00
6.095826148986816406e+00
5.860516548156738281e+00
6.130429267883300781e+00
6.015635013580322266e+00
6.020533084869384766e+00
5.976344108581542969e+00
6.050354003906250000e+00
6.125067710876464844e+00
6.182004928588867188e+00
6.121191024780273438e+00
6.038794040679931641e+00
5.945395469665527344e+00
6.063362121582031250e+00
5.899383068084716797e+00
5.886883735656738281e+00
5.978542804718017578e+00
5.963377952575683594e+00
6.012187480926513672e+00
6.189833641052246094e+00
5.935652256011962891e+00
5.983132839202880859e+00
5.922946929931640625e+00
6.108403205871582031e+00
5.971378803253173828e+00
6.012291431427001953e+00
6.042553901672363281e+00
6.070241928100585938e+00
6.042243957519531250e+00
5.886194705963134766e+00
5.936476230621337891e+00
5.903395175933837891e+00
5.889008998870849609e+00
5.853516578674316406e+00
5.885619163513183594e+00
5.976924896240234375e+00
5.971220970153808594e+00
5.894237518310546875e+00
5.882243633270263672e+00
5.910491943359375000e+00
5.880209445953369141e+00
6.148580551147460938e+00
6.035187721252441406e+00
5.879916191101074219e+00
5.933527469635009766e+00
6.112015247344970703e+00
5.921650886535644531e+00
5.988020420074462891e+00
5.930352687835693359e+00
5.896920680999755859e+00
5.922344684600830078e+00
6.091872692108154297e+00
5.882997035980224609e+00
6.005735874176025391e+00
5.882542610168457031e+00
5.917668342590332031e+00
5.884110927581787109e+00
6.125289440155029297e+00
5.988783359527587891e+00
5.823386669158935547e+00
5.932906627655029297e+00
6.135613918304443359e+00
5.862811565399169922e+00
5.961052894592285156e+00
5.848481178283691406e+00
5.963797569274902344e+00
6.109747409820556641e+00
5.861221313476562500e+00
5.892251014709472656e+00
5.911193370819091797e+00
6.016880035400390625e+00
5.894246101379394531e+00
5.885932922363281250e+00
6.177715301513671875e+00
5.931446075439453125e+00
5.886332511901855469e+00
5.886473655700683594e+00
5.886962890625000000e+00
5.919200420379638672e+00
5.979923248291015625e+00
5.913594722747802734e+00
6.046414852142333984e+00
6.053660392761230469e+00
5.922933101654052734e+00
5.808848381042480469e+00
5.850704669952392578e+00
5.874690055847167969e+00
5.947897911071777344e+00
5.935674667358398438e+00
6.100652694702148438e+00
6.056444644927978516e+00
5.880270957946777344e+00
5.807015895843505859e+00
5.931469917297363281e+00
6.036965847015380859e+00
5.935008049011230469e+00
6.072819709777832031e+00
5.833957672119140625e+00
5.817605018615722656e+00
5.912574291229248047e+00
6.083604335784912109e+00
6.091754913330078125e+00
5.957681179046630859e+00
5.938990592956542969e+00
5.928908824920654297e+00
5.876319408416748047e+00
5.982779502868652344e+00
5.909258365631103516e+00
5.889679908752441406e+00
5.942161560058593750e+00
6.066828250885009766e+00
5.927657127380371094e+00
5.889372825622558594e+00
6.273074150085449219e+00
6.060422897338867188e+00
5.980945110321044922e+00
6.043234825134277344e+00
6.005731582641601562e+00
5.962248325347900391e+00
5.846934318542480469e+00
5.871973991394042969e+00
6.082596778869628906e+00
5.935350418090820312e+00
5.882267475128173828e+00
5.852447509765625000e+00
5.875750541687011719e+00
5.893639564514160156e+00
5.854094505310058594e+00
5.824526309967041016e+00
6.031037807464599609e+00
6.011165618896484375e+00
5.906173706054687500e+00
5.910052776336669922e+00
6.014666557312011719e+00
5.991812229156494141e+00
6.062653064727783203e+00
5.799575805664062500e+00
6.028731346130371094e+00
6.082535743713378906e+00
5.894153594970703125e+00
6.006577491760253906e+00
5.943172454833984375e+00
5.876102447509765625e+00
5.864083766937255859e+00
5.856154918670654297e+00
5.921884059906005859e+00
5.917213439941406250e+00
6.027052879333496094e+00
6.082627296447753906e+00
5.834886074066162109e+00
6.025164127349853516e+00
6.141881465911865234e+00
5.966796398162841797e+00
5.910958290100097656e+00
5.923801898956298828e+00
5.901270389556884766e+00
6.052045822143554688e+00
5.961315155029296875e+00
6.058669090270996094e+00
5.917954921722412109e+00
5.876934528350830078e+00
5.908991813659667969e+00
5.911119937896728516e+00
6.056847095489501953e+00
5.917990684509277344e+00
5.906979560852050781e+00
5.815901756286621094e+00
5.851823329925537109e+00
5.937620162963867188e+00
5.882432460784912109e+00
5.980735778808593750e+00
5.856914520263671875e+00
5.875049591064453125e+00
5.920773029327392578e+00
5.947252273559570312e+00
5.899473190307617188e+00
5.947532176971435547e+00
5.907263278961181641e+00
5.971658229827880859e+00
5.922337055206298828e+00
5.831465721130371094e+00
5.813948154449462891e+00
6.073542594909667969e+00
5.930308818817138672e+00
5.899106025695800781e+00
5.859600543975830078e+00
5.900667190551757812e+00
5.875337600708007812e+00
5.919331550598144531e+00
5.963024139404296875e+00
5.955770015716552734e+00
5.917929172515869141e+00
5.836226940155029297e+00
5.810223579406738281e+00
5.986004352569580078e+00
6.016910552978515625e+00
5.891552925109863281e+00
5.805415630340576172e+00
5.962075233459472656e+00
5.784376144409179688e+00
5.899484634399414062e+00
5.863616943359375000e+00
6.125788211822509766e+00
5.952533245086669922e+00
5.914151668548583984e+00
5.983090877532958984e+00
6.001818656921386719e+00
5.988283634185791016e+00
5.848317623138427734e+00
5.885282039642333984e+00
5.845946788787841797e+00
5.926637649536132812e+00
5.963002204895019531e+00
5.942811012268066406e+00
5.845787525177001953e+00
5.832599639892578125e+00
5.925401210784912109e+00
5.986618995666503906e+00
5.864875793457031250e+00
5.927202701568603516e+00
6.090334892272949219e+00
5.840468406677246094e+00
5.836183547973632812e+00
5.976643562316894531e+00
5.847229480743408203e+00
5.813244342803955078e+00
6.009414672851562500e+00
5.845704555511474609e+00
5.834957599639892578e+00
5.949963092803955078e+00
5.883943557739257812e+00
5.870796680450439453e+00
5.719795703887939453e+00
5.851548671722412109e+00
5.770670890808105469e+00
6.010075569152832031e+00
5.892326354980468750e+00
5.791090965270996094e+00
5.839974403381347656e+00
5.845356941223144531e+00
5.882084846496582031e+00
5.760080814361572266e+00
5.910099983215332031e+00
5.864027023315429688e+00
5.839216709136962891e+00
5.951216697692871094e+00
5.878289222717285156e+00
5.875912189483642578e+00
5.886074542999267578e+00
5.827259540557861328e+00
5.956352233886718750e+00
5.983709812164306641e+00
6.000808715820312500e+00
5.906385421752929688e+00
5.930638790130615234e+00
5.885578632354736328e+00
5.954856872558593750e+00
5.848865509033203125e+00
5.946671485900878906e+00
5.805768966674804688e+00
6.002457141876220703e+00
5.872178554534912109e+00
6.075302124023437500e+00
5.911391258239746094e+00
5.932861804962158203e+00
5.960333824157714844e+00
5.890089035034179688e+00
5.876569271087646484e+00
5.808801651000976562e+00
5.829271793365478516e+00
5.902388572692871094e+00
5.839676856994628906e+00
5.861638069152832031e+00
5.824206829071044922e+00
5.958195686340332031e+00
5.878007888793945312e+00
6.180887222290039062e+00
5.843034744262695312e+00
5.928286552429199219e+00
5.838414669036865234e+00
5.923219680786132812e+00
5.922498226165771484e+00
6.058216571807861328e+00
5.940293312072753906e+00
5.922923088073730469e+00
5.909402847290039062e+00
5.892917156219482422e+00
5.988232135772705078e+00
5.819801330566406250e+00
5.919620037078857422e+00
5.912308216094970703e+00
6.130202293395996094e+00
5.836369037628173828e+00
6.010797977447509766e+00
5.913599967956542969e+00
5.906870365142822266e+00
5.961507797241210938e+00
5.875113964080810547e+00
5.881220817565917969e+00
5.837507247924804688e+00
5.792841434478759766e+00
5.824469566345214844e+00
5.830265045166015625e+00
5.869253635406494141e+00
5.857209205627441406e+00
5.769539833068847656e+00
5.831217765808105469e+00
5.927020072937011719e+00
5.763341903686523438e+00
5.796780586242675781e+00
5.881514549255371094e+00
5.816386699676513672e+00
5.998937606811523438e+00
5.851143836975097656e+00
5.941681861877441406e+00
5.882467269897460938e+00
5.793658256530761719e+00
6.100235939025878906e+00
5.903435230255126953e+00
5.907689571380615234e+00
5.854132652282714844e+00
5.890547752380371094e+00
5.834796905517578125e+00
5.836147308349609375e+00
5.845001697540283203e+00
5.816021919250488281e+00
5.839386940002441406e+00
5.791060447692871094e+00
5.774625778198242188e+00
5.876228332519531250e+00
5.878636360168457031e+00
5.784992218017578125e+00
5.824120998382568359e+00
5.775127887725830078e+00
5.844963550567626953e+00
5.856025695800781250e+00
5.817662239074707031e+00
5.790133476257324219e+00
5.904242515563964844e+00
5.840054988861083984e+00
5.875426769256591797e+00
5.909353733062744141e+00
5.874846458435058594e+00
5.835592269897460938e+00
5.785699367523193359e+00
5.888157844543457031e+00
5.833941459655761719e+00
5.973760604858398438e+00
5.954828739166259766e+00
5.845418453216552734e+00
5.908076763153076172e+00
6.055443763732910156e+00
5.867501258850097656e+00
6.090303421020507812e+00
5.825068950653076172e+00
5.971464157104492188e+00
5.849260330200195312e+00
5.795356750488281250e+00
5.904680252075195312e+00
5.927937030792236328e+00
5.839224815368652344e+00
5.886625289916992188e+00
5.825119972229003906e+00
5.896914482116699219e+00
5.913850307464599609e+00
5.864058971405029297e+00
5.958165168762207031e+00
5.795766353607177734e+00
5.820377349853515625e+00
5.867108345031738281e+00
5.745735168457031250e+00
5.858405590057373047e+00
5.745717048645019531e+00
5.756481170654296875e+00
6.072925567626953125e+00
5.829791545867919922e+00
6.017138004302978516e+00
5.984531879425048828e+00
5.817945480346679688e+00
5.893191337585449219e+00
5.908526897430419922e+00
5.954089164733886719e+00
5.836164951324462891e+00
5.867994785308837891e+00
5.950166702270507812e+00
5.984854221343994141e+00
5.836360454559326172e+00
5.860598087310791016e+00
5.875248908996582031e+00
5.995720863342285156e+00
5.912035942077636719e+00
5.777565002441406250e+00
5.860451698303222656e+00
5.941102981567382812e+00
5.762173652648925781e+00
6.122766017913818359e+00
5.898855209350585938e+00
5.875041007995605469e+00
5.812302589416503906e+00
5.873666763305664062e+00
5.901980876922607422e+00
5.881402015686035156e+00
5.984973907470703125e+00
5.807162284851074219e+00
5.876622676849365234e+00
5.849980354309082031e+00
5.895538330078125000e+00
5.894075870513916016e+00
5.926303386688232422e+00
5.773705482482910156e+00
5.788270950317382812e+00
5.847330570220947266e+00
5.876189708709716797e+00
5.811882019042968750e+00
6.000196933746337891e+00
5.803501129150390625e+00
5.754539489746093750e+00
5.903177261352539062e+00
5.820148468017578125e+00
5.882581710815429688e+00
5.812212467193603516e+00
5.746045589447021484e+00
5.939957141876220703e+00
6.061833381652832031e+00
6.063508510589599609e+00
5.833325386047363281e+00
5.952077865600585938e+00
5.908405303955078125e+00
5.823688507080078125e+00
5.887217521667480469e+00
5.826902389526367188e+00
5.793203353881835938e+00
5.824390888214111328e+00
6.017220973968505859e+00
5.847085952758789062e+00
5.770044326782226562e+00
5.883877754211425781e+00
5.757301807403564453e+00
5.855016708374023438e+00
5.807147502899169922e+00
5.880187988281250000e+00
5.814399242401123047e+00
5.895702362060546875e+00
5.828320026397705078e+00
5.806195259094238281e+00
5.894855499267578125e+00
5.842648983001708984e+00
5.912897109985351562e+00
5.948343753814697266e+00
5.799458026885986328e+00
5.727987289428710938e+00
5.812636852264404297e+00
5.864139556884765625e+00
5.869567871093750000e+00
5.810490608215332031e+00
5.930242538452148438e+00
5.901616096496582031e+00
5.798400402069091797e+00
5.882390499114990234e+00
5.946619987487792969e+00
5.836599349975585938e+00
5.769675254821777344e+00
6.054037094116210938e+00
5.962969303131103516e+00
5.950894832611083984e+00
5.896681785583496094e+00
5.746078491210937500e+00
5.831923007965087891e+00
5.787910461425781250e+00
5.828125476837158203e+00
5.880451202392578125e+00
5.819340705871582031e+00
5.880494117736816406e+00
5.805838108062744141e+00
5.725874900817871094e+00
5.860711097717285156e+00
5.791272640228271484e+00
5.805445194244384766e+00
5.761385440826416016e+00
5.953030586242675781e+00
5.803895473480224609e+00
5.973871707916259766e+00
5.820952415466308594e+00
5.802971363067626953e+00
5.858572959899902344e+00
5.900115966796875000e+00
6.039858341217041016e+00
5.877653598785400391e+00
5.940032958984375000e+00
5.858086585998535156e+00
5.745437622070312500e+00
5.825921058654785156e+00
5.762971878051757812e+00
5.918698310852050781e+00
5.839130878448486328e+00
5.848649024963378906e+00
5.779159069061279297e+00
5.809429645538330078e+00
5.952503204345703125e+00
5.766342163085937500e+00
5.806345939636230469e+00
5.852843284606933594e+00
5.849651813507080078e+00
5.850367546081542969e+00
6.069709777832031250e+00
5.980230808258056641e+00
5.847588539123535156e+00
5.918560028076171875e+00
5.790145874023437500e+00
5.770180225372314453e+00
5.802295207977294922e+00
5.866847991943359375e+00
6.061238765716552734e+00
5.795046806335449219e+00
5.837295532226562500e+00
5.977089881896972656e+00
5.756928443908691406e+00
5.916234016418457031e+00
5.910950660705566406e+00
5.811793327331542969e+00
5.913338661193847656e+00
5.896870613098144531e+00
6.072392940521240234e+00
5.818317413330078125e+00
5.851609706878662109e+00
5.790039539337158203e+00
5.834593772888183594e+00
6.036444664001464844e+00
5.916179180145263672e+00
5.766651630401611328e+00
5.703178405761718750e+00
5.813045978546142578e+00
5.815627574920654297e+00
5.956962585449218750e+00
5.966516494750976562e+00
6.022299289703369141e+00
5.843626499176025391e+00
5.996592521667480469e+00
5.795452117919921875e+00
5.906126022338867188e+00
5.789358615875244141e+00
5.747825622558593750e+00
5.823496818542480469e+00
5.807706832885742188e+00
5.838028907775878906e+00
5.983234405517578125e+00
5.753787517547607422e+00
5.836523532867431641e+00
5.895961284637451172e+00
5.904749870300292969e+00
5.871585845947265625e+00
5.814136505126953125e+00
5.804576396942138672e+00
5.806340694427490234e+00
6.012704849243164062e+00
5.845027923583984375e+00
5.725069522857666016e+00
5.911399841308593750e+00
5.882919311523437500e+00
5.790987968444824219e+00
5.876774787902832031e+00
5.866105556488037109e+00
5.805472850799560547e+00
5.877798080444335938e+00
5.828666687011718750e+00
5.744085311889648438e+00
5.812780380249023438e+00
5.949101924896240234e+00
5.786552906036376953e+00
5.950779438018798828e+00
5.898105144500732422e+00
5.777347564697265625e+00
5.959025382995605469e+00
5.826685905456542969e+00
5.781286239624023438e+00
5.962502479553222656e+00
5.833032608032226562e+00
5.859528541564941406e+00
5.786417007446289062e+00
5.922544002532958984e+00
5.851538181304931641e+00
5.921643733978271484e+00
5.770490169525146484e+00
5.912704467773437500e+00
5.992572307586669922e+00
5.851589202880859375e+00
5.896620273590087891e+00
5.892785549163818359e+00
5.794761180877685547e+00
5.837687492370605469e+00
5.928551673889160156e+00
5.869023799896240234e+00
5.898200035095214844e+00
5.912118434906005859e+00
5.789721488952636719e+00
5.830448150634765625e+00
5.766407012939453125e+00
5.938116073608398438e+00
5.848957061767578125e+00
5.800738811492919922e+00
5.713784694671630859e+00
5.974382877349853516e+00
5.824854850769042969e+00
5.799966335296630859e+00
5.873137474060058594e+00
5.889482975006103516e+00
5.730701446533203125e+00
5.772176742553710938e+00
5.717524528503417969e+00
5.863754272460937500e+00
5.856612205505371094e+00
5.813863754272460938e+00
5.887990951538085938e+00
5.922360897064208984e+00
5.827077865600585938e+00
5.854696273803710938e+00
5.717619895935058594e+00
5.812165737152099609e+00
5.906322956085205078e+00
5.819727420806884766e+00
5.981887817382812500e+00
5.802897930145263672e+00
5.760341167449951172e+00
5.750854969024658203e+00
5.907864570617675781e+00
5.869892597198486328e+00
5.784702777862548828e+00
5.750103950500488281e+00
5.771411418914794922e+00
5.871973037719726562e+00
5.868298530578613281e+00
5.863546371459960938e+00
5.732041358947753906e+00
5.870066165924072266e+00
6.077803134918212891e+00
5.928291797637939453e+00
5.714551448822021484e+00
5.943925380706787109e+00
5.822130203247070312e+00
5.842100143432617188e+00
5.822086334228515625e+00
5.883472919464111328e+00
5.803851604461669922e+00
5.851854324340820312e+00
5.818889617919921875e+00
6.091244697570800781e+00
5.830837726593017578e+00
5.776342391967773438e+00
5.830056667327880859e+00
6.004423618316650391e+00
5.701455116271972656e+00
5.765019416809082031e+00
5.817185401916503906e+00
5.854308128356933594e+00
5.895442962646484375e+00
5.847865104675292969e+00
5.837609291076660156e+00
5.830408573150634766e+00
5.893837928771972656e+00
5.826469421386718750e+00
5.807771205902099609e+00
5.895250320434570312e+00
5.738812446594238281e+00
5.913170337677001953e+00
5.785187721252441406e+00
5.849253654479980469e+00
5.856577396392822266e+00
6.022084236145019531e+00
5.840538978576660156e+00
5.826633453369140625e+00
5.866324424743652344e+00
5.869491100311279297e+00
5.865036487579345703e+00
5.742434024810791016e+00
5.891773223876953125e+00
5.778970718383789062e+00
5.754800796508789062e+00
5.792971134185791016e+00
5.755740165710449219e+00
5.786337375640869141e+00
5.816892623901367188e+00
5.783662796020507812e+00
5.731384277343750000e+00
5.814798831939697266e+00
5.754599094390869141e+00
5.845733165740966797e+00
5.846167564392089844e+00
5.759387016296386719e+00
5.731907367706298828e+00
5.866003036499023438e+00
5.829895019531250000e+00
5.839385986328125000e+00
5.813603878021240234e+00
5.739738941192626953e+00
5.687051773071289062e+00
5.922820568084716797e+00
5.878748893737792969e+00
5.694036960601806641e+00
5.793254852294921875e+00
5.827840328216552734e+00
5.762399673461914062e+00
5.797823905944824219e+00
5.772580146789550781e+00
5.901926040649414062e+00
5.866925239562988281e+00
5.891592025756835938e+00
5.836793899536132812e+00
5.815036773681640625e+00
5.863506317138671875e+00
5.899437427520751953e+00
5.714211463928222656e+00
5.710156917572021484e+00
5.858445644378662109e+00
5.697722911834716797e+00
5.946297168731689453e+00
6.106688976287841797e+00
5.755454063415527344e+00
5.714526176452636719e+00
5.899597644805908203e+00
5.780586242675781250e+00
5.801804542541503906e+00
5.818541526794433594e+00
5.854153156280517578e+00
5.886966228485107422e+00
5.876309871673583984e+00
5.781750679016113281e+00
5.902712345123291016e+00
5.749859809875488281e+00
5.863176345825195312e+00
5.906151294708251953e+00
5.788073062896728516e+00
5.728853225708007812e+00
5.908476352691650391e+00
5.759305000305175781e+00
5.718935012817382812e+00
5.757219314575195312e+00
5.789444923400878906e+00
5.773917675018310547e+00
5.707208156585693359e+00
5.772641181945800781e+00
5.842943191528320312e+00
5.746867656707763672e+00
5.962848663330078125e+00
5.826598167419433594e+00
5.991667270660400391e+00
5.796150207519531250e+00
5.797764778137207031e+00
5.947172641754150391e+00
5.743059158325195312e+00
5.898998260498046875e+00
5.813771247863769531e+00
5.997457504272460938e+00
5.796833515167236328e+00
5.855195999145507812e+00
5.826459884643554688e+00
5.831511974334716797e+00
5.689433097839355469e+00
5.712441444396972656e+00
5.856464385986328125e+00
5.830550193786621094e+00
5.866561889648437500e+00
5.811160564422607422e+00
5.784348487854003906e+00
5.759489059448242188e+00
6.007554054260253906e+00
5.801050662994384766e+00
5.821039676666259766e+00
5.893258094787597656e+00
5.971325874328613281e+00
5.873122692108154297e+00
5.837255477905273438e+00
5.730998039245605469e+00
6.021268844604492188e+00
5.896248817443847656e+00
5.856069564819335938e+00
5.963633537292480469e+00
5.800828456878662109e+00
5.708095550537109375e+00
5.999080657958984375e+00
5.960815906524658203e+00
5.984311103820800781e+00
5.666778564453125000e+00
5.844950675964355469e+00
5.705368995666503906e+00
5.888367652893066406e+00
5.760372161865234375e+00
5.814745426177978516e+00
5.911529541015625000e+00
5.686344623565673828e+00
5.964728832244873047e+00
5.806452274322509766e+00
5.760766983032226562e+00
5.885420799255371094e+00
5.819062709808349609e+00
5.781618118286132812e+00
5.753355979919433594e+00
5.905540466308593750e+00
5.887787818908691406e+00
5.780554771423339844e+00
5.811464786529541016e+00
5.817849159240722656e+00
5.725411891937255859e+00
5.770495891571044922e+00
5.801670074462890625e+00
5.690402984619140625e+00
5.814682960510253906e+00
5.795104503631591797e+00
5.782558917999267578e+00
5.924561500549316406e+00
5.728096961975097656e+00
5.880790710449218750e+00
5.891551494598388672e+00
5.709413051605224609e+00
5.744009494781494141e+00
5.886870384216308594e+00
5.928082942962646484e+00
5.723323345184326172e+00
5.795035362243652344e+00
5.844688415527343750e+00
5.981818199157714844e+00
5.832921028137207031e+00
5.921935081481933594e+00
5.808007240295410156e+00
5.857722282409667969e+00
5.817659854888916016e+00
5.843576908111572266e+00
5.895237922668457031e+00
5.861990928649902344e+00
5.781393051147460938e+00
5.734572410583496094e+00
5.811485290527343750e+00
5.747737884521484375e+00
5.797969341278076172e+00
5.783770561218261719e+00
5.853497028350830078e+00
5.898688793182373047e+00
5.736423015594482422e+00
5.727809906005859375e+00
5.870224952697753906e+00
5.879547119140625000e+00
5.753211498260498047e+00
5.776874065399169922e+00
5.743375778198242188e+00
5.727617740631103516e+00
5.853773593902587891e+00
5.937163352966308594e+00
5.821367740631103516e+00
5.780839920043945312e+00
5.825737953186035156e+00
5.725119590759277344e+00
5.703868865966796875e+00
5.659874916076660156e+00
5.963727474212646484e+00
5.841455459594726562e+00
5.800894260406494141e+00
5.794790267944335938e+00
5.719227313995361328e+00
5.789123535156250000e+00
5.754614830017089844e+00
5.786843299865722656e+00
5.864570617675781250e+00
5.903871536254882812e+00
5.935997009277343750e+00
5.782138347625732422e+00
5.763973236083984375e+00
5.995875358581542969e+00
5.806710720062255859e+00
5.827303886413574219e+00
5.759366989135742188e+00
5.719590187072753906e+00
5.731647491455078125e+00
5.820364952087402344e+00
5.866327762603759766e+00
5.762426853179931641e+00
5.890106201171875000e+00
