6.821176052093505859e+00
6.739867210388183594e+00
6.446257591247558594e+00
6.369353771209716797e+00
6.258165836334228516e+00
6.204186439514160156e+00
6.155294895172119141e+00
6.052142143249511719e+00
6.196401119232177734e+00
6.016444206237792969e+00
6.083897113800048828e+00
6.109476089477539062e+00
6.283402442932128906e+00
6.244555473327636719e+00
6.309206962585449219e+00
6.091583728790283203e+00
6.086739063262939453e+00
6.130818367004394531e+00
6.092326641082763672e+00
6.031476497650146484e+00
6.070184230804443359e+00
6.004060745239257812e+00
5.982782840728759766e+00
6.020256042480468750e+00
5.935328483581542969e+00
5.959594249725341797e+00
6.038115024566650391e+00
5.947865962982177734e+00
5.984874248504638672e+00
6.022719383239746094e+00
5.976296424865722656e+00
5.783524036407470703e+00
5.835779190063476562e+00
6.235923290252685547e+00
5.862954139709472656e+00
5.812202453613281250e+00
5.844947814941406250e+00
5.833758354187011719e+00
5.818007469177246094e+00
5.750905513763427734e+00
5.719852447509765625e+00
5.885594367980957031e+00
5.770166397094726562e+00
5.736452579498291016e+00
5.834857463836669922e+00
5.796975612640380859e+00
5.864083766937255859e+00
5.723353385925292969e+00
5.818086624145507812e+00
5.996687889099121094e+00
5.757856369018554688e+00
5.756803989410400391e+00
5.880156993865966797e+00
5.759532451629638672e+00
5.800649642944335938e+00
5.806688785552978516e+00
5.822644233703613281e+00
5.983699798583984375e+00
5.805635452270507812e+00
5.874567985534667969e+00
5.826957225799560547e+00
5.905469894409179688e+00
5.696480751037597656e+00
6.156417846679687500e+00
5.772391319274902344e+00
5.937824726104736328e+00
5.888087749481201172e+00
5.874565124511718750e+00
5.991077423095703125e+00
5.750114917755126953e+00
5.922711849212646484e+00
5.770751953125000000e+00
5.775089263916015625e+00
6.071993350982666016e+00
5.859491348266601562e+00
5.837475299835205078e+00
5.824147701263427734e+00
5.771255016326904297e+00
5.797224044799804688e+00
5.775394439697265625e+00
5.711067199707031250e+00
5.728538990020751953e+00
5.792452812194824219e+00
5.820576190948486328e+00
5.797197341918945312e+00
5.807101249694824219e+00
5.724496841430664062e+00
5.861842155456542969e+00
5.771644592285156250e+00
5.648916244506835938e+00
5.666471481323242188e+00
5.777232170104980469e+00
5.686772346496582031e+00
5.807480335235595703e+00
5.758513927459716797e+00
5.719468593597412109e+00
5.789625644683837891e+00
5.831763744354248047e+00
5.718246936798095703e+00
5.713447570800781250e+00
5.758147716522216797e+00
5.719047546386718750e+00
5.728494167327880859e+00
5.778695106506347656e+00
5.716649055480957031e+00
5.628610134124755859e+00
5.715124130249023438e+00
5.604329109191894531e+00
5.710261821746826172e+00
5.781064987182617188e+00
5.729930400848388672e+00
5.683947086334228516e+00
5.667294025421142578e+00
5.630737781524658203e+00
5.646947383880615234e+00
5.780572891235351562e+00
5.670442581176757812e+00
5.699148178100585938e+00
5.674906730651855469e+00
5.790637016296386719e+00
5.658116340637207031e+00
5.937193393707275391e+00
5.657062053680419922e+00
5.691181659698486328e+00
5.722836971282958984e+00
5.658853054046630859e+00
5.876074790954589844e+00
5.813330650329589844e+00
5.638723373413085938e+00
5.647774696350097656e+00
5.729741096496582031e+00
5.656700134277343750e+00
5.578373432159423828e+00
5.693483829498291016e+00
5.681039810180664062e+00
5.654203414916992188e+00
5.857986450195312500e+00
5.904344081878662109e+00
5.693073272705078125e+00
5.750867366790771484e+00
5.729318618774414062e+00
5.708805084228515625e+00
5.721262931823730469e+00
5.606781482696533203e+00
5.597566604614257812e+00
5.655351638793945312e+00
5.788672447204589844e+00
5.805184841156005859e+00
5.837480545043945312e+00
5.710405349731445312e+00
5.671846389770507812e+00
5.647064208984375000e+00
5.699921607971191406e+00
5.641049385070800781e+00
5.587374687194824219e+00
5.657112121582031250e+00
5.609894752502441406e+00
6.144406795501708984e+00
5.660377502441406250e+00
5.611672878265380859e+00
5.667594432830810547e+00
5.881016254425048828e+00
5.716014862060546875e+00
5.611616134643554688e+00
5.609049797058105469e+00
5.767732143402099609e+00
5.648281574249267578e+00
5.658314704895019531e+00
5.806496620178222656e+00
5.591437339782714844e+00
5.661142349243164062e+00
5.596682071685791016e+00
5.873023986816406250e+00
5.652302742004394531e+00
5.680526733398437500e+00
5.649837970733642578e+00
5.828793048858642578e+00
5.735783576965332031e+00
5.685004711151123047e+00
5.690242290496826172e+00
5.847620010375976562e+00
5.676538467407226562e+00
5.729002952575683594e+00
5.968705654144287109e+00
5.728841781616210938e+00
5.872334480285644531e+00
5.922141075134277344e+00
5.770354270935058594e+00
5.728278160095214844e+00
5.619256019592285156e+00
5.645630836486816406e+00
5.694577693939208984e+00
5.753455162048339844e+00
5.695225715637207031e+00
5.813711643218994141e+00
5.725517749786376953e+00
5.782812118530273438e+00
5.749661922454833984e+00
5.703631877899169922e+00
5.879473686218261719e+00
5.671947002410888672e+00
5.757750511169433594e+00
5.636894226074218750e+00
5.725849628448486328e+00
5.634129047393798828e+00
5.642252922058105469e+00
5.583836555480957031e+00
5.647066116333007812e+00
5.732246875762939453e+00
5.597228050231933594e+00
5.577291965484619141e+00
5.716699123382568359e+00
5.898873329162597656e+00
5.614046573638916016e+00
5.657935142517089844e+00
5.664385795593261719e+00
5.684723854064941406e+00
5.666791915893554688e+00
5.550927162170410156e+00
5.685893535614013672e+00
5.703245162963867188e+00
5.601330280303955078e+00
5.583235740661621094e+00
5.638453960418701172e+00
5.632719039916992188e+00
5.712358951568603516e+00
5.566066265106201172e+00
5.579656124114990234e+00
5.709353923797607422e+00
5.624538421630859375e+00
5.545477867126464844e+00
5.767777442932128906e+00
5.590396404266357422e+00
5.578313827514648438e+00
5.693638324737548828e+00
5.933605670928955078e+00
5.704437732696533203e+00
5.763461112976074219e+00
5.662911415100097656e+00
5.705879211425781250e+00
5.701058387756347656e+00
5.665862083435058594e+00
5.654137611389160156e+00
5.751346111297607422e+00
5.715844631195068359e+00
5.663998603820800781e+00
5.594489097595214844e+00
5.622238636016845703e+00
5.750640869140625000e+00
5.621584892272949219e+00
5.620908260345458984e+00
5.692337989807128906e+00
5.600781917572021484e+00
5.793963909149169922e+00
5.640478134155273438e+00
5.610972404479980469e+00
5.614809989929199219e+00
5.547663211822509766e+00
5.601632118225097656e+00
5.788759231567382812e+00
5.597744941711425781e+00
5.671487331390380859e+00
5.627152919769287109e+00
5.579340457916259766e+00
5.748153686523437500e+00
5.690521717071533203e+00
5.665936946868896484e+00
5.592969894409179688e+00
5.775210857391357422e+00
5.863576889038085938e+00
5.628322124481201172e+00
5.701153755187988281e+00
5.615885257720947266e+00
5.650089263916015625e+00
5.654166698455810547e+00
5.608366012573242188e+00
5.564579010009765625e+00
5.772369384765625000e+00
5.564885616302490234e+00
5.660903930664062500e+00
5.680412769317626953e+00
5.577650070190429688e+00
5.693418502807617188e+00
5.597274303436279297e+00
5.573055267333984375e+00
5.601968765258789062e+00
5.764792442321777344e+00
5.597215652465820312e+00
5.487658977508544922e+00
5.634747982025146484e+00
5.679031848907470703e+00
5.622341156005859375e+00
5.658011913299560547e+00
5.732380867004394531e+00
5.577194213867187500e+00
5.770537376403808594e+00
5.653563499450683594e+00
5.639414787292480469e+00
5.586215019226074219e+00
5.637659072875976562e+00
5.630505561828613281e+00
5.600741863250732422e+00
5.671103477478027344e+00
5.567008495330810547e+00
5.762772083282470703e+00
5.595008373260498047e+00
5.766913890838623047e+00
5.791471958160400391e+00
5.720863342285156250e+00
5.622353076934814453e+00
5.896856307983398438e+00
5.609664916992187500e+00
5.703967094421386719e+00
5.827739238739013672e+00
5.622149467468261719e+00
5.743566513061523438e+00
5.622657775878906250e+00
5.604254722595214844e+00
5.586570262908935547e+00
5.575839042663574219e+00
5.605525970458984375e+00
5.649992942810058594e+00
5.640442371368408203e+00
5.570323467254638672e+00
5.612049579620361328e+00
5.700821399688720703e+00
5.703597545623779297e+00
5.597000598907470703e+00
5.669914245605468750e+00
5.644652366638183594e+00
5.589885711669921875e+00
5.497743606567382812e+00
5.652545928955078125e+00
5.593121051788330078e+00
5.674429416656494141e+00
5.547715187072753906e+00
5.848009109497070312e+00
5.599163055419921875e+00
5.623236656188964844e+00
5.729943752288818359e+00
5.518127441406250000e+00
5.579801559448242188e+00
5.656589984893798828e+00
5.621829032897949219e+00
5.630310058593750000e+00
5.511386394500732422e+00
5.615528583526611328e+00
5.649894714355468750e+00
5.668071746826171875e+00
5.631965160369873047e+00
5.611057758331298828e+00
5.563141345977783203e+00
5.736883163452148438e+00
5.566412448883056641e+00
5.557164192199707031e+00
5.750569820404052734e+00
5.594269752502441406e+00
5.585566520690917969e+00
5.530147552490234375e+00
5.735978126525878906e+00
5.537309169769287109e+00
5.577353477478027344e+00
5.611510753631591797e+00
5.708329200744628906e+00
5.620157718658447266e+00
5.843492984771728516e+00
5.584317207336425781e+00
5.569129943847656250e+00
5.583292007446289062e+00
5.636267662048339844e+00
5.575244426727294922e+00
5.635752677917480469e+00
5.625927925109863281e+00
5.661118030548095703e+00
5.624505043029785156e+00
5.668629646301269531e+00
5.753525733947753906e+00
5.686025619506835938e+00
5.702109336853027344e+00
5.543587684631347656e+00
5.731451034545898438e+00
5.548860073089599609e+00
5.649161338806152344e+00
5.549284934997558594e+00
5.577975273132324219e+00
5.478190422058105469e+00
5.528993606567382812e+00
5.736699104309082031e+00
5.604506492614746094e+00
5.618706703186035156e+00
5.723476409912109375e+00
5.575105190277099609e+00
5.636246681213378906e+00
5.596831321716308594e+00
5.594903945922851562e+00
5.603220462799072266e+00
5.577057361602783203e+00
5.858273506164550781e+00
5.895068168640136719e+00
5.714560508728027344e+00
5.627046108245849609e+00
5.773577690124511719e+00
5.674913406372070312e+00
5.587244510650634766e+00
5.550509452819824219e+00
5.630337238311767578e+00
5.613307952880859375e+00
5.872640132904052734e+00
5.587361812591552734e+00
5.750745773315429688e+00
5.629224777221679688e+00
5.575569152832031250e+00
5.608942031860351562e+00
5.643695831298828125e+00
5.698633670806884766e+00
5.659688949584960938e+00
5.536357402801513672e+00
5.662868022918701172e+00
5.722570896148681641e+00
5.532890319824218750e+00
5.572066307067871094e+00
5.556307315826416016e+00
5.489205360412597656e+00
5.742805957794189453e+00
5.518463134765625000e+00
5.511366844177246094e+00
5.618931293487548828e+00
5.727690219879150391e+00
5.664670467376708984e+00
5.607865810394287109e+00
5.591990470886230469e+00
5.615887641906738281e+00
5.561287879943847656e+00
5.725465774536132812e+00
5.581258773803710938e+00
5.589828491210937500e+00
5.528051376342773438e+00
5.748227596282958984e+00
5.610965251922607422e+00
5.764433383941650391e+00
5.705465316772460938e+00
5.589471340179443359e+00
5.769484519958496094e+00
5.529151439666748047e+00
5.645699977874755859e+00
5.627374649047851562e+00
5.586680412292480469e+00
5.618686676025390625e+00
5.726677894592285156e+00
5.568805694580078125e+00
5.559780120849609375e+00
5.604621410369873047e+00
5.624695777893066406e+00
5.631889820098876953e+00
5.569756984710693359e+00
5.599249362945556641e+00
5.690282344818115234e+00
5.746165275573730469e+00
5.560107231140136719e+00
5.522837638854980469e+00
5.725657939910888672e+00
5.576003551483154297e+00
5.583199501037597656e+00
5.624020576477050781e+00
5.760952472686767578e+00
5.651155471801757812e+00
5.572376251220703125e+00
5.681261062622070312e+00
5.661842346191406250e+00
5.577881813049316406e+00
5.536453247070312500e+00
5.566630840301513672e+00
5.511021137237548828e+00
5.599558353424072266e+00
5.519430160522460938e+00
5.704504966735839844e+00
5.720766067504882812e+00
5.708421230316162109e+00
5.555465698242187500e+00
5.633461475372314453e+00
5.600211620330810547e+00
5.650443077087402344e+00
5.661333084106445312e+00
5.582875728607177734e+00
5.599849700927734375e+00
5.740438938140869141e+00
5.692229270935058594e+00
5.672566413879394531e+00
5.587440490722656250e+00
5.613379478454589844e+00
5.588278770446777344e+00
5.503504753112792969e+00
5.804377079010009766e+00
5.578269481658935547e+00
5.558717250823974609e+00
5.641874313354492188e+00
5.646393775939941406e+00
5.524452686309814453e+00
5.595283508300781250e+00
5.521345615386962891e+00
5.579433917999267578e+00
5.547108173370361328e+00
5.717134475708007812e+00
5.561757087707519531e+00
5.537979125976562500e+00
5.611128807067871094e+00
5.550952434539794922e+00
5.622581005096435547e+00
5.656006813049316406e+00
5.558857917785644531e+00
5.538814067840576172e+00
5.550147056579589844e+00
5.558575153350830078e+00
5.539818763732910156e+00
5.573053359985351562e+00
5.489017963409423828e+00
5.623683452606201172e+00
5.620085716247558594e+00
5.523472785949707031e+00
5.545430660247802734e+00
5.570549011230468750e+00
5.565216541290283203e+00
5.785915851593017578e+00
5.598453044891357422e+00
5.868407249450683594e+00
5.628231048583984375e+00
5.620455265045166016e+00
5.617119789123535156e+00
5.518100738525390625e+00
5.606954574584960938e+00
5.779848098754882812e+00
5.618230819702148438e+00
5.603467941284179688e+00
5.668146133422851562e+00
5.538662910461425781e+00
5.611485004425048828e+00
5.726068019866943359e+00
5.602600097656250000e+00
5.584227561950683594e+00
5.641887187957763672e+00
5.529432773590087891e+00
5.650403499603271484e+00
5.519371509552001953e+00
5.634390830993652344e+00
5.546249389648437500e+00
5.523412227630615234e+00
5.547839164733886719e+00
5.685606002807617188e+00
5.576436042785644531e+00
5.551624298095703125e+00
5.613673210144042969e+00
5.572233200073242188e+00
5.654984951019287109e+00
5.549163341522216797e+00
5.561147689819335938e+00
5.611782073974609375e+00
5.470331668853759766e+00
5.553168773651123047e+00
5.533667564392089844e+00
5.513829708099365234e+00
5.585984230041503906e+00
5.555809020996093750e+00
5.596319675445556641e+00
5.551061630249023438e+00
5.636547565460205078e+00
5.568703651428222656e+00
5.625788211822509766e+00
5.686334609985351562e+00
5.614494323730468750e+00
5.584292411804199219e+00
5.577499866485595703e+00
5.652084350585937500e+00
5.491656303405761719e+00
5.574486255645751953e+00
5.505546569824218750e+00
5.504355907440185547e+00
5.651551723480224609e+00
5.672823905944824219e+00
5.670008659362792969e+00
5.570009231567382812e+00
5.570870399475097656e+00
5.505387783050537109e+00
5.556425571441650391e+00
5.652501106262207031e+00
5.524126052856445312e+00
5.521231651306152344e+00
5.705202102661132812e+00
5.540664672851562500e+00
5.521611213684082031e+00
5.707289695739746094e+00
5.508125782012939453e+00
5.495293140411376953e+00
5.535604000091552734e+00
5.498278617858886719e+00
5.605285167694091797e+00
5.507200717926025391e+00
5.521371364593505859e+00
5.542227745056152344e+00
5.574575901031494141e+00
5.539703845977783203e+00
5.541098594665527344e+00
5.608188629150390625e+00
5.548733234405517578e+00
5.654668807983398438e+00
5.726879596710205078e+00
5.641388893127441406e+00
5.627361297607421875e+00
5.588748455047607422e+00
5.573939323425292969e+00
5.556604385375976562e+00
5.547677040100097656e+00
5.729438781738281250e+00
5.772829532623291016e+00
5.570405006408691406e+00
5.618417739868164062e+00
5.689048767089843750e+00
5.515440940856933594e+00
5.586501598358154297e+00
5.745574474334716797e+00
5.619509696960449219e+00
5.628825187683105469e+00
5.551866531372070312e+00
5.618538856506347656e+00
5.572172164916992188e+00
5.555121898651123047e+00
5.603181362152099609e+00
5.592882156372070312e+00
5.523945808410644531e+00
5.563547134399414062e+00
5.567860603332519531e+00
5.529104232788085938e+00
5.528150558471679688e+00
5.539081573486328125e+00
5.553711414337158203e+00
5.717668056488037109e+00
5.924643039703369141e+00
5.598368167877197266e+00
5.567330360412597656e+00
5.547400474548339844e+00
5.553077220916748047e+00
5.486620426177978516e+00
5.607350826263427734e+00
5.744270324707031250e+00
5.929248332977294922e+00
5.649022579193115234e+00
5.773686885833740234e+00
5.656202316284179688e+00
5.650740623474121094e+00
5.566906929016113281e+00
5.555116176605224609e+00
5.566455841064453125e+00
5.602018356323242188e+00
5.653887271881103516e+00
5.662448883056640625e+00
5.569341659545898438e+00
5.580470085144042969e+00
5.567563533782958984e+00
5.602221488952636719e+00
5.607848644256591797e+00
5.712703704833984375e+00
5.583157062530517578e+00
5.618188381195068359e+00
5.806291580200195312e+00
5.560915946960449219e+00
5.583330631256103516e+00
5.512925148010253906e+00
5.699513435363769531e+00
5.526124000549316406e+00
5.590312480926513672e+00
5.605290412902832031e+00
5.522555828094482422e+00
5.575753688812255859e+00
5.657455444335937500e+00
5.620232582092285156e+00
5.540630340576171875e+00
5.540336132049560547e+00
5.664427757263183594e+00
5.582909107208251953e+00
5.572965145111083984e+00
5.668843269348144531e+00
5.591419219970703125e+00
5.602388381958007812e+00
5.538529872894287109e+00
5.617362022399902344e+00
5.530207157135009766e+00
5.673335552215576172e+00
5.603200912475585938e+00
5.618217945098876953e+00
5.635650157928466797e+00
5.575029850006103516e+00
5.635411739349365234e+00
5.593999862670898438e+00
5.615445137023925781e+00
5.663906574249267578e+00
5.586496353149414062e+00
5.572937011718750000e+00
5.602066993713378906e+00
5.577241420745849609e+00
5.691241264343261719e+00
5.678882598876953125e+00
5.530148983001708984e+00
5.575630187988281250e+00
5.717241764068603516e+00
5.581049442291259766e+00
5.604009628295898438e+00
5.611494541168212891e+00
5.516026973724365234e+00
5.518152236938476562e+00
5.590150833129882812e+00
5.562973022460937500e+00
5.576174736022949219e+00
5.610847949981689453e+00
5.639090061187744141e+00
5.560356616973876953e+00
5.526406288146972656e+00
5.542921543121337891e+00
5.576355457305908203e+00
5.575294017791748047e+00
5.577767848968505859e+00
5.633532524108886719e+00
5.657227039337158203e+00
5.466795921325683594e+00
5.512947082519531250e+00
5.563201904296875000e+00
5.589041233062744141e+00
5.558813571929931641e+00
5.652068138122558594e+00
5.565446853637695312e+00
5.569223403930664062e+00
5.690629482269287109e+00
5.585549354553222656e+00
5.499257087707519531e+00
5.602669239044189453e+00
5.576222419738769531e+00
5.622921943664550781e+00
5.495830059051513672e+00
5.564628601074218750e+00
5.561570644378662109e+00
5.625124454498291016e+00
5.446015834808349609e+00
5.616986274719238281e+00
5.591690540313720703e+00
5.493721008300781250e+00
5.521450519561767578e+00
5.615069866180419922e+00
5.624592304229736328e+00
5.567262649536132812e+00
5.730669498443603516e+00
5.512220382690429688e+00
5.527297496795654297e+00
5.531371116638183594e+00
5.539753437042236328e+00
5.524215221405029297e+00
5.510101318359375000e+00
5.530744552612304688e+00
5.462060928344726562e+00
5.534642696380615234e+00
5.570291996002197266e+00
5.525005817413330078e+00
5.542935848236083984e+00
5.748436450958251953e+00
5.551028251647949219e+00
5.686739444732666016e+00
5.560574531555175781e+00
5.446268081665039062e+00
5.612025737762451172e+00
5.530864715576171875e+00
5.538216114044189453e+00
5.572033882141113281e+00
5.585243701934814453e+00
5.692691802978515625e+00
5.493794441223144531e+00
5.637866497039794922e+00
5.542015075683593750e+00
5.576254367828369141e+00
5.590762615203857422e+00
5.573759078979492188e+00
5.643765449523925781e+00
5.498929500579833984e+00
5.470370769500732422e+00
5.556083202362060547e+00
5.535467147827148438e+00
5.536110877990722656e+00
5.656153678894042969e+00
5.574024677276611328e+00
5.638007640838623047e+00
5.683699607849121094e+00
5.639355182647705078e+00
5.507644653320312500e+00
5.567821502685546875e+00
5.537474155426025391e+00
5.656002044677734375e+00
5.581662654876708984e+00
5.505914688110351562e+00
5.668948650360107422e+00
5.481635093688964844e+00
5.506469249725341797e+00
5.743743419647216797e+00
5.668462276458740234e+00
5.653991699218750000e+00
5.628165721893310547e+00
5.572591781616210938e+00
5.510887145996093750e+00
5.816007137298583984e+00
5.671231746673583984e+00
5.553310871124267578e+00
5.502709865570068359e+00
5.534174919128417969e+00
5.488125801086425781e+00
5.482930660247802734e+00
5.648093700408935547e+00
5.813889503479003906e+00
5.543833732604980469e+00
5.540743827819824219e+00
5.484954833984375000e+00
5.565099716186523438e+00
5.531641006469726562e+00
5.696810722351074219e+00
5.616690635681152344e+00
5.583833217620849609e+00
5.604119300842285156e+00
5.524506568908691406e+00
5.639565467834472656e+00
5.730955123901367188e+00
5.556365966796875000e+00
5.545434951782226562e+00
5.656711578369140625e+00
5.534688472747802734e+00
5.505485057830810547e+00
5.505434989929199219e+00
5.622027397155761719e+00
5.664233207702636719e+00
5.645462512969970703e+00
5.533439159393310547e+00
5.696186542510986328e+00
5.604121208190917969e+00
5.537590026855468750e+00
5.507876396179199219e+00
5.687317848205566406e+00
5.637855052947998047e+00
5.498613357543945312e+00
5.618647575378417969e+00
5.711270809173583984e+00
5.510362148284912109e+00
5.560679912567138672e+00
5.544404983520507812e+00
5.539052963256835938e+00
5.555768966674804688e+00
5.513087272644042969e+00
5.545340538024902344e+00
5.652884006500244141e+00
5.659014225006103516e+00
5.644212722778320312e+00
5.545831680297851562e+00
5.504624366760253906e+00
5.514881134033203125e+00
5.588543891906738281e+00
5.566651344299316406e+00
5.478581905364990234e+00
5.530164241790771484e+00
5.538393974304199219e+00
5.610922813415527344e+00
5.580235958099365234e+00
5.517006874084472656e+00
5.626659393310546875e+00
5.645458698272705078e+00
5.713845252990722656e+00
5.704501628875732422e+00
5.647625923156738281e+00
5.543643474578857422e+00
5.618900775909423828e+00
5.642679214477539062e+00
5.631572723388671875e+00
5.586377620697021484e+00
5.561702251434326172e+00
5.614461421966552734e+00
5.546058177947998047e+00
5.646230697631835938e+00
5.542175292968750000e+00
5.602334976196289062e+00
5.600096702575683594e+00
5.512554645538330078e+00
5.581450462341308594e+00
5.533818244934082031e+00
5.614012241363525391e+00
5.630968570709228516e+00
5.528400421142578125e+00
5.507751464843750000e+00
5.526380062103271484e+00
5.794571876525878906e+00
5.498162746429443359e+00
5.651056766510009766e+00
5.660796165466308594e+00
5.634284019470214844e+00
5.567505836486816406e+00
5.600475788116455078e+00
5.593037605285644531e+00
5.522499084472656250e+00
5.535250663757324219e+00
5.537138462066650391e+00
5.593173503875732422e+00
5.528918266296386719e+00
5.596374988555908203e+00
5.549795627593994141e+00
5.607251167297363281e+00
5.574005603790283203e+00
5.593264579772949219e+00
5.490973949432373047e+00
5.608254909515380859e+00
5.590079784393310547e+00
5.620131492614746094e+00
5.677240848541259766e+00
5.724184989929199219e+00
5.593113899230957031e+00
5.458358287811279297e+00
5.735240459442138672e+00
5.632030487060546875e+00
5.574182033538818359e+00
5.552396774291992188e+00
5.505231380462646484e+00
5.519721031188964844e+00
5.617487907409667969e+00
5.459726333618164062e+00
5.621587276458740234e+00
5.463604450225830078e+00
5.510366439819335938e+00
5.506429672241210938e+00
5.525289058685302734e+00
5.484052181243896484e+00
5.714164733886718750e+00
5.523321628570556641e+00
5.504000186920166016e+00
5.606776237487792969e+00
5.592273712158203125e+00
5.606695175170898438e+00
5.684135437011718750e+00
5.597471714019775391e+00
5.554654121398925781e+00
5.552629470825195312e+00
5.547947883605957031e+00
5.622239589691162109e+00
5.469379901885986328e+00
5.559726715087890625e+00
5.508201599121093750e+00
5.531241416931152344e+00
5.674377918243408203e+00
5.569979667663574219e+00
5.558040618896484375e+00
5.488676071166992188e+00
5.529582977294921875e+00
5.613695621490478516e+00
5.593873977661132812e+00
5.550763130187988281e+00
5.501626014709472656e+00
5.543293952941894531e+00
5.510219097137451172e+00
5.578468799591064453e+00
5.525496959686279297e+00
5.641211509704589844e+00
5.654419898986816406e+00
5.496203899383544922e+00
5.502979755401611328e+00
5.555840492248535156e+00
5.619173526763916016e+00
5.552767753601074219e+00
5.594683170318603516e+00
5.507186889648437500e+00
5.495189666748046875e+00
5.672692298889160156e+00
5.623119831085205078e+00
