6.835713386535644531e+00
6.628839015960693359e+00
6.484273910522460938e+00
6.511270046234130859e+00
6.356552124023437500e+00
6.285440444946289062e+00
6.144835472106933594e+00
6.134982585906982422e+00
6.110335826873779297e+00
6.300078392028808594e+00
6.095615863800048828e+00
6.089728355407714844e+00
6.269250392913818359e+00
6.125764846801757812e+00
6.157035827636718750e+00
6.083896636962890625e+00
6.095649719238281250e+00
6.078195095062255859e+00
6.022927761077880859e+00
6.041150093078613281e+00
6.013448238372802734e+00
5.972934722900390625e+00
6.119384765625000000e+00
5.918097019195556641e+00
5.894963741302490234e+00
6.024250507354736328e+00
6.019237041473388672e+00
6.096276760101318359e+00
5.881150722503662109e+00
5.876468181610107422e+00
5.817708969116210938e+00
5.927217483520507812e+00
5.830252170562744141e+00
5.936221122741699219e+00
5.920778274536132812e+00
5.923647403717041016e+00
5.924701213836669922e+00
5.866140842437744141e+00
5.850294113159179688e+00
6.011818408966064453e+00
5.949938297271728516e+00
5.874474525451660156e+00
5.820589065551757812e+00
6.183690071105957031e+00
6.102155208587646484e+00
5.881403923034667969e+00
5.824804306030273438e+00
5.847968101501464844e+00
5.878648757934570312e+00
5.832135677337646484e+00
5.868989944458007812e+00
6.137173652648925781e+00
5.923793792724609375e+00
5.741872787475585938e+00
5.975950241088867188e+00
5.858018875122070312e+00
5.847317695617675781e+00
5.808967590332031250e+00
5.772966861724853516e+00
5.858361244201660156e+00
5.764458656311035156e+00
5.739769935607910156e+00
5.926602840423583984e+00
5.722952842712402344e+00
5.985060214996337891e+00
5.774525642395019531e+00
5.892795085906982422e+00
5.784545898437500000e+00
5.984625816345214844e+00
5.798096656799316406e+00
5.816577434539794922e+00
5.738342761993408203e+00
5.917477130889892578e+00
5.714693546295166016e+00
5.813186645507812500e+00
5.795197486877441406e+00
5.742531776428222656e+00
5.681077003479003906e+00
5.723583698272705078e+00
5.803534507751464844e+00
5.897174358367919922e+00
5.755482196807861328e+00
5.820038795471191406e+00
5.867076396942138672e+00
5.711728572845458984e+00
5.762061595916748047e+00
5.899575710296630859e+00
5.813235282897949219e+00
5.769251823425292969e+00
5.751083374023437500e+00
5.659335136413574219e+00
5.748061180114746094e+00
5.824597358703613281e+00
5.762108325958251953e+00
6.091107845306396484e+00
5.791591644287109375e+00
5.784615993499755859e+00
5.749552726745605469e+00
5.797091007232666016e+00
5.709673881530761719e+00
5.808722019195556641e+00
5.869068622589111328e+00
5.836847782135009766e+00
5.768447399139404297e+00
6.068167686462402344e+00
5.762615680694580078e+00
5.687461853027343750e+00
5.762807369232177734e+00
5.857882976531982422e+00
5.757452487945556641e+00
5.798197269439697266e+00
5.818810939788818359e+00
5.733576774597167969e+00
5.746962547302246094e+00
5.804355144500732422e+00
5.677250385284423828e+00
5.698671340942382812e+00
5.817586421966552734e+00
5.795530319213867188e+00
5.788331031799316406e+00
5.866489410400390625e+00
5.848134040832519531e+00
5.781592369079589844e+00
5.756012916564941406e+00
5.738577365875244141e+00
5.622972488403320312e+00
5.797204017639160156e+00
5.847122192382812500e+00
5.736032009124755859e+00
5.858332633972167969e+00
5.816952228546142578e+00
5.703220367431640625e+00
5.864917278289794922e+00
5.814623832702636719e+00
5.764422416687011719e+00
5.712911605834960938e+00
5.793227195739746094e+00
5.741197109222412109e+00
5.767339229583740234e+00
5.672379493713378906e+00
5.920554637908935547e+00
5.851582527160644531e+00
5.749698162078857422e+00
5.812068939208984375e+00
5.817794799804687500e+00
5.696554183959960938e+00
5.653887748718261719e+00
5.763428688049316406e+00
5.686549663543701172e+00
5.698597908020019531e+00
5.600648880004882812e+00
5.877810955047607422e+00
5.719859123229980469e+00
5.758498668670654297e+00
5.639645576477050781e+00
5.643640041351318359e+00
5.572763442993164062e+00
5.805893421173095703e+00
5.613847732543945312e+00
5.673674106597900391e+00
5.838210105895996094e+00
5.648217678070068359e+00
5.698371410369873047e+00
5.755142211914062500e+00
5.632599353790283203e+00
5.628942489624023438e+00
5.658789157867431641e+00
5.665667057037353516e+00
5.661787509918212891e+00
5.758934020996093750e+00
5.768842697143554688e+00
6.124413490295410156e+00
5.757365703582763672e+00
5.736084938049316406e+00
5.683054924011230469e+00
5.697789669036865234e+00
5.722576618194580078e+00
5.711910247802734375e+00
5.683456420898437500e+00
5.607552528381347656e+00
5.867595195770263672e+00
5.811660289764404297e+00
5.729500770568847656e+00
5.700650215148925781e+00
5.674447536468505859e+00
5.739134788513183594e+00
5.643419265747070312e+00
5.788129806518554688e+00
5.736824989318847656e+00
5.654181003570556641e+00
5.678236007690429688e+00
5.728510856628417969e+00
5.667011737823486328e+00
5.646246910095214844e+00
5.895228385925292969e+00
5.679787635803222656e+00
5.651497840881347656e+00
5.667297363281250000e+00
5.628193378448486328e+00
5.606982231140136719e+00
5.815987110137939453e+00
5.627062797546386719e+00
5.669960021972656250e+00
5.651703357696533203e+00
5.700219154357910156e+00
5.646029472351074219e+00
5.707624912261962891e+00
5.632980823516845703e+00
5.586869239807128906e+00
5.654824256896972656e+00
5.594099044799804688e+00
5.720579147338867188e+00
5.711992263793945312e+00
5.586965560913085938e+00
5.589752674102783203e+00
5.611847877502441406e+00
5.704317569732666016e+00
5.641888618469238281e+00
5.855306625366210938e+00
5.765563964843750000e+00
5.676211357116699219e+00
5.704583644866943359e+00
5.698706626892089844e+00
5.621534347534179688e+00
5.583188056945800781e+00
5.749215126037597656e+00
5.770553588867187500e+00
5.702111721038818359e+00
5.615969657897949219e+00
5.755401611328125000e+00
5.703190803527832031e+00
5.854725837707519531e+00
5.733341217041015625e+00
5.699707031250000000e+00
5.731421947479248047e+00
5.685936927795410156e+00
5.647572040557861328e+00
5.755701065063476562e+00
5.814121246337890625e+00
5.697367668151855469e+00
5.692965507507324219e+00
5.695880889892578125e+00
5.626421928405761719e+00
5.659670829772949219e+00
5.604435920715332031e+00
5.658149719238281250e+00
5.663630008697509766e+00
5.596127510070800781e+00
5.617454528808593750e+00
5.685625076293945312e+00
5.700629711151123047e+00
5.727128505706787109e+00
5.596822738647460938e+00
5.733831882476806641e+00
5.608518123626708984e+00
5.779964923858642578e+00
5.634619235992431641e+00
5.629640579223632812e+00
5.637488842010498047e+00
5.712661743164062500e+00
5.615165710449218750e+00
5.690369129180908203e+00
5.670994758605957031e+00
5.570399761199951172e+00
5.563738346099853516e+00
5.678543567657470703e+00
5.752012729644775391e+00
5.754514694213867188e+00
5.592238426208496094e+00
5.711551189422607422e+00
5.742093086242675781e+00
5.613121986389160156e+00
5.554196357727050781e+00
5.669156074523925781e+00
5.636489391326904297e+00
5.588791370391845703e+00
5.678240299224853516e+00
5.628162384033203125e+00
5.711302280426025391e+00
5.741367340087890625e+00
5.601896286010742188e+00
5.604173660278320312e+00
5.597769737243652344e+00
5.589082241058349609e+00
5.547576904296875000e+00
5.709046840667724609e+00
5.695079803466796875e+00
5.700722217559814453e+00
5.558502197265625000e+00
5.727516174316406250e+00
5.768806934356689453e+00
5.653840065002441406e+00
5.631663322448730469e+00
5.574636459350585938e+00
5.590170383453369141e+00
5.630715370178222656e+00
5.694556713104248047e+00
5.607051849365234375e+00
5.652358531951904297e+00
5.624257564544677734e+00
5.666351318359375000e+00
5.674480438232421875e+00
5.670294761657714844e+00
5.739117622375488281e+00
5.621335983276367188e+00
5.551489830017089844e+00
5.669094562530517578e+00
5.653515815734863281e+00
5.702205181121826172e+00
5.662436008453369141e+00
5.692818641662597656e+00
5.722374439239501953e+00
5.789984703063964844e+00
5.670937538146972656e+00
5.669329166412353516e+00
5.684604644775390625e+00
5.632023811340332031e+00
5.699429512023925781e+00
5.856670856475830078e+00
5.685949325561523438e+00
5.668587684631347656e+00
5.546107769012451172e+00
5.774407386779785156e+00
5.603476047515869141e+00
5.675559997558593750e+00
5.560950279235839844e+00
5.716387271881103516e+00
5.637326240539550781e+00
5.619648933410644531e+00
5.618508338928222656e+00
6.000034809112548828e+00
5.625653743743896484e+00
5.550273895263671875e+00
5.664172649383544922e+00
5.735566139221191406e+00
5.686107158660888672e+00
5.616759300231933594e+00
5.605086326599121094e+00
5.862868309020996094e+00
5.635339736938476562e+00
5.692036151885986328e+00
5.690193653106689453e+00
5.897555351257324219e+00
5.639146327972412109e+00
5.635044097900390625e+00
5.619188785552978516e+00
5.566317558288574219e+00
5.743851184844970703e+00
5.617356300354003906e+00
5.673857688903808594e+00
5.558059215545654297e+00
5.716538906097412109e+00
5.678182601928710938e+00
5.659167289733886719e+00
5.640767097473144531e+00
5.690219402313232422e+00
5.758544921875000000e+00
5.580749511718750000e+00
5.736252307891845703e+00
5.578301906585693359e+00
5.628830909729003906e+00
5.612878322601318359e+00
5.602612018585205078e+00
5.675345897674560547e+00
5.788430213928222656e+00
5.673233985900878906e+00
5.639612197875976562e+00
5.620427608489990234e+00
5.558937072753906250e+00
5.812488079071044922e+00
5.571423053741455078e+00
5.637163162231445312e+00
5.677613735198974609e+00
5.519421100616455078e+00
5.687228202819824219e+00
5.710243701934814453e+00
5.637620925903320312e+00
5.643701553344726562e+00
5.618895053863525391e+00
5.635964393615722656e+00
5.480833053588867188e+00
5.635890960693359375e+00
5.582903385162353516e+00
5.616551399230957031e+00
5.534562587738037109e+00
5.637589454650878906e+00
5.592600345611572266e+00
5.672487258911132812e+00
5.544425964355468750e+00
5.610521793365478516e+00
5.711152076721191406e+00
5.546226024627685547e+00
5.711576461791992188e+00
5.606245040893554688e+00
5.789519309997558594e+00
5.601671218872070312e+00
5.634916305541992188e+00
5.746100425720214844e+00
5.685426712036132812e+00
5.630440711975097656e+00
5.780959129333496094e+00
5.767818450927734375e+00
5.601800918579101562e+00
5.715925216674804688e+00
5.702182769775390625e+00
5.678047180175781250e+00
5.573356628417968750e+00
5.643581867218017578e+00
5.688764095306396484e+00
5.721101760864257812e+00
5.756963729858398438e+00
5.635951519012451172e+00
5.607076644897460938e+00
5.572287559509277344e+00
5.649880886077880859e+00
5.605114459991455078e+00
5.557598590850830078e+00
5.566996097564697266e+00
5.802454471588134766e+00
5.687623500823974609e+00
5.510431766510009766e+00
5.515729427337646484e+00
5.701507568359375000e+00
5.777408123016357422e+00
5.634688854217529297e+00
5.627306461334228516e+00
5.540731906890869141e+00
5.589100360870361328e+00
5.500202178955078125e+00
5.578331470489501953e+00
5.642348289489746094e+00
5.577366352081298828e+00
5.661705970764160156e+00
5.576724529266357422e+00
5.594985961914062500e+00
5.717800617218017578e+00
5.691547870635986328e+00
5.579375267028808594e+00
5.623620986938476562e+00
5.586810588836669922e+00
5.563850402832031250e+00
5.629660606384277344e+00
5.542324066162109375e+00
5.539489746093750000e+00
5.537867069244384766e+00
5.708906173706054688e+00
5.563878059387207031e+00
5.658901214599609375e+00
5.761583805084228516e+00
5.560051441192626953e+00
5.683012008666992188e+00
5.514504432678222656e+00
5.548140525817871094e+00
5.528917312622070312e+00
5.510856628417968750e+00
5.596705913543701172e+00
5.728521823883056641e+00
5.582604408264160156e+00
5.485139846801757812e+00
5.676891803741455078e+00
5.531573295593261719e+00
5.619560718536376953e+00
5.625915527343750000e+00
5.690468311309814453e+00
5.627202510833740234e+00
5.537137508392333984e+00
5.583117485046386719e+00
5.572589397430419922e+00
5.541123390197753906e+00
5.569306373596191406e+00
5.511895179748535156e+00
5.588398456573486328e+00
5.617630958557128906e+00
5.655486106872558594e+00
5.505536079406738281e+00
5.581246852874755859e+00
5.620151042938232422e+00
5.690992832183837891e+00
5.602741718292236328e+00
5.663907527923583984e+00
5.579705715179443359e+00
5.550631999969482422e+00
5.568505287170410156e+00
5.744277477264404297e+00
5.757851123809814453e+00
5.547801017761230469e+00
5.562995910644531250e+00
5.611751556396484375e+00
5.610638618469238281e+00
5.782830715179443359e+00
5.547582626342773438e+00
5.533195018768310547e+00
5.611838340759277344e+00
5.599227905273437500e+00
5.596902847290039062e+00
5.625989913940429688e+00
5.596115589141845703e+00
5.962137222290039062e+00
5.636964797973632812e+00
5.688728809356689453e+00
5.646974563598632812e+00
5.612564086914062500e+00
5.590830326080322266e+00
5.669146537780761719e+00
5.594662666320800781e+00
5.530723571777343750e+00
5.546722888946533203e+00
5.582061767578125000e+00
5.665244102478027344e+00
5.673631668090820312e+00
5.643328189849853516e+00
5.681665420532226562e+00
5.598125457763671875e+00
5.549126148223876953e+00
5.641508102416992188e+00
5.574530601501464844e+00
5.587562084197998047e+00
5.636003017425537109e+00
5.489727497100830078e+00
5.641364574432373047e+00
5.723102569580078125e+00
5.556518554687500000e+00
5.629339694976806641e+00
5.636186122894287109e+00
5.622606277465820312e+00
5.593324661254882812e+00
5.578890323638916016e+00
5.563776493072509766e+00
5.567952156066894531e+00
5.679154396057128906e+00
5.533900260925292969e+00
5.616203308105468750e+00
5.500714302062988281e+00
5.596274852752685547e+00
5.613696098327636719e+00
5.538733959197998047e+00
5.625901222229003906e+00
5.756643772125244141e+00
5.614909172058105469e+00
5.623659133911132812e+00
5.762385368347167969e+00
5.644590854644775391e+00
5.563136100769042969e+00
5.678194999694824219e+00
5.613718509674072266e+00
5.679983615875244141e+00
5.596984863281250000e+00
5.532733917236328125e+00
5.666106700897216797e+00
5.550778388977050781e+00
5.661175727844238281e+00
5.637614727020263672e+00
5.756734371185302734e+00
5.563253879547119141e+00
5.565703868865966797e+00
5.648127555847167969e+00
5.606585502624511719e+00
5.631114006042480469e+00
5.495501995086669922e+00
5.578221797943115234e+00
5.611001968383789062e+00
5.566683292388916016e+00
5.822227001190185547e+00
5.596671104431152344e+00
5.680603027343750000e+00
5.575757026672363281e+00
5.747014522552490234e+00
5.576636791229248047e+00
5.576483249664306641e+00
5.590175628662109375e+00
5.576181888580322266e+00
5.639932632446289062e+00
5.610935211181640625e+00
5.694973945617675781e+00
5.632641315460205078e+00
5.550230979919433594e+00
5.525866508483886719e+00
5.622969627380371094e+00
5.601333141326904297e+00
5.547170162200927734e+00
5.674657821655273438e+00
5.654837608337402344e+00
5.673947334289550781e+00
5.667586803436279297e+00
5.603690147399902344e+00
5.554962158203125000e+00
5.627353191375732422e+00
5.594712257385253906e+00
5.592695236206054688e+00
5.489909172058105469e+00
5.582458972930908203e+00
5.514944553375244141e+00
5.505276203155517578e+00
5.546461105346679688e+00
5.633163452148437500e+00
5.533953666687011719e+00
5.576601982116699219e+00
5.609276771545410156e+00
5.574619293212890625e+00
5.584334850311279297e+00
5.504139423370361328e+00
5.571419715881347656e+00
5.522412300109863281e+00
5.622606754302978516e+00
5.535539627075195312e+00
5.537590980529785156e+00
5.590044498443603516e+00
5.650165557861328125e+00
5.584678649902343750e+00
5.661640167236328125e+00
5.550170421600341797e+00
5.537977218627929688e+00
5.850142955780029297e+00
5.573143005371093750e+00
5.630661964416503906e+00
5.620231151580810547e+00
5.516339302062988281e+00
5.713218212127685547e+00
5.647558212280273438e+00
5.566849708557128906e+00
5.642508506774902344e+00
5.699369907379150391e+00
5.523945808410644531e+00
5.652335166931152344e+00
5.632344722747802734e+00
5.572326183319091797e+00
5.599951744079589844e+00
5.568229198455810547e+00
5.515190124511718750e+00
5.591748237609863281e+00
5.651735305786132812e+00
5.644248008728027344e+00
5.561535835266113281e+00
5.606197357177734375e+00
5.540573120117187500e+00
5.651637077331542969e+00
5.593866825103759766e+00
5.645964622497558594e+00
5.802431106567382812e+00
5.562398910522460938e+00
5.727502346038818359e+00
5.684854507446289062e+00
5.625615119934082031e+00
5.538855075836181641e+00
5.586288452148437500e+00
5.618534088134765625e+00
5.595416545867919922e+00
5.565100193023681641e+00
5.638864517211914062e+00
5.565581798553466797e+00
5.653867721557617188e+00
5.585584163665771484e+00
5.566145420074462891e+00
5.637722015380859375e+00
5.581977844238281250e+00
5.664853096008300781e+00
5.525732994079589844e+00
5.602568626403808594e+00
5.463087081909179688e+00
5.559143543243408203e+00
5.585599899291992188e+00
5.556977748870849609e+00
5.587881565093994141e+00
5.512113571166992188e+00
5.629995822906494141e+00
5.520024299621582031e+00
5.632666587829589844e+00
5.542721748352050781e+00
5.580326557159423828e+00
5.550495147705078125e+00
5.476028442382812500e+00
5.564424514770507812e+00
5.644617557525634766e+00
5.701542854309082031e+00
5.737358093261718750e+00
5.522884368896484375e+00
5.559075355529785156e+00
5.734821319580078125e+00
5.768890380859375000e+00
5.517175674438476562e+00
5.482722282409667969e+00
5.634933948516845703e+00
5.489326953887939453e+00
5.702741622924804688e+00
5.562712669372558594e+00
5.571846008300781250e+00
5.555306434631347656e+00
5.522930145263671875e+00
5.669166564941406250e+00
5.673109054565429688e+00
5.576602935791015625e+00
5.606987953186035156e+00
5.548363685607910156e+00
5.632087707519531250e+00
5.563289642333984375e+00
5.504786491394042969e+00
5.474129676818847656e+00
5.499663352966308594e+00
5.527602195739746094e+00
5.747905731201171875e+00
5.608908653259277344e+00
5.552296638488769531e+00
5.556136131286621094e+00
5.611936092376708984e+00
5.539580345153808594e+00
5.723541736602783203e+00
5.635426044464111328e+00
5.552193164825439453e+00
5.607925415039062500e+00
5.516621112823486328e+00
5.559412002563476562e+00
5.607231140136718750e+00
5.642017364501953125e+00
5.641329765319824219e+00
5.538581848144531250e+00
5.570629119873046875e+00
5.538090229034423828e+00
5.581243515014648438e+00
5.585073471069335938e+00
5.654702663421630859e+00
5.531177520751953125e+00
5.507623672485351562e+00
5.585978031158447266e+00
5.549823760986328125e+00
5.533792972564697266e+00
5.698615550994873047e+00
5.544100761413574219e+00
5.666708469390869141e+00
5.577807426452636719e+00
5.506944656372070312e+00
5.767827987670898438e+00
5.594171524047851562e+00
5.599761962890625000e+00
5.558320999145507812e+00
5.702172279357910156e+00
5.489578247070312500e+00
5.547420501708984375e+00
5.608323574066162109e+00
5.490873336791992188e+00
5.535901069641113281e+00
5.625339508056640625e+00
5.508184432983398438e+00
5.512440681457519531e+00
5.595442295074462891e+00
5.513647079467773438e+00
5.654913902282714844e+00
5.620612144470214844e+00
5.550592899322509766e+00
5.568967342376708984e+00
5.570950508117675781e+00
5.471771240234375000e+00
5.631468772888183594e+00
5.590694427490234375e+00
5.441795349121093750e+00
5.508570671081542969e+00
5.792588233947753906e+00
5.511694431304931641e+00
5.532851219177246094e+00
5.465872287750244141e+00
5.620182991027832031e+00
5.495147228240966797e+00
5.497535228729248047e+00
5.612118721008300781e+00
5.586176872253417969e+00
5.545090198516845703e+00
5.633606433868408203e+00
5.736435890197753906e+00
5.615217208862304688e+00
5.523931026458740234e+00
5.603608131408691406e+00
5.556316375732421875e+00
5.510675430297851562e+00
5.594496250152587891e+00
5.721691131591796875e+00
5.577245235443115234e+00
5.643068790435791016e+00
5.532006263732910156e+00
5.549585819244384766e+00
5.508555412292480469e+00
5.656158447265625000e+00
5.673160076141357422e+00
5.647143363952636719e+00
5.572483062744140625e+00
5.653522014617919922e+00
5.574110984802246094e+00
5.479813098907470703e+00
5.727259635925292969e+00
5.463919639587402344e+00
5.681220054626464844e+00
5.629317283630371094e+00
5.632048130035400391e+00
5.676828384399414062e+00
5.505187511444091797e+00
5.587514400482177734e+00
5.481398582458496094e+00
5.525169372558593750e+00
5.614234924316406250e+00
5.614059448242187500e+00
5.538002967834472656e+00
5.546360015869140625e+00
5.565863609313964844e+00
5.590882301330566406e+00
5.525105476379394531e+00
5.516067981719970703e+00
5.521615982055664062e+00
5.570103645324707031e+00
5.687958240509033203e+00
5.607676029205322266e+00
5.594502449035644531e+00
5.562016487121582031e+00
5.598742485046386719e+00
5.576298713684082031e+00
5.687005996704101562e+00
5.536643981933593750e+00
5.527695178985595703e+00
5.513955116271972656e+00
5.558678627014160156e+00
5.515002250671386719e+00
5.543889999389648438e+00
5.583973884582519531e+00
5.522053718566894531e+00
5.679713726043701172e+00
5.598234653472900391e+00
5.480694770812988281e+00
5.674152374267578125e+00
5.480992317199707031e+00
5.505494117736816406e+00
5.524996280670166016e+00
5.670868873596191406e+00
5.545013427734375000e+00
5.660083293914794922e+00
5.716521739959716797e+00
5.576926231384277344e+00
5.541073799133300781e+00
5.603733062744140625e+00
5.648892402648925781e+00
5.545070648193359375e+00
5.593601226806640625e+00
5.534330368041992188e+00
5.470220088958740234e+00
5.589700698852539062e+00
5.482708454132080078e+00
5.615465641021728516e+00
5.577610492706298828e+00
5.663788795471191406e+00
5.524480819702148438e+00
5.652950286865234375e+00
5.530799865722656250e+00
5.625509738922119141e+00
5.487796306610107422e+00
5.613511085510253906e+00
5.529784202575683594e+00
5.519047260284423828e+00
5.555725574493408203e+00
5.575970649719238281e+00
5.520983695983886719e+00
5.549289226531982422e+00
5.489112854003906250e+00
5.527177810668945312e+00
5.484788417816162109e+00
5.589680671691894531e+00
5.663084030151367188e+00
5.540488243103027344e+00
5.524712085723876953e+00
5.581557273864746094e+00
5.515399932861328125e+00
5.730352878570556641e+00
5.525094032287597656e+00
5.556646823883056641e+00
5.652818202972412109e+00
5.663099765777587891e+00
5.510123252868652344e+00
5.645683288574218750e+00
5.524077892303466797e+00
5.584074974060058594e+00
5.502176284790039062e+00
5.554111003875732422e+00
5.543239593505859375e+00
5.611365318298339844e+00
5.461252212524414062e+00
5.732138633728027344e+00
5.486958026885986328e+00
5.570875167846679688e+00
5.733742237091064453e+00
5.594733715057373047e+00
5.509784698486328125e+00
5.630559444427490234e+00
5.492443084716796875e+00
5.615359783172607422e+00
5.528158187866210938e+00
5.556404113769531250e+00
5.540065765380859375e+00
5.586004257202148438e+00
5.539264678955078125e+00
5.543445587158203125e+00
5.569636344909667969e+00
5.627147674560546875e+00
5.692951202392578125e+00
5.498311996459960938e+00
5.590399265289306641e+00
5.466279029846191406e+00
5.768655776977539062e+00
5.584894657135009766e+00
5.519033432006835938e+00
5.583955764770507812e+00
5.620480537414550781e+00
5.503029346466064453e+00
5.580138683319091797e+00
5.624920845031738281e+00
5.526198387145996094e+00
5.580751419067382812e+00
5.480731010437011719e+00
5.747388839721679688e+00
5.640033245086669922e+00
5.575829505920410156e+00
5.462556362152099609e+00
5.655922412872314453e+00
5.521687984466552734e+00
5.516609191894531250e+00
5.595627784729003906e+00
5.553645610809326172e+00
5.615775108337402344e+00
5.554099082946777344e+00
5.502839088439941406e+00
5.613255023956298828e+00
5.494410514831542969e+00
5.952116489410400391e+00
5.591111183166503906e+00
5.522301673889160156e+00
5.567736625671386719e+00
5.792612552642822266e+00
5.524684429168701172e+00
5.527632713317871094e+00
5.499352931976318359e+00
5.570914268493652344e+00
5.666219711303710938e+00
5.687469959259033203e+00
5.535824775695800781e+00
5.408453464508056641e+00
5.560413837432861328e+00
5.563858032226562500e+00
5.470019340515136719e+00
5.480650424957275391e+00
5.503790855407714844e+00
5.663701534271240234e+00
5.587155342102050781e+00
5.542768478393554688e+00
5.587530136108398438e+00
5.535309314727783203e+00
5.607242107391357422e+00
5.529863357543945312e+00
5.526595592498779297e+00
5.510561943054199219e+00
5.503320693969726562e+00
5.562093734741210938e+00
5.524688720703125000e+00
5.491209983825683594e+00
5.566207885742187500e+00
5.499798297882080078e+00
5.483988761901855469e+00
5.707529067993164062e+00
5.542562007904052734e+00
5.548472404479980469e+00
5.627734184265136719e+00
5.686135292053222656e+00
5.517016410827636719e+00
5.611982822418212891e+00
5.599706172943115234e+00
5.521632194519042969e+00
5.604648590087890625e+00
