6.714520454406738281e+00
6.409709930419921875e+00
6.002390384674072266e+00
5.782727241516113281e+00
5.666568279266357422e+00
5.560681343078613281e+00
5.514513969421386719e+00
5.467399597167968750e+00
5.447790145874023438e+00
5.448546409606933594e+00
5.407479763031005859e+00
5.414260864257812500e+00
5.416004657745361328e+00
5.380207061767578125e+00
5.371282577514648438e+00
5.358209133148193359e+00
5.359669685363769531e+00
5.361688613891601562e+00
5.315139770507812500e+00
5.325065135955810547e+00
5.389105796813964844e+00
5.287302494049072266e+00
5.295893669128417969e+00
5.334911823272705078e+00
5.306221485137939453e+00
5.243551254272460938e+00
5.268537521362304688e+00
5.244151592254638672e+00
5.235296249389648438e+00
5.222611427307128906e+00
5.261285781860351562e+00
5.258707046508789062e+00
5.225313663482666016e+00
5.213831901550292969e+00
5.218038558959960938e+00
5.209553718566894531e+00
5.214722156524658203e+00
5.193220138549804688e+00
5.195730209350585938e+00
5.186594486236572266e+00
5.182184696197509766e+00
5.172451019287109375e+00
5.194291114807128906e+00
5.188305854797363281e+00
5.191776275634765625e+00
5.185684680938720703e+00
5.160942077636718750e+00
5.160120487213134766e+00
5.150896072387695312e+00
5.139712810516357422e+00
5.155195713043212891e+00
5.152469158172607422e+00
5.170792102813720703e+00
5.149669647216796875e+00
5.170466423034667969e+00
5.138123512268066406e+00
5.132069587707519531e+00
5.118424892425537109e+00
5.127335548400878906e+00
5.131341934204101562e+00
5.135509490966796875e+00
5.141040325164794922e+00
5.122121810913085938e+00
5.115083694458007812e+00
5.117773056030273438e+00
5.114075660705566406e+00
5.145046234130859375e+00
5.107272148132324219e+00
5.157217025756835938e+00
5.114480972290039062e+00
5.098832607269287109e+00
5.144618988037109375e+00
5.114414215087890625e+00
5.128666877746582031e+00
5.095109939575195312e+00
5.096359729766845703e+00
5.119548797607421875e+00
5.114128112792968750e+00
5.092292308807373047e+00
5.101485252380371094e+00
5.109641075134277344e+00
5.097904682159423828e+00
5.092308998107910156e+00
5.085997581481933594e+00
5.097184181213378906e+00
5.105596542358398438e+00
5.100689411163330078e+00
5.092953681945800781e+00
5.110633373260498047e+00
5.132003784179687500e+00
5.106414318084716797e+00
5.107202529907226562e+00
5.108559608459472656e+00
5.087529182434082031e+00
5.120795249938964844e+00
5.092149257659912109e+00
5.080421447753906250e+00
5.092420578002929688e+00
5.126051902770996094e+00
5.090346336364746094e+00
5.103664875030517578e+00
5.110282421112060547e+00
5.102111816406250000e+00
5.065529346466064453e+00
5.072819232940673828e+00
5.091442108154296875e+00
5.089207172393798828e+00
5.092735290527343750e+00
5.072990894317626953e+00
5.136512756347656250e+00
5.097158908843994141e+00
5.105637073516845703e+00
5.112924575805664062e+00
5.061971187591552734e+00
5.096194267272949219e+00
5.091550827026367188e+00
5.079138278961181641e+00
5.112817764282226562e+00
5.080934047698974609e+00
5.087093830108642578e+00
5.067903518676757812e+00
5.074738502502441406e+00
5.077752113342285156e+00
5.072815418243408203e+00
5.072875976562500000e+00
5.068964481353759766e+00
5.082449436187744141e+00
5.105824947357177734e+00
5.086404800415039062e+00
5.102812290191650391e+00
5.081235885620117188e+00
5.073997974395751953e+00
5.076371192932128906e+00
5.089100360870361328e+00
5.082290649414062500e+00
5.060573577880859375e+00
5.106535911560058594e+00
5.064348697662353516e+00
5.065076828002929688e+00
5.073264122009277344e+00
5.071276664733886719e+00
5.060221195220947266e+00
5.072075843811035156e+00
5.082455635070800781e+00
5.061250686645507812e+00
5.098307609558105469e+00
5.082615852355957031e+00
5.103716850280761719e+00
5.144912719726562500e+00
5.063899993896484375e+00
5.072917938232421875e+00
5.069253444671630859e+00
5.051302433013916016e+00
5.058402538299560547e+00
5.091542243957519531e+00
5.111493110656738281e+00
5.104300975799560547e+00
5.111449241638183594e+00
5.075309753417968750e+00
5.067452907562255859e+00
5.067229747772216797e+00
5.076333522796630859e+00
5.070224285125732422e+00
5.067734718322753906e+00
5.073141098022460938e+00
5.057496070861816406e+00
5.080690860748291016e+00
5.061852931976318359e+00
5.077370643615722656e+00
5.066864013671875000e+00
5.055750370025634766e+00
5.058135986328125000e+00
5.060506820678710938e+00
5.111015319824218750e+00
5.079854488372802734e+00
5.072307586669921875e+00
5.074338912963867188e+00
5.076310157775878906e+00
5.059816837310791016e+00
5.055884361267089844e+00
5.064067840576171875e+00
5.064816474914550781e+00
5.058679580688476562e+00
5.059623718261718750e+00
5.104964733123779297e+00
5.056686401367187500e+00
5.073385238647460938e+00
5.063510894775390625e+00
5.070955753326416016e+00
5.068474769592285156e+00
5.072118759155273438e+00
5.056595802307128906e+00
5.042047500610351562e+00
5.049012184143066406e+00
5.050577640533447266e+00
5.055637359619140625e+00
5.065786838531494141e+00
5.062566757202148438e+00
5.054152011871337891e+00
5.059671878814697266e+00
5.057142257690429688e+00
5.063118934631347656e+00
5.046561717987060547e+00
5.041605472564697266e+00
5.071090698242187500e+00
5.064218044281005859e+00
5.089666366577148438e+00
5.058592796325683594e+00
5.055215358734130859e+00
5.046986579895019531e+00
5.078521728515625000e+00
5.046792030334472656e+00
5.070590019226074219e+00
5.042893409729003906e+00
5.043811321258544922e+00
5.032810211181640625e+00
5.049251556396484375e+00
5.049674987792968750e+00
5.041335582733154297e+00
5.100223541259765625e+00
5.054060935974121094e+00
5.049406528472900391e+00
5.051580429077148438e+00
5.053279876708984375e+00
5.037690639495849609e+00
5.043802261352539062e+00
5.068759918212890625e+00
5.065289497375488281e+00
5.067282676696777344e+00
5.050450325012207031e+00
5.049222946166992188e+00
5.072790622711181641e+00
5.046882629394531250e+00
5.054968833923339844e+00
5.056502342224121094e+00
5.055098056793212891e+00
5.043213844299316406e+00
5.080679416656494141e+00
5.059567928314208984e+00
5.049447059631347656e+00
5.056992053985595703e+00
5.073649406433105469e+00
5.054419040679931641e+00
5.033359527587890625e+00
5.044206142425537109e+00
5.037632942199707031e+00
5.033178329467773438e+00
5.060404777526855469e+00
5.032328605651855469e+00
5.039754390716552734e+00
5.042938232421875000e+00
5.043211460113525391e+00
5.028337478637695312e+00
5.032334327697753906e+00
5.031680107116699219e+00
5.030025005340576172e+00
5.060205459594726562e+00
5.036659240722656250e+00
5.070698738098144531e+00
5.029999256134033203e+00
5.049044609069824219e+00
5.048625469207763672e+00
5.059297561645507812e+00
5.051917552947998047e+00
5.030600547790527344e+00
5.022451877593994141e+00
5.060603141784667969e+00
5.076939105987548828e+00
5.040677070617675781e+00
5.051672458648681641e+00
5.049313068389892578e+00
5.028961181640625000e+00
5.044415473937988281e+00
5.053561210632324219e+00
5.061252117156982422e+00
5.026833534240722656e+00
5.028187751770019531e+00
5.039330005645751953e+00
5.047620296478271484e+00
5.033041000366210938e+00
5.018599510192871094e+00
5.029128074645996094e+00
5.045092582702636719e+00
5.045529365539550781e+00
5.057047843933105469e+00
5.025783061981201172e+00
5.045832633972167969e+00
5.025778770446777344e+00
5.040617942810058594e+00
5.047460556030273438e+00
5.036398410797119141e+00
5.037716388702392578e+00
5.032451629638671875e+00
5.048034667968750000e+00
5.027407646179199219e+00
5.086884498596191406e+00
5.032249927520751953e+00
5.025136470794677734e+00
5.028676033020019531e+00
5.041644096374511719e+00
5.062965393066406250e+00
5.039746284484863281e+00
5.032135009765625000e+00
5.031054973602294922e+00
5.032145500183105469e+00
5.044395923614501953e+00
5.042700767517089844e+00
5.069921493530273438e+00
5.043112277984619141e+00
5.018853187561035156e+00
5.071884155273437500e+00
5.056634902954101562e+00
5.024299621582031250e+00
5.020069122314453125e+00
5.041384696960449219e+00
5.044822216033935547e+00
5.028742790222167969e+00
5.057780742645263672e+00
5.069782257080078125e+00
5.023238182067871094e+00
5.038269042968750000e+00
5.056571960449218750e+00
5.033633232116699219e+00
5.036889553070068359e+00
5.029803276062011719e+00
5.017454147338867188e+00
5.049939155578613281e+00
5.043509483337402344e+00
5.028125286102294922e+00
5.056638240814208984e+00
5.039458274841308594e+00
5.051641464233398438e+00
5.066465854644775391e+00
5.043640136718750000e+00
5.034763813018798828e+00
5.032732486724853516e+00
5.062832832336425781e+00
5.025970458984375000e+00
5.043756484985351562e+00
5.047023773193359375e+00
5.037147998809814453e+00
5.051261901855468750e+00
5.036964893341064453e+00
5.028630733489990234e+00
5.030253887176513672e+00
5.051531791687011719e+00
5.029418945312500000e+00
5.014757156372070312e+00
5.019717216491699219e+00
5.018236160278320312e+00
5.057304859161376953e+00
5.027514457702636719e+00
5.027425765991210938e+00
5.009254932403564453e+00
5.023501873016357422e+00
5.020322799682617188e+00
5.040117263793945312e+00
5.025489807128906250e+00
5.036611080169677734e+00
5.029075622558593750e+00
5.042140007019042969e+00
5.033679008483886719e+00
5.026389122009277344e+00
5.023832798004150391e+00
5.016795158386230469e+00
5.031479358673095703e+00
5.057858943939208984e+00
5.028741836547851562e+00
5.031207084655761719e+00
5.026868343353271484e+00
5.032325267791748047e+00
5.024475097656250000e+00
5.029983520507812500e+00
5.027844429016113281e+00
5.024930953979492188e+00
5.023519039154052734e+00
5.072894096374511719e+00
5.023301124572753906e+00
5.048980712890625000e+00
5.029953479766845703e+00
5.058478355407714844e+00
5.067172050476074219e+00
5.016395092010498047e+00
5.067270278930664062e+00
5.070863246917724609e+00
5.032543182373046875e+00
5.034074306488037109e+00
5.018897533416748047e+00
5.038837909698486328e+00
5.020798683166503906e+00
5.047637939453125000e+00
5.030662536621093750e+00
5.034471511840820312e+00
5.028819561004638672e+00
5.053114891052246094e+00
5.031711578369140625e+00
5.041560173034667969e+00
5.034140586853027344e+00
5.032640933990478516e+00
5.065046310424804688e+00
5.038067340850830078e+00
5.033105850219726562e+00
5.053180694580078125e+00
5.034406185150146484e+00
5.051026344299316406e+00
5.017790317535400391e+00
5.042508125305175781e+00
5.022493362426757812e+00
5.036978244781494141e+00
5.016395568847656250e+00
5.021697044372558594e+00
5.041585445404052734e+00
5.045028686523437500e+00
5.005647659301757812e+00
5.017518997192382812e+00
5.020029067993164062e+00
5.031296730041503906e+00
5.012816429138183594e+00
5.030458450317382812e+00
5.018070220947265625e+00
5.013728141784667969e+00
5.027470111846923828e+00
5.030735015869140625e+00
5.023138523101806641e+00
5.024408817291259766e+00
5.023487091064453125e+00
5.011986255645751953e+00
5.023726463317871094e+00
5.038783073425292969e+00
5.033890724182128906e+00
5.026391029357910156e+00
5.026865959167480469e+00
5.006997108459472656e+00
5.044926643371582031e+00
5.048717975616455078e+00
5.016831874847412109e+00
5.045250415802001953e+00
5.025057792663574219e+00
5.012936115264892578e+00
5.030155181884765625e+00
5.032937049865722656e+00
5.021361351013183594e+00
5.049156665802001953e+00
5.052945613861083984e+00
5.024243831634521484e+00
5.042906761169433594e+00
5.043189048767089844e+00
5.011388301849365234e+00
5.024909973144531250e+00
5.039450168609619141e+00
5.020413398742675781e+00
5.030364990234375000e+00
5.019880294799804688e+00
5.012130737304687500e+00
5.012396812438964844e+00
5.032607555389404297e+00
5.028223991394042969e+00
5.009612560272216797e+00
5.012863636016845703e+00
5.027021884918212891e+00
5.001805782318115234e+00
5.029455661773681641e+00
5.016063213348388672e+00
5.007417201995849609e+00
5.041969299316406250e+00
5.014207839965820312e+00
5.043238639831542969e+00
5.011946678161621094e+00
5.027358055114746094e+00
5.011480808258056641e+00
5.020411491394042969e+00
5.029003143310546875e+00
5.037073135375976562e+00
5.021370887756347656e+00
5.041487216949462891e+00
5.022835254669189453e+00
5.078967571258544922e+00
5.018718242645263672e+00
5.005435943603515625e+00
5.026212692260742188e+00
5.026996612548828125e+00
5.008815765380859375e+00
5.014839172363281250e+00
5.039913177490234375e+00
5.049955368041992188e+00
5.001473903656005859e+00
5.007606506347656250e+00
5.027469635009765625e+00
5.036611557006835938e+00
5.020277976989746094e+00
5.017828941345214844e+00
5.025846481323242188e+00
5.015533447265625000e+00
5.014575004577636719e+00
5.022488117218017578e+00
5.029728412628173828e+00
5.021600246429443359e+00
5.030771255493164062e+00
5.011219024658203125e+00
5.018430709838867188e+00
5.044493675231933594e+00
5.021293640136718750e+00
5.010651111602783203e+00
5.026407241821289062e+00
5.010373115539550781e+00
5.031081199645996094e+00
5.015498638153076172e+00
5.007845401763916016e+00
5.014184951782226562e+00
5.038283824920654297e+00
5.001006603240966797e+00
5.037557601928710938e+00
5.005908489227294922e+00
5.044900417327880859e+00
5.006723880767822266e+00
5.014609813690185547e+00
5.036246776580810547e+00
5.020528793334960938e+00
5.024619579315185547e+00
5.040575027465820312e+00
5.027554512023925781e+00
5.016630649566650391e+00
5.003976821899414062e+00
5.026258945465087891e+00
5.008154869079589844e+00
5.013267517089843750e+00
5.023145198822021484e+00
5.005589485168457031e+00
5.020657062530517578e+00
5.026403427124023438e+00
5.014885902404785156e+00
5.022300720214843750e+00
5.050439834594726562e+00
5.018245697021484375e+00
5.022531509399414062e+00
5.022068977355957031e+00
5.015047073364257812e+00
5.014082908630371094e+00
5.039989471435546875e+00
5.022323131561279297e+00
5.029210567474365234e+00
5.011269569396972656e+00
5.028210163116455078e+00
5.021316051483154297e+00
5.025290489196777344e+00
5.032022476196289062e+00
5.003858566284179688e+00
5.046325683593750000e+00
5.039136409759521484e+00
5.014803409576416016e+00
5.012662887573242188e+00
5.037992000579833984e+00
5.024497032165527344e+00
5.043700218200683594e+00
5.015750408172607422e+00
5.052177906036376953e+00
5.016240596771240234e+00
5.021678447723388672e+00
5.019688129425048828e+00
5.012704849243164062e+00
5.031870365142822266e+00
5.016130447387695312e+00
5.020951271057128906e+00
5.036381244659423828e+00
4.998037815093994141e+00
5.016287803649902344e+00
5.000898361206054688e+00
5.012149333953857422e+00
5.022270679473876953e+00
5.001373291015625000e+00
5.008342266082763672e+00
5.005629539489746094e+00
5.028448581695556641e+00
5.037522315979003906e+00
5.023995399475097656e+00
4.995248794555664062e+00
4.991380214691162109e+00
5.013130187988281250e+00
5.018198013305664062e+00
5.006926059722900391e+00
5.003199100494384766e+00
4.999648094177246094e+00
5.011649131774902344e+00
5.029033660888671875e+00
5.018980979919433594e+00
5.031769752502441406e+00
5.002478599548339844e+00
5.026821136474609375e+00
5.010050773620605469e+00
5.019823074340820312e+00
5.039742469787597656e+00
5.042557716369628906e+00
5.026658058166503906e+00
5.024703025817871094e+00
5.006947517395019531e+00
5.012980461120605469e+00
5.030904769897460938e+00
5.002145290374755859e+00
5.050860404968261719e+00
5.021550178527832031e+00
5.007953166961669922e+00
5.033071041107177734e+00
5.057874679565429688e+00
5.040662765502929688e+00
5.023839950561523438e+00
5.031731605529785156e+00
5.011426925659179688e+00
5.012224674224853516e+00
5.021456241607666016e+00
5.021882057189941406e+00
5.009028434753417969e+00
5.017700672149658203e+00
5.001390457153320312e+00
5.007578372955322266e+00
5.031896591186523438e+00
5.051353931427001953e+00
5.017212390899658203e+00
5.027663707733154297e+00
5.012470245361328125e+00
5.010288238525390625e+00
5.023586273193359375e+00
5.025056838989257812e+00
5.010603904724121094e+00
5.008143424987792969e+00
4.999832153320312500e+00
5.038164138793945312e+00
5.040651321411132812e+00
5.016644477844238281e+00
5.035942077636718750e+00
5.008813858032226562e+00
5.009320259094238281e+00
5.023509025573730469e+00
5.007602691650390625e+00
5.009422302246093750e+00
4.999984264373779297e+00
5.010375499725341797e+00
5.025261402130126953e+00
5.027289867401123047e+00
5.005813121795654297e+00
5.001305580139160156e+00
5.006699562072753906e+00
5.042260169982910156e+00
5.023906230926513672e+00
5.019594192504882812e+00
5.007590770721435547e+00
5.017774581909179688e+00
5.007760047912597656e+00
5.028825283050537109e+00
5.017698287963867188e+00
5.009791851043701172e+00
5.031269550323486328e+00
5.028575420379638672e+00
5.011585712432861328e+00
5.011934757232666016e+00
5.006271362304687500e+00
5.026768684387207031e+00
5.024849891662597656e+00
5.011153221130371094e+00
5.031619548797607422e+00
5.019310951232910156e+00
5.004352092742919922e+00
5.042083740234375000e+00
5.022568702697753906e+00
5.011837005615234375e+00
5.032592773437500000e+00
5.025943756103515625e+00
5.004896163940429688e+00
5.028772830963134766e+00
5.011672019958496094e+00
5.007492065429687500e+00
5.003259658813476562e+00
5.032274246215820312e+00
5.013476848602294922e+00
5.033067703247070312e+00
5.012493133544921875e+00
5.036942005157470703e+00
5.005216598510742188e+00
5.019083023071289062e+00
5.019052982330322266e+00
5.013184547424316406e+00
4.997473716735839844e+00
5.009845256805419922e+00
5.004001617431640625e+00
5.001700401306152344e+00
5.011918544769287109e+00
5.008913040161132812e+00
5.035250663757324219e+00
5.023439407348632812e+00
4.999042987823486328e+00
4.997426509857177734e+00
4.996549129486083984e+00
5.020129203796386719e+00
5.014864921569824219e+00
5.019126415252685547e+00
5.016316413879394531e+00
5.001322746276855469e+00
5.022335052490234375e+00
5.026975631713867188e+00
5.026675701141357422e+00
4.996977806091308594e+00
4.998745918273925781e+00
5.022744178771972656e+00
5.003185749053955078e+00
5.033639430999755859e+00
5.023394107818603516e+00
5.031813621520996094e+00
5.031383991241455078e+00
5.049902915954589844e+00
5.025805473327636719e+00
4.996794223785400391e+00
5.010242938995361328e+00
5.019585609436035156e+00
5.030020236968994141e+00
5.012557029724121094e+00
5.028985023498535156e+00
5.026895046234130859e+00
5.012521266937255859e+00
5.003933906555175781e+00
5.038810253143310547e+00
5.007303237915039062e+00
5.030215263366699219e+00
5.003048896789550781e+00
5.010546684265136719e+00
4.999972343444824219e+00
5.033643722534179688e+00
5.027978897094726562e+00
5.032014846801757812e+00
5.015801429748535156e+00
5.003793716430664062e+00
5.010255336761474609e+00
5.016489982604980469e+00
5.031152725219726562e+00
5.017407894134521484e+00
5.013349533081054688e+00
5.014607429504394531e+00
5.016768455505371094e+00
4.999771118164062500e+00
5.005010604858398438e+00
5.023754596710205078e+00
5.009186267852783203e+00
5.035841941833496094e+00
4.999748229980468750e+00
5.019056797027587891e+00
5.023396015167236328e+00
5.045580863952636719e+00
5.029559135437011719e+00
5.070158004760742188e+00
5.018972873687744141e+00
5.004199028015136719e+00
5.016869544982910156e+00
5.009748935699462891e+00
5.061219692230224609e+00
5.009575366973876953e+00
5.008309364318847656e+00
5.117174148559570312e+00
5.031916618347167969e+00
5.015626907348632812e+00
5.008596420288085938e+00
5.022305488586425781e+00
5.001545906066894531e+00
5.019231319427490234e+00
5.022532463073730469e+00
5.047243118286132812e+00
5.005589008331298828e+00
5.011678218841552734e+00
5.008803844451904297e+00
4.999125003814697266e+00
5.013739585876464844e+00
5.006168365478515625e+00
5.012336730957031250e+00
5.015795230865478516e+00
4.996129989624023438e+00
5.025656223297119141e+00
5.011984348297119141e+00
4.993437767028808594e+00
5.017014503479003906e+00
5.012680053710937500e+00
5.014332771301269531e+00
4.999726295471191406e+00
5.015717029571533203e+00
4.990813732147216797e+00
5.017596721649169922e+00
4.994058609008789062e+00
4.989014625549316406e+00
5.005957126617431641e+00
5.035904407501220703e+00
5.003341197967529297e+00
4.989101886749267578e+00
4.997143745422363281e+00
5.007631301879882812e+00
5.018679618835449219e+00
5.012956142425537109e+00
5.032242298126220703e+00
5.004554271697998047e+00
5.007927417755126953e+00
5.025450229644775391e+00
5.010685443878173828e+00
5.042228698730468750e+00
4.996042251586914062e+00
4.995880126953125000e+00
5.005096435546875000e+00
5.019793510437011719e+00
5.002694129943847656e+00
4.995341300964355469e+00
5.013821601867675781e+00
4.998108386993408203e+00
4.998200893402099609e+00
5.001106262207031250e+00
4.999399185180664062e+00
5.005515098571777344e+00
5.022745132446289062e+00
5.030562400817871094e+00
5.014148712158203125e+00
5.029764175415039062e+00
5.002478122711181641e+00
5.006666183471679688e+00
5.027506828308105469e+00
5.000359535217285156e+00
5.029253005981445312e+00
5.017192363739013672e+00
5.004456043243408203e+00
5.015421390533447266e+00
4.997085571289062500e+00
5.019551277160644531e+00
5.012656211853027344e+00
5.020016670227050781e+00
5.007472038269042969e+00
5.001363754272460938e+00
5.033952236175537109e+00
5.004677295684814453e+00
5.014772415161132812e+00
5.017001152038574219e+00
5.006115913391113281e+00
5.003808498382568359e+00
5.006360530853271484e+00
5.003156185150146484e+00
5.001076221466064453e+00
5.017771244049072266e+00
4.998250007629394531e+00
5.002242088317871094e+00
5.022847175598144531e+00
5.001343727111816406e+00
5.005065917968750000e+00
5.020128250122070312e+00
5.014629364013671875e+00
5.013914585113525391e+00
5.000211715698242188e+00
5.014397621154785156e+00
5.016744613647460938e+00
5.023265838623046875e+00
5.042031288146972656e+00
5.010171890258789062e+00
5.020042419433593750e+00
4.996278762817382812e+00
4.996263504028320312e+00
4.994649410247802734e+00
5.005492210388183594e+00
5.008698463439941406e+00
5.000830650329589844e+00
5.003982067108154297e+00
4.998775482177734375e+00
4.995752334594726562e+00
5.000762462615966797e+00
4.991040229797363281e+00
5.005133628845214844e+00
4.996576309204101562e+00
5.011257171630859375e+00
5.015172004699707031e+00
4.993894100189208984e+00
5.003148078918457031e+00
4.999538421630859375e+00
5.025752067565917969e+00
5.018345355987548828e+00
4.995064735412597656e+00
5.006555080413818359e+00
4.996755599975585938e+00
4.999906063079833984e+00
5.008987903594970703e+00
5.020219802856445312e+00
4.986940860748291016e+00
5.005949497222900391e+00
5.007717609405517578e+00
4.989154338836669922e+00
5.023637294769287109e+00
5.004152774810791016e+00
4.991203308105468750e+00
4.987880229949951172e+00
5.014920711517333984e+00
5.005648612976074219e+00
5.050879001617431641e+00
4.995007038116455078e+00
4.996707916259765625e+00
5.004093170166015625e+00
5.023869514465332031e+00
5.003336906433105469e+00
5.009600162506103516e+00
5.011940479278564453e+00
5.013320922851562500e+00
4.998182296752929688e+00
5.026330947875976562e+00
5.007548809051513672e+00
5.010519981384277344e+00
4.997918605804443359e+00
5.009227275848388672e+00
5.012743949890136719e+00
5.010626316070556641e+00
4.995633602142333984e+00
4.992377281188964844e+00
5.006504535675048828e+00
4.998681545257568359e+00
5.034679889678955078e+00
5.010944366455078125e+00
5.035640716552734375e+00
5.015690326690673828e+00
5.018239498138427734e+00
4.994044303894042969e+00
5.024461746215820312e+00
5.007131576538085938e+00
5.003170013427734375e+00
5.007907867431640625e+00
4.991941928863525391e+00
5.010425567626953125e+00
5.013080120086669922e+00
5.018709182739257812e+00
5.034440040588378906e+00
5.002398490905761719e+00
5.003380775451660156e+00
4.991458892822265625e+00
5.010367870330810547e+00
4.993703842163085938e+00
5.013008117675781250e+00
4.998663902282714844e+00
4.984941959381103516e+00
4.996347904205322266e+00
5.004193305969238281e+00
5.007228374481201172e+00
5.020954132080078125e+00
5.000178337097167969e+00
4.994948387145996094e+00
5.036709785461425781e+00
5.025974750518798828e+00
4.995447635650634766e+00
5.005146980285644531e+00
5.014403343200683594e+00
4.993818283081054688e+00
5.004307270050048828e+00
5.017067909240722656e+00
4.986900329589843750e+00
5.011964321136474609e+00
4.997093200683593750e+00
4.994470596313476562e+00
5.023944377899169922e+00
5.003125667572021484e+00
5.011176586151123047e+00
5.004321098327636719e+00
5.001723289489746094e+00
4.988463401794433594e+00
4.997770309448242188e+00
4.999776363372802734e+00
5.010446548461914062e+00
4.989846706390380859e+00
5.004227638244628906e+00
4.990536212921142578e+00
5.000720500946044922e+00
4.996515750885009766e+00
5.001901149749755859e+00
5.005446910858154297e+00
4.991080284118652344e+00
4.989704132080078125e+00
5.034971237182617188e+00
