6.843310832977294922e+00
6.631447792053222656e+00
6.458802223205566406e+00
6.423698425292968750e+00
6.320420265197753906e+00
6.189035415649414062e+00
6.217865943908691406e+00
6.295229434967041016e+00
6.117166519165039062e+00
6.247690677642822266e+00
6.169725418090820312e+00
6.075499534606933594e+00
6.069949626922607422e+00
6.123256206512451172e+00
6.058220863342285156e+00
6.050311088562011719e+00
6.037205696105957031e+00
5.998759269714355469e+00
6.086059093475341797e+00
6.275712966918945312e+00
6.172071456909179688e+00
6.106725692749023438e+00
6.046909332275390625e+00
5.983329296112060547e+00
5.996253490447998047e+00
5.937427520751953125e+00
6.159157276153564453e+00
5.975031852722167969e+00
5.968418121337890625e+00
6.000712394714355469e+00
6.337001800537109375e+00
5.994161128997802734e+00
5.936780452728271484e+00
5.908824920654296875e+00
5.928384780883789062e+00
5.915263175964355469e+00
5.923257350921630859e+00
5.849006652832031250e+00
6.025158882141113281e+00
5.883996009826660156e+00
5.856484889984130859e+00
5.969359397888183594e+00
5.853141784667968750e+00
5.998219966888427734e+00
5.863459110260009766e+00
5.865289688110351562e+00
5.771621227264404297e+00
5.942267417907714844e+00
5.803077697753906250e+00
5.856142044067382812e+00
5.884757041931152344e+00
5.983334064483642578e+00
5.836799621582031250e+00
5.952775001525878906e+00
6.051889419555664062e+00
5.818527221679687500e+00
5.773808479309082031e+00
5.782651901245117188e+00
5.841709613800048828e+00
6.021719455718994141e+00
5.790997982025146484e+00
5.791346549987792969e+00
6.050990581512451172e+00
5.777805805206298828e+00
5.832352161407470703e+00
5.920223236083984375e+00
5.840123176574707031e+00
5.959300041198730469e+00
5.859998703002929688e+00
5.781836509704589844e+00
5.723536491394042969e+00
5.873139381408691406e+00
5.851370811462402344e+00
5.804127693176269531e+00
5.840905189514160156e+00
6.040097713470458984e+00
5.771393775939941406e+00
5.727741241455078125e+00
5.814776897430419922e+00
5.755862712860107422e+00
5.838179588317871094e+00
5.797234058380126953e+00
5.792550086975097656e+00
5.758705139160156250e+00
5.793577194213867188e+00
5.753614425659179688e+00
5.771219253540039062e+00
5.705384254455566406e+00
5.842951297760009766e+00
5.851391315460205078e+00
5.742605686187744141e+00
5.762751579284667969e+00
5.709280967712402344e+00
5.762392044067382812e+00
5.799178123474121094e+00
5.743385314941406250e+00
5.821655273437500000e+00
5.776125907897949219e+00
5.806316852569580078e+00
5.708069801330566406e+00
5.766843795776367188e+00
5.714159011840820312e+00
5.714421749114990234e+00
5.710466384887695312e+00
5.674434661865234375e+00
5.710187435150146484e+00
5.862325191497802734e+00
5.820231437683105469e+00
5.680757522583007812e+00
5.843439579010009766e+00
5.780762195587158203e+00
5.911229610443115234e+00
5.775134563446044922e+00
5.851899147033691406e+00
5.765553474426269531e+00
5.774220466613769531e+00
5.740101814270019531e+00
5.804170131683349609e+00
5.757584571838378906e+00
5.721891403198242188e+00
5.805869102478027344e+00
5.728824138641357422e+00
5.729409694671630859e+00
5.760059356689453125e+00
5.745477676391601562e+00
5.731750011444091797e+00
5.825129985809326172e+00
5.876409530639648438e+00
5.655773162841796875e+00
5.736266613006591797e+00
5.700392723083496094e+00
5.748064041137695312e+00
5.643520832061767578e+00
5.726001739501953125e+00
5.680930137634277344e+00
5.754324913024902344e+00
5.762585163116455078e+00
5.675861835479736328e+00
5.661171913146972656e+00
5.727788925170898438e+00
5.850437641143798828e+00
5.671890258789062500e+00
5.734206199645996094e+00
5.661217212677001953e+00
5.842977046966552734e+00
5.923650741577148438e+00
5.694966793060302734e+00
5.771446228027343750e+00
5.790161132812500000e+00
5.730110168457031250e+00
5.772605419158935547e+00
5.656027793884277344e+00
5.738374710083007812e+00
5.621887207031250000e+00
5.768893241882324219e+00
5.821727275848388672e+00
5.751324176788330078e+00
5.664559364318847656e+00
5.699593544006347656e+00
5.751991271972656250e+00
5.763711929321289062e+00
5.676402568817138672e+00
5.565080165863037109e+00
5.681644439697265625e+00
5.724419593811035156e+00
5.647425651550292969e+00
5.717904090881347656e+00
5.664265155792236328e+00
5.787593364715576172e+00
5.798682212829589844e+00
5.748780250549316406e+00
5.703033924102783203e+00
5.684018135070800781e+00
5.883989810943603516e+00
5.733468055725097656e+00
5.732697963714599609e+00
5.554763317108154297e+00
5.618275642395019531e+00
5.609583854675292969e+00
5.760169506072998047e+00
5.704290390014648438e+00
5.634576797485351562e+00
5.625598430633544922e+00
5.764458179473876953e+00
5.692425727844238281e+00
5.699954032897949219e+00
5.737873077392578125e+00
5.695983886718750000e+00
5.625313282012939453e+00
5.659845829010009766e+00
5.787050247192382812e+00
5.621540546417236328e+00
5.832451343536376953e+00
5.845631599426269531e+00
5.807297706604003906e+00
5.663569927215576172e+00
5.743952274322509766e+00
5.653773784637451172e+00
5.679515838623046875e+00
5.575695514678955078e+00
5.608085155487060547e+00
5.679469108581542969e+00
5.688444137573242188e+00
5.654125213623046875e+00
5.750072479248046875e+00
5.729259490966796875e+00
5.746917247772216797e+00
5.696110725402832031e+00
5.842935562133789062e+00
5.640213012695312500e+00
5.672689437866210938e+00
5.793574333190917969e+00
5.646055221557617188e+00
5.689157009124755859e+00
5.730624198913574219e+00
5.705118656158447266e+00
5.738910198211669922e+00
5.737363815307617188e+00
5.637795925140380859e+00
5.637829780578613281e+00
5.758005619049072266e+00
5.881178855895996094e+00
5.665145397186279297e+00
5.651451110839843750e+00
5.673214912414550781e+00
5.702516078948974609e+00
5.637004852294921875e+00
5.765498638153076172e+00
5.718070030212402344e+00
5.895516395568847656e+00
5.705756664276123047e+00
5.665993213653564453e+00
5.609755992889404297e+00
5.796956062316894531e+00
5.617441177368164062e+00
5.701009273529052734e+00
5.632643222808837891e+00
5.616862297058105469e+00
5.664529323577880859e+00
5.667582511901855469e+00
5.584254741668701172e+00
5.705099105834960938e+00
5.555622100830078125e+00
5.602574825286865234e+00
5.900939941406250000e+00
5.636956691741943359e+00
5.750576019287109375e+00
5.659606456756591797e+00
5.854577064514160156e+00
5.626081943511962891e+00
5.712746620178222656e+00
5.751160621643066406e+00
5.793983936309814453e+00
5.614641666412353516e+00
5.782851219177246094e+00
5.636875152587890625e+00
5.721813678741455078e+00
5.665267944335937500e+00
5.818014144897460938e+00
5.708372116088867188e+00
5.663844108581542969e+00
5.740529060363769531e+00
5.760993480682373047e+00
5.750726699829101562e+00
5.697261810302734375e+00
5.882329463958740234e+00
5.748242378234863281e+00
5.790372848510742188e+00
5.700328350067138672e+00
5.695336341857910156e+00
5.584449768066406250e+00
5.651674747467041016e+00
5.657565116882324219e+00
5.624138832092285156e+00
5.864054679870605469e+00
5.735942840576171875e+00
5.603800773620605469e+00
5.652889251708984375e+00
5.670147895812988281e+00
5.698609352111816406e+00
5.729667186737060547e+00
5.892889976501464844e+00
5.682199001312255859e+00
5.656437397003173828e+00
5.628332614898681641e+00
5.605358123779296875e+00
5.630819320678710938e+00
5.668447017669677734e+00
5.661719322204589844e+00
5.597558975219726562e+00
5.762783050537109375e+00
5.557604789733886719e+00
5.797768592834472656e+00
5.626047134399414062e+00
5.706295013427734375e+00
5.631489276885986328e+00
5.664031028747558594e+00
5.661989212036132812e+00
5.549220085144042969e+00
5.575952529907226562e+00
5.638486862182617188e+00
5.627807140350341797e+00
5.661655426025390625e+00
5.651949405670166016e+00
5.681424140930175781e+00
5.747359275817871094e+00
5.614732742309570312e+00
5.626255989074707031e+00
5.627873897552490234e+00
5.694174766540527344e+00
5.715093135833740234e+00
5.721833705902099609e+00
5.652103900909423828e+00
5.814164161682128906e+00
5.646718978881835938e+00
5.801868438720703125e+00
5.644024372100830078e+00
5.617953300476074219e+00
5.611660003662109375e+00
5.751406669616699219e+00
5.569058418273925781e+00
5.724696636199951172e+00
5.640004158020019531e+00
5.819178581237792969e+00
5.658092975616455078e+00
5.653706073760986328e+00
5.586909294128417969e+00
5.587742805480957031e+00
5.668473720550537109e+00
5.696434974670410156e+00
5.720083236694335938e+00
5.678597450256347656e+00
5.631981849670410156e+00
5.811734199523925781e+00
5.624316692352294922e+00
5.614378452301025391e+00
5.639080524444580078e+00
5.675936698913574219e+00
5.690399169921875000e+00
5.704079627990722656e+00
5.636607170104980469e+00
5.615647792816162109e+00
5.670203208923339844e+00
5.660992145538330078e+00
5.517010688781738281e+00
5.790637969970703125e+00
5.708158969879150391e+00
5.600323677062988281e+00
5.736649513244628906e+00
5.537045955657958984e+00
5.655159950256347656e+00
5.752592086791992188e+00
5.718309402465820312e+00
5.614191055297851562e+00
5.594347476959228516e+00
5.605346679687500000e+00
5.618256092071533203e+00
5.564595222473144531e+00
5.552707672119140625e+00
5.600341320037841797e+00
5.753266334533691406e+00
5.561457633972167969e+00
5.786278724670410156e+00
5.664486408233642578e+00
5.761593818664550781e+00
5.542036533355712891e+00
5.652317047119140625e+00
5.647890090942382812e+00
5.643991947174072266e+00
5.608714103698730469e+00
5.682490348815917969e+00
5.689823627471923828e+00
5.633966445922851562e+00
5.538589000701904297e+00
5.509313583374023438e+00
5.687623023986816406e+00
5.601128101348876953e+00
5.582754135131835938e+00
5.568827152252197266e+00
5.751605033874511719e+00
5.580328941345214844e+00
5.640600204467773438e+00
5.562513351440429688e+00
5.840591430664062500e+00
5.919819355010986328e+00
5.707783222198486328e+00
5.642150878906250000e+00
5.644160270690917969e+00
5.568367958068847656e+00
5.765205860137939453e+00
5.577143192291259766e+00
5.717980384826660156e+00
5.688138008117675781e+00
5.646089553833007812e+00
5.665338516235351562e+00
5.610883712768554688e+00
5.673098087310791016e+00
5.636517524719238281e+00
5.641393184661865234e+00
5.596936225891113281e+00
5.727577686309814453e+00
5.619330406188964844e+00
5.596450328826904297e+00
5.667869091033935547e+00
5.649613857269287109e+00
5.604464054107666016e+00
5.633510589599609375e+00
5.676676750183105469e+00
5.567801475524902344e+00
5.530669689178466797e+00
5.608902454376220703e+00
5.680220603942871094e+00
5.653877258300781250e+00
5.571062088012695312e+00
5.579009056091308594e+00
5.658437728881835938e+00
5.883067131042480469e+00
5.601885318756103516e+00
5.576911926269531250e+00
5.656956195831298828e+00
5.528559684753417969e+00
5.753510475158691406e+00
5.596072196960449219e+00
5.554336547851562500e+00
5.574182510375976562e+00
5.589952468872070312e+00
5.553548812866210938e+00
5.684947013854980469e+00
5.674194812774658203e+00
5.580308914184570312e+00
5.606197357177734375e+00
5.581908702850341797e+00
5.500555515289306641e+00
5.720248699188232422e+00
5.706891536712646484e+00
5.666443347930908203e+00
5.614804744720458984e+00
5.565054893493652344e+00
5.624645709991455078e+00
5.584248542785644531e+00
5.503171920776367188e+00
5.538367271423339844e+00
5.617281913757324219e+00
5.592180252075195312e+00
5.748839378356933594e+00
5.556823253631591797e+00
5.540400505065917969e+00
5.559084415435791016e+00
5.615981101989746094e+00
5.624045372009277344e+00
5.522940158843994141e+00
5.501607894897460938e+00
5.563323020935058594e+00
5.599672317504882812e+00
5.588838577270507812e+00
5.536357879638671875e+00
5.592282295227050781e+00
5.616003036499023438e+00
5.705103874206542969e+00
5.672182559967041016e+00
5.611845016479492188e+00
5.672479152679443359e+00
5.542407512664794922e+00
5.620325565338134766e+00
5.610382080078125000e+00
5.650982856750488281e+00
5.790320396423339844e+00
5.513329505920410156e+00
5.708916187286376953e+00
5.648786544799804688e+00
5.665158271789550781e+00
5.633934974670410156e+00
5.666604042053222656e+00
5.568815708160400391e+00
5.592710971832275391e+00
5.692601203918457031e+00
5.599030017852783203e+00
5.553937435150146484e+00
5.625057220458984375e+00
5.532871246337890625e+00
5.616177082061767578e+00
5.584946632385253906e+00
5.676298618316650391e+00
5.513997554779052734e+00
5.576649665832519531e+00
5.700721263885498047e+00
5.626896381378173828e+00
5.547488689422607422e+00
5.578927040100097656e+00
5.627054214477539062e+00
5.944801330566406250e+00
5.666274070739746094e+00
5.563667297363281250e+00
5.530194759368896484e+00
5.682395458221435547e+00
5.563037395477294922e+00
5.555815696716308594e+00
5.660573959350585938e+00
5.918451309204101562e+00
5.580695152282714844e+00
5.641143321990966797e+00
5.626188278198242188e+00
5.778781890869140625e+00
5.576376914978027344e+00
5.551803588867187500e+00
5.642565727233886719e+00
5.653936386108398438e+00
5.518604755401611328e+00
5.714596748352050781e+00
5.645209312438964844e+00
5.569603919982910156e+00
5.658996105194091797e+00
5.711248397827148438e+00
5.653975486755371094e+00
5.602346897125244141e+00
5.515970230102539062e+00
5.528586387634277344e+00
5.629284381866455078e+00
5.604658126831054688e+00
5.608756065368652344e+00
5.612560272216796875e+00
5.592689514160156250e+00
5.591211318969726562e+00
5.623094558715820312e+00
5.594020843505859375e+00
5.631258487701416016e+00
5.598433494567871094e+00
5.636045455932617188e+00
5.549858570098876953e+00
5.515336513519287109e+00
5.656003475189208984e+00
5.587877273559570312e+00
5.765365123748779297e+00
5.567450523376464844e+00
5.610036849975585938e+00
5.525552749633789062e+00
5.570832729339599609e+00
5.519352436065673828e+00
5.558439254760742188e+00
5.677938461303710938e+00
5.607528209686279297e+00
5.640808582305908203e+00
5.550205707550048828e+00
5.691308975219726562e+00
5.515145778656005859e+00
5.700193881988525391e+00
5.521700382232666016e+00
5.518542289733886719e+00
5.511638641357421875e+00
5.668227195739746094e+00
5.645426750183105469e+00
5.612418174743652344e+00
5.592090606689453125e+00
5.743953704833984375e+00
5.661917686462402344e+00
5.640206813812255859e+00
5.647568225860595703e+00
5.568114757537841797e+00
5.670881271362304688e+00
5.703665256500244141e+00
5.750294208526611328e+00
5.532975673675537109e+00
5.691644668579101562e+00
5.813225746154785156e+00
5.728427886962890625e+00
5.570249557495117188e+00
5.671869277954101562e+00
5.589985847473144531e+00
5.541143417358398438e+00
5.605949878692626953e+00
5.656767845153808594e+00
5.543383121490478516e+00
5.636333942413330078e+00
5.508025646209716797e+00
5.619147300720214844e+00
5.606422901153564453e+00
5.610748291015625000e+00
5.580671787261962891e+00
5.721102714538574219e+00
5.569219589233398438e+00
5.535079956054687500e+00
5.518500328063964844e+00
5.598039627075195312e+00
5.520790576934814453e+00
5.724183082580566406e+00
5.568737983703613281e+00
5.612965583801269531e+00
5.587987899780273438e+00
5.585068702697753906e+00
5.604860782623291016e+00
5.590613842010498047e+00
5.572872638702392578e+00
5.567214488983154297e+00
5.606252670288085938e+00
5.515757560729980469e+00
5.590985774993896484e+00
5.522173881530761719e+00
5.803915977478027344e+00
5.524315357208251953e+00
5.612580776214599609e+00
5.623969078063964844e+00
5.620032787322998047e+00
5.633148193359375000e+00
5.581584930419921875e+00
5.586495399475097656e+00
5.535693645477294922e+00
5.613571643829345703e+00
5.577570915222167969e+00
5.624574184417724609e+00
5.726746559143066406e+00
5.596818923950195312e+00
5.628180980682373047e+00
5.545150756835937500e+00
5.512234687805175781e+00
5.586612224578857422e+00
5.553620338439941406e+00
5.754606723785400391e+00
5.672183990478515625e+00
5.591529369354248047e+00
5.665521621704101562e+00
5.497650146484375000e+00
5.541145801544189453e+00
5.705777645111083984e+00
5.557799816131591797e+00
5.664608001708984375e+00
5.493479728698730469e+00
5.609536170959472656e+00
5.693305015563964844e+00
5.480441093444824219e+00
5.550411224365234375e+00
5.572424888610839844e+00
5.591247558593750000e+00
5.530515193939208984e+00
5.526850700378417969e+00
5.644274234771728516e+00
5.562132835388183594e+00
5.620021820068359375e+00
5.567815780639648438e+00
5.736662864685058594e+00
5.495279312133789062e+00
5.569418430328369141e+00
5.688671112060546875e+00
5.583716392517089844e+00
5.634809494018554688e+00
5.541790962219238281e+00
5.559300422668457031e+00
5.538305759429931641e+00
5.632161140441894531e+00
5.770542621612548828e+00
5.584332942962646484e+00
5.662443161010742188e+00
5.559337139129638672e+00
5.574327468872070312e+00
5.603000640869140625e+00
5.554603576660156250e+00
5.573971748352050781e+00
5.583589553833007812e+00
5.499651908874511719e+00
5.622053623199462891e+00
5.616436481475830078e+00
5.555534839630126953e+00
5.570343017578125000e+00
5.570566177368164062e+00
5.689315795898437500e+00
5.501567840576171875e+00
5.603778839111328125e+00
5.587473869323730469e+00
5.615057945251464844e+00
5.503463745117187500e+00
5.620304107666015625e+00
5.579338550567626953e+00
5.704499244689941406e+00
5.689973831176757812e+00
5.538795471191406250e+00
5.532662391662597656e+00
5.668531894683837891e+00
5.663480281829833984e+00
5.553124904632568359e+00
5.600242614746093750e+00
5.611330509185791016e+00
5.611899375915527344e+00
5.559558868408203125e+00
5.496302127838134766e+00
5.492612838745117188e+00
5.708612442016601562e+00
5.637160301208496094e+00
5.520328521728515625e+00
5.674094676971435547e+00
5.562590122222900391e+00
5.583731651306152344e+00
5.598144531250000000e+00
5.595975399017333984e+00
5.499709606170654297e+00
5.635499477386474609e+00
5.563203334808349609e+00
5.562598228454589844e+00
5.548702716827392578e+00
5.645550727844238281e+00
5.546942710876464844e+00
5.626755714416503906e+00
5.534334659576416016e+00
5.597334384918212891e+00
5.594491481781005859e+00
5.631025314331054688e+00
5.677958011627197266e+00
5.591161251068115234e+00
5.505105495452880859e+00
5.618887424468994141e+00
5.511217117309570312e+00
5.542582511901855469e+00
5.689589977264404297e+00
5.523226261138916016e+00
5.535418033599853516e+00
5.561110496520996094e+00
5.722124099731445312e+00
5.600018501281738281e+00
5.596582412719726562e+00
5.601248264312744141e+00
5.563805580139160156e+00
5.736110687255859375e+00
5.533910274505615234e+00
5.583119869232177734e+00
5.572635173797607422e+00
5.549696445465087891e+00
5.594991683959960938e+00
5.646180152893066406e+00
5.775928020477294922e+00
5.519350051879882812e+00
5.668237686157226562e+00
5.516252040863037109e+00
5.562172889709472656e+00
5.619596004486083984e+00
5.470412731170654297e+00
5.618432044982910156e+00
5.589021682739257812e+00
5.552577972412109375e+00
5.477917671203613281e+00
5.605274677276611328e+00
5.672430992126464844e+00
5.542116641998291016e+00
5.508737564086914062e+00
5.639483451843261719e+00
5.589104175567626953e+00
5.604061126708984375e+00
5.551582336425781250e+00
5.596360206604003906e+00
5.562006473541259766e+00
5.642976760864257812e+00
5.518015861511230469e+00
5.549024581909179688e+00
5.527403831481933594e+00
5.542387962341308594e+00
5.625969409942626953e+00
5.740437984466552734e+00
5.604468345642089844e+00
5.530199050903320312e+00
5.632218360900878906e+00
5.652645111083984375e+00
5.644340515136718750e+00
5.514480590820312500e+00
5.648179531097412109e+00
5.534211158752441406e+00
5.621673107147216797e+00
5.501717567443847656e+00
5.526085853576660156e+00
5.611144065856933594e+00
5.530112266540527344e+00
5.625819683074951172e+00
5.421511650085449219e+00
5.488069534301757812e+00
5.551592350006103516e+00
5.648766994476318359e+00
5.571155071258544922e+00
5.644731521606445312e+00
5.641805648803710938e+00
5.664766788482666016e+00
5.533776760101318359e+00
5.611856460571289062e+00
5.567115783691406250e+00
5.586677551269531250e+00
5.563636779785156250e+00
5.512455940246582031e+00
5.605468750000000000e+00
5.658686637878417969e+00
5.535755157470703125e+00
5.586936950683593750e+00
5.721327304840087891e+00
5.687435150146484375e+00
5.587918758392333984e+00
5.607593059539794922e+00
5.676637649536132812e+00
5.558081626892089844e+00
5.568853855133056641e+00
5.549780368804931641e+00
5.588352203369140625e+00
5.545183181762695312e+00
5.636115550994873047e+00
5.529343605041503906e+00
5.786411285400390625e+00
5.523994445800781250e+00
5.598384857177734375e+00
5.609717369079589844e+00
5.702201843261718750e+00
5.708199977874755859e+00
5.444589614868164062e+00
5.654120445251464844e+00
5.561507701873779297e+00
5.685791969299316406e+00
5.623391151428222656e+00
5.574867248535156250e+00
5.614314079284667969e+00
5.597755908966064453e+00
5.520337104797363281e+00
5.517060279846191406e+00
5.469094276428222656e+00
5.549855232238769531e+00
5.513348102569580078e+00
5.527511119842529297e+00
5.500386238098144531e+00
5.445389270782470703e+00
5.526207923889160156e+00
5.490910530090332031e+00
5.485636711120605469e+00
5.625001907348632812e+00
5.682654380798339844e+00
5.552395820617675781e+00
5.536540031433105469e+00
5.647777080535888672e+00
5.587688922882080078e+00
5.546990871429443359e+00
5.586660861968994141e+00
5.631937503814697266e+00
5.492909431457519531e+00
5.590456008911132812e+00
5.595377922058105469e+00
5.596703529357910156e+00
5.539556503295898438e+00
5.729960441589355469e+00
5.466559410095214844e+00
5.480799674987792969e+00
5.647007465362548828e+00
5.496465682983398438e+00
5.565449237823486328e+00
5.538171768188476562e+00
5.655287742614746094e+00
5.673126220703125000e+00
5.535581111907958984e+00
5.640804767608642578e+00
5.626724243164062500e+00
5.667663574218750000e+00
5.609795093536376953e+00
5.677548885345458984e+00
5.596891880035400391e+00
5.718997955322265625e+00
5.618652343750000000e+00
5.504863739013671875e+00
5.563073158264160156e+00
5.663979053497314453e+00
5.541435241699218750e+00
5.642226219177246094e+00
5.552151679992675781e+00
5.625459194183349609e+00
5.580274581909179688e+00
5.542131900787353516e+00
5.616668701171875000e+00
5.448236465454101562e+00
5.546524047851562500e+00
5.460748672485351562e+00
5.642653465270996094e+00
5.576729774475097656e+00
5.511596679687500000e+00
5.541329860687255859e+00
5.599662303924560547e+00
5.555182456970214844e+00
5.548260688781738281e+00
5.473413467407226562e+00
5.556484222412109375e+00
5.538286209106445312e+00
5.576354026794433594e+00
5.539421081542968750e+00
5.493199825286865234e+00
5.570098876953125000e+00
5.620827674865722656e+00
5.596693515777587891e+00
5.490298748016357422e+00
5.522020339965820312e+00
5.568792343139648438e+00
5.550926685333251953e+00
5.643784523010253906e+00
5.499427795410156250e+00
5.585212707519531250e+00
5.600728034973144531e+00
5.518187046051025391e+00
5.489511013031005859e+00
5.577426910400390625e+00
5.583690643310546875e+00
5.451539993286132812e+00
5.492183208465576172e+00
5.583565711975097656e+00
5.632007122039794922e+00
5.528669357299804688e+00
5.645114898681640625e+00
5.567371368408203125e+00
5.651143550872802734e+00
5.525629043579101562e+00
5.506278038024902344e+00
5.548866271972656250e+00
5.645110130310058594e+00
5.678394794464111328e+00
5.571783542633056641e+00
5.548945426940917969e+00
5.517086505889892578e+00
5.608688354492187500e+00
5.438938617706298828e+00
5.494149208068847656e+00
5.546345710754394531e+00
5.479034900665283203e+00
5.549446582794189453e+00
5.544788360595703125e+00
5.524609565734863281e+00
5.618427276611328125e+00
5.591322898864746094e+00
5.543579578399658203e+00
5.448059082031250000e+00
5.600766181945800781e+00
5.549674034118652344e+00
5.602428913116455078e+00
5.646890640258789062e+00
5.550464630126953125e+00
5.494452953338623047e+00
5.577198982238769531e+00
5.500781059265136719e+00
5.601686954498291016e+00
5.545372962951660156e+00
5.602809906005859375e+00
5.603209972381591797e+00
5.704111576080322266e+00
5.558958053588867188e+00
5.538371562957763672e+00
5.616217613220214844e+00
5.601366996765136719e+00
5.624043464660644531e+00
5.554069042205810547e+00
5.535649776458740234e+00
5.609596252441406250e+00
5.607183933258056641e+00
5.475399494171142578e+00
5.574727058410644531e+00
5.560244560241699219e+00
5.564171791076660156e+00
5.590246677398681641e+00
5.601680755615234375e+00
5.597216129302978516e+00
5.542486190795898438e+00
5.481726646423339844e+00
5.504673480987548828e+00
5.570860385894775391e+00
5.558496952056884766e+00
5.479980468750000000e+00
5.554805755615234375e+00
5.500839233398437500e+00
5.494580268859863281e+00
5.559678077697753906e+00
5.610761165618896484e+00
5.600350379943847656e+00
5.590242862701416016e+00
5.591928482055664062e+00
5.524114608764648438e+00
5.524402618408203125e+00
5.506603717803955078e+00
