1.206393167376518250e-01
3.024617768824100494e-02
-5.800057202577590942e-02
-1.320486068725585938e-01
-1.921709924936294556e-01
-2.791950106620788574e-01
-3.293121159076690674e-01
-4.584656059741973877e-01
-4.483507275581359863e-01
-4.689931571483612061e-01
-4.805553555488586426e-01
-4.859727919101715088e-01
-4.765308499336242676e-01
-5.054367780685424805e-01
-5.379787087440490723e-01
-5.603165626525878906e-01
-6.006209850311279297e-01
-5.468724370002746582e-01
-5.987870097160339355e-01
-5.966516733169555664e-01
-6.386613845825195312e-01
-6.469710469245910645e-01
-6.063625216484069824e-01
-6.368056535720825195e-01
-6.715561151504516602e-01
-6.326936483383178711e-01
-6.756333112716674805e-01
-6.678459048271179199e-01
-7.000567913055419922e-01
-7.407187223434448242e-01
-7.219841480255126953e-01
-7.423825263977050781e-01
-7.391877174377441406e-01
-7.545461058616638184e-01
-7.667674422264099121e-01
-7.431063055992126465e-01
-7.594621181488037109e-01
-7.602207064628601074e-01
-7.259428501129150391e-01
-7.362048625946044922e-01
-7.603192925453186035e-01
-8.347989916801452637e-01
-7.879921793937683105e-01
-8.204929232597351074e-01
-7.953834533691406250e-01
-7.767189145088195801e-01
-8.046927452087402344e-01
-7.933943271636962891e-01
-8.094624876976013184e-01
-8.556101322174072266e-01
-8.148624897003173828e-01
-8.066661953926086426e-01
-8.448873758316040039e-01
-8.297684192657470703e-01
-8.246825933456420898e-01
-8.074884414672851562e-01
-8.358924388885498047e-01
-8.684017062187194824e-01
-8.257573843002319336e-01
-8.351668715476989746e-01
-8.622714877128601074e-01
-8.253030776977539062e-01
-8.474791646003723145e-01
-8.517909049987792969e-01
-8.350224494934082031e-01
-8.354905843734741211e-01
-8.399012684822082520e-01
-8.684949278831481934e-01
-8.690252900123596191e-01
-8.886799812316894531e-01
-8.472132682800292969e-01
-8.812763690948486328e-01
-8.732002973556518555e-01
-8.811210989952087402e-01
-8.972972631454467773e-01
-9.126234054565429688e-01
-8.944653868675231934e-01
-9.141027331352233887e-01
-8.982216715812683105e-01
-9.061836004257202148e-01
-9.137179255485534668e-01
-9.118396043777465820e-01
-8.952659964561462402e-01
-9.319882392883300781e-01
-8.950752019882202148e-01
-8.971419930458068848e-01
-9.354089498519897461e-01
-8.838614225387573242e-01
-8.820941448211669922e-01
-9.126503467559814453e-01
-9.262342453002929688e-01
-9.358964562416076660e-01
-9.475263357162475586e-01
-9.134555459022521973e-01
-9.509733915328979492e-01
-9.010207056999206543e-01
-9.027419686317443848e-01
-9.414872527122497559e-01
-9.192000031471252441e-01
-9.210113286972045898e-01
-9.278911948204040527e-01
-9.526020288467407227e-01
-9.410738945007324219e-01
-9.388311505317687988e-01
-9.424900412559509277e-01
-9.347800612449645996e-01
-9.610829949378967285e-01
-9.611345529556274414e-01
-9.082298874855041504e-01
-9.434049725532531738e-01
-9.207156300544738770e-01
-9.468367099761962891e-01
-9.825032949447631836e-01
-9.477277398109436035e-01
-9.781351089477539062e-01
-9.576779007911682129e-01
-9.301271438598632812e-01
-9.646308422088623047e-01
-9.573831558227539062e-01
-9.185222387313842773e-01
-9.989396333694458008e-01
-9.737405776977539062e-01
-9.962722659111022949e-01
-9.676285982131958008e-01
-9.793750047683715820e-01
-9.712265133857727051e-01
-9.936929345130920410e-01
-9.610631465911865234e-01
-9.875713586807250977e-01
-9.648774862289428711e-01
-9.731771349906921387e-01
-9.605769515037536621e-01
-9.721592664718627930e-01
-9.959946870803833008e-01
-9.971546530723571777e-01
-9.809931516647338867e-01
-9.767286181449890137e-01
-9.656074047088623047e-01
-9.789986014366149902e-01
-1.011193871498107910e+00
-9.830973148345947266e-01
-9.997466802597045898e-01
-9.537831544876098633e-01
-1.002674818038940430e+00
-9.603768587112426758e-01
-9.965126514434814453e-01
-1.011051893234252930e+00
-9.896380901336669922e-01
-1.009756565093994141e+00
-1.005888700485229492e+00
-1.032513260841369629e+00
-1.000800848007202148e+00
-9.820224642753601074e-01
-1.016019463539123535e+00
-1.027994513511657715e+00
-9.759522080421447754e-01
-1.028438091278076172e+00
-1.059754252433776855e+00
-1.037873744964599609e+00
-1.032236099243164062e+00
-1.029900789260864258e+00
-1.049476385116577148e+00
-1.041663885116577148e+00
-1.029659032821655273e+00
-9.989563226699829102e-01
-1.048489212989807129e+00
-1.033969879150390625e+00
-1.033973693847656250e+00
-1.084486842155456543e+00
-1.051146268844604492e+00
-1.075846791267395020e+00
-9.917751550674438477e-01
-1.032149791717529297e+00
-1.025017976760864258e+00
-1.006338834762573242e+00
-1.049088120460510254e+00
-1.033239960670471191e+00
-1.079982757568359375e+00
-1.045678973197937012e+00
-1.076026916503906250e+00
-1.082752943038940430e+00
-9.962214827537536621e-01
-1.066809296607971191e+00
-1.061936259269714355e+00
-1.027022004127502441e+00
-1.054437875747680664e+00
-1.051021099090576172e+00
-1.087494492530822754e+00
-1.063570141792297363e+00
-1.060600996017456055e+00
-1.041503548622131348e+00
-1.084346652030944824e+00
-1.058846235275268555e+00
-1.113810300827026367e+00
-1.096615195274353027e+00
-1.139481663703918457e+00
-1.046915769577026367e+00
-1.137714147567749023e+00
-1.086168766021728516e+00
-1.061537861824035645e+00
-1.084547281265258789e+00
-1.096949934959411621e+00
-1.101093769073486328e+00
-1.119389057159423828e+00
-1.086169600486755371e+00
-1.035424590110778809e+00
-1.055482149124145508e+00
-1.136098146438598633e+00
-1.108219742774963379e+00
-1.134603738784790039e+00
-1.119495511054992676e+00
-1.127647876739501953e+00
-1.131485462188720703e+00
-1.057588815689086914e+00
-1.097949147224426270e+00
-1.145459532737731934e+00
-1.155878543853759766e+00
-1.075751781463623047e+00
-1.082110524177551270e+00
-1.114240527153015137e+00
-1.151828646659851074e+00
-1.114169359207153320e+00
-1.181332349777221680e+00
-1.185485363006591797e+00
-1.081495642662048340e+00
-1.097744464874267578e+00
-1.178889751434326172e+00
-1.129997611045837402e+00
-1.156170368194580078e+00
-1.081131815910339355e+00
-1.117200374603271484e+00
-1.112730383872985840e+00
-1.143650412559509277e+00
-1.148013710975646973e+00
-1.127104043960571289e+00
-1.178450226783752441e+00
-1.100151300430297852e+00
-1.056016802787780762e+00
-1.122230887413024902e+00
-1.181339621543884277e+00
-1.178471326828002930e+00
-1.163553237915039062e+00
-1.189242362976074219e+00
-1.174999952316284180e+00
-1.161819696426391602e+00
-1.163373231887817383e+00
-1.157261133193969727e+00
-1.140940785408020020e+00
-1.236796021461486816e+00
-1.206248164176940918e+00
-1.189072608947753906e+00
-1.140172243118286133e+00
-1.124339461326599121e+00
-1.170738816261291504e+00
-1.113953232765197754e+00
-1.201693296432495117e+00
-1.174974918365478516e+00
-1.161403179168701172e+00
-1.102207064628601074e+00
-1.105328083038330078e+00
-1.326255798339843750e+00
-1.191617488861083984e+00
-1.167408943176269531e+00
-1.178361535072326660e+00
-1.269507408142089844e+00
-1.206730127334594727e+00
-1.191904306411743164e+00
-1.170781016349792480e+00
-1.205929040908813477e+00
-1.225743055343627930e+00
-1.122438311576843262e+00
-1.090782403945922852e+00
-1.236578464508056641e+00
-1.168873667716979980e+00
-1.230023384094238281e+00
-1.228892207145690918e+00
-1.143904209136962891e+00
-1.244886159896850586e+00
-1.261865258216857910e+00
-1.232849597930908203e+00
-1.140900135040283203e+00
-1.175834774971008301e+00
-1.222588181495666504e+00
-1.291047692298889160e+00
-1.123066782951354980e+00
-1.203496694564819336e+00
-1.254078865051269531e+00
-1.174379706382751465e+00
-1.250493168830871582e+00
-1.224213123321533203e+00
-1.178996801376342773e+00
-1.145678520202636719e+00
-1.171445131301879883e+00
-1.219723582267761230e+00
-1.284480810165405273e+00
-1.276155591011047363e+00
-1.151622056961059570e+00
-1.295536518096923828e+00
-1.192795038223266602e+00
-1.278500676155090332e+00
-1.208113312721252441e+00
-1.293502569198608398e+00
-1.151557445526123047e+00
-1.264414668083190918e+00
-1.184067368507385254e+00
-1.251085758209228516e+00
-1.279529690742492676e+00
-1.291753530502319336e+00
-1.239008903503417969e+00
-1.223977923393249512e+00
-1.240614175796508789e+00
-1.274510025978088379e+00
-1.179965734481811523e+00
-1.216763496398925781e+00
-1.200434207916259766e+00
-1.279457688331604004e+00
-1.270169854164123535e+00
-1.115580320358276367e+00
-1.197014570236206055e+00
-1.154907345771789551e+00
-1.224682211875915527e+00
-1.324951648712158203e+00
-1.297165393829345703e+00
-1.266845703125000000e+00
-1.194536685943603516e+00
-1.206761240959167480e+00
-1.177352666854858398e+00
-1.317186832427978516e+00
-1.244970679283142090e+00
-1.200916886329650879e+00
-1.229821681976318359e+00
-1.164151906967163086e+00
-1.120411634445190430e+00
-1.298294901847839355e+00
-1.199295639991760254e+00
-1.266971468925476074e+00
-1.227328300476074219e+00
-1.175970077514648438e+00
-1.197187781333923340e+00
-1.312498450279235840e+00
-1.221160292625427246e+00
-1.256218194961547852e+00
-1.176300406455993652e+00
-1.291888833045959473e+00
-1.265136480331420898e+00
-1.157892942428588867e+00
-1.216259956359863281e+00
-1.311000704765319824e+00
-1.189702391624450684e+00
-1.215866923332214355e+00
-1.249974131584167480e+00
-1.131496667861938477e+00
-1.397369861602783203e+00
-1.258721828460693359e+00
-1.286655187606811523e+00
-1.232264280319213867e+00
-1.194723367691040039e+00
-1.326282858848571777e+00
-1.327454686164855957e+00
-1.373640775680541992e+00
-1.199088692665100098e+00
-1.301870465278625488e+00
-1.212141394615173340e+00
-1.301964879035949707e+00
-1.396407365798950195e+00
-1.274482965469360352e+00
-1.182934165000915527e+00
-1.230544090270996094e+00
-1.305266380310058594e+00
-1.306361317634582520e+00
-1.247713446617126465e+00
-1.276220917701721191e+00
-1.270809173583984375e+00
-1.268646240234375000e+00
-1.404276132583618164e+00
-1.257423996925354004e+00
-1.317521214485168457e+00
-1.234668135643005371e+00
-1.185621500015258789e+00
-1.330712080001831055e+00
-1.271455287933349609e+00
-1.354928851127624512e+00
-1.263797283172607422e+00
-1.406617045402526855e+00
-1.205577611923217773e+00
-1.187209963798522949e+00
-1.283704042434692383e+00
-1.371460795402526855e+00
-1.327563166618347168e+00
-1.263779044151306152e+00
-1.274138212203979492e+00
-1.275418043136596680e+00
-1.098865389823913574e+00
-1.153492450714111328e+00
-1.245577216148376465e+00
-1.199576973915100098e+00
-1.238636851310729980e+00
-1.272441267967224121e+00
-1.226653337478637695e+00
-1.275275707244873047e+00
-1.248420834541320801e+00
-1.225800752639770508e+00
-1.241129994392395020e+00
-1.286327123641967773e+00
-1.205377221107482910e+00
-1.276066780090332031e+00
-1.202902793884277344e+00
-1.290457248687744141e+00
-1.203082799911499023e+00
-1.322680950164794922e+00
-1.284202456474304199e+00
-1.280377626419067383e+00
-1.241203904151916504e+00
-1.269278883934020996e+00
-1.281194448471069336e+00
-1.237172961235046387e+00
-1.268865346908569336e+00
-1.206252813339233398e+00
-1.321858763694763184e+00
-1.274081349372863770e+00
-1.284905195236206055e+00
-1.271527528762817383e+00
-1.309591293334960938e+00
-1.357808709144592285e+00
-1.264115929603576660e+00
-1.325213909149169922e+00
-1.337307929992675781e+00
-1.217815637588500977e+00
-1.288579940795898438e+00
-1.266364216804504395e+00
-1.166078686714172363e+00
-1.280549526214599609e+00
-1.242817163467407227e+00
-1.277494549751281738e+00
-1.281064271926879883e+00
-1.252029538154602051e+00
-1.276549816131591797e+00
-1.256023645401000977e+00
-1.419719934463500977e+00
-1.221599459648132324e+00
-1.305777430534362793e+00
-1.260953068733215332e+00
-1.276020288467407227e+00
-1.217518210411071777e+00
-1.342366695404052734e+00
-1.291386127471923828e+00
-1.238188385963439941e+00
-1.297209739685058594e+00
-1.288865447044372559e+00
-1.310496926307678223e+00
-1.279351353645324707e+00
-1.349041938781738281e+00
-1.309989571571350098e+00
-1.305214643478393555e+00
-1.280734658241271973e+00
-1.353003263473510742e+00
-1.283089995384216309e+00
-1.360773205757141113e+00
-1.337196111679077148e+00
-1.302901744842529297e+00
-1.366067051887512207e+00
-1.279549360275268555e+00
-1.281032919883728027e+00
-1.364951848983764648e+00
-1.202583432197570801e+00
-1.394886732101440430e+00
-1.318108797073364258e+00
-1.157384514808654785e+00
-1.256106734275817871e+00
-1.237146258354187012e+00
-1.181451916694641113e+00
-1.292120814323425293e+00
-1.188199877738952637e+00
-1.261277318000793457e+00
-1.374274611473083496e+00
-1.217302680015563965e+00
-1.362036824226379395e+00
-1.320659399032592773e+00
-1.302320718765258789e+00
-1.273787856101989746e+00
-1.374875307083129883e+00
-1.287482738494873047e+00
-1.241839766502380371e+00
-1.272338032722473145e+00
-1.133714675903320312e+00
-1.307273864746093750e+00
-1.335189819335937500e+00
-1.280376911163330078e+00
-1.279614567756652832e+00
-1.244595527648925781e+00
-1.327652096748352051e+00
-1.284492373466491699e+00
-1.464362263679504395e+00
-1.312392950057983398e+00
-1.274537444114685059e+00
-1.326607346534729004e+00
-1.444120287895202637e+00
-1.210052728652954102e+00
-1.325856566429138184e+00
-1.463849186897277832e+00
-1.322500109672546387e+00
-1.319969534873962402e+00
-1.347545266151428223e+00
-1.176517009735107422e+00
-1.300725221633911133e+00
-1.343894243240356445e+00
-1.297781229019165039e+00
-1.261270523071289062e+00
-1.246882557868957520e+00
-1.377472758293151855e+00
-1.323581814765930176e+00
-1.310727238655090332e+00
-1.273679614067077637e+00
-1.303507685661315918e+00
-1.206033706665039062e+00
-1.391269087791442871e+00
-1.211452007293701172e+00
-1.233947277069091797e+00
-1.323245882987976074e+00
-1.253887653350830078e+00
-1.254200696945190430e+00
-1.348745703697204590e+00
-1.270926475524902344e+00
-1.300387501716613770e+00
-1.321963191032409668e+00
-1.368773698806762695e+00
-1.264958024024963379e+00
-1.349405646324157715e+00
-1.186621785163879395e+00
-1.380288481712341309e+00
-1.332527518272399902e+00
-1.329980969429016113e+00
-1.462689757347106934e+00
-1.322506070137023926e+00
-1.307513475418090820e+00
-1.345810890197753906e+00
-1.292321324348449707e+00
-1.218447208404541016e+00
-1.311544060707092285e+00
-1.332754254341125488e+00
-1.304028868675231934e+00
-1.366963386535644531e+00
-1.314980149269104004e+00
-1.323940157890319824e+00
-1.310926675796508789e+00
-1.263035893440246582e+00
-1.319929003715515137e+00
-1.302186965942382812e+00
-1.349214076995849609e+00
-1.267675161361694336e+00
-1.432969927787780762e+00
-1.264720439910888672e+00
-1.364575386047363281e+00
-1.270252585411071777e+00
-1.221812605857849121e+00
-1.284193634986877441e+00
-1.322602510452270508e+00
-1.324189424514770508e+00
-1.400088906288146973e+00
-1.321934938430786133e+00
-1.298544287681579590e+00
-1.184664368629455566e+00
-1.269016265869140625e+00
-1.378071665763854980e+00
-1.285150408744812012e+00
-1.421792387962341309e+00
-1.284012317657470703e+00
-1.346519947052001953e+00
-1.386974215507507324e+00
-1.182704329490661621e+00
-1.399780035018920898e+00
-1.429441809654235840e+00
-1.339233517646789551e+00
-1.450291156768798828e+00
-1.393135547637939453e+00
-1.398064613342285156e+00
-1.346591711044311523e+00
-1.374250292778015137e+00
-1.336677908897399902e+00
-1.195654630661010742e+00
-1.256632089614868164e+00
-1.278098583221435547e+00
-1.283442735671997070e+00
-1.213312506675720215e+00
-1.279287338256835938e+00
-1.253904223442077637e+00
-1.292255043983459473e+00
-1.326640367507934570e+00
-1.197270035743713379e+00
-1.259820222854614258e+00
-1.224873185157775879e+00
-1.298542022705078125e+00
-1.208097577095031738e+00
-1.304777979850769043e+00
-1.327939987182617188e+00
-1.280669093132019043e+00
-1.279714941978454590e+00
-1.352320909500122070e+00
-1.229779481887817383e+00
-1.304492235183715820e+00
-1.299044251441955566e+00
-1.218685150146484375e+00
-1.356611371040344238e+00
-1.306802153587341309e+00
-1.369408726692199707e+00
-1.284603118896484375e+00
-1.327287912368774414e+00
-1.269118666648864746e+00
-1.311204791069030762e+00
-1.313588261604309082e+00
-1.268922567367553711e+00
-1.262705087661743164e+00
-1.327139377593994141e+00
-1.282444119453430176e+00
-1.415124535560607910e+00
-1.285260558128356934e+00
-1.215370655059814453e+00
-1.216006398200988770e+00
-1.284554243087768555e+00
-1.376365303993225098e+00
-1.216904520988464355e+00
-1.319705486297607422e+00
-1.431103348731994629e+00
-1.291385293006896973e+00
-1.260298848152160645e+00
-1.349454045295715332e+00
-1.266080856323242188e+00
-1.323032021522521973e+00
-1.362571835517883301e+00
-1.401611924171447754e+00
-1.221847057342529297e+00
-1.332630634307861328e+00
-1.325669407844543457e+00
-1.293008923530578613e+00
-1.289391756057739258e+00
-1.337264180183410645e+00
-1.324260711669921875e+00
-1.348129034042358398e+00
-1.341528177261352539e+00
-1.205039024353027344e+00
-1.353560447692871094e+00
-1.339166402816772461e+00
-1.377973675727844238e+00
-1.378976583480834961e+00
-1.334286928176879883e+00
-1.455369353294372559e+00
-1.323177456855773926e+00
-1.292427062988281250e+00
-1.362193822860717773e+00
-1.254188179969787598e+00
-1.289367198944091797e+00
-1.311329245567321777e+00
-1.425733566284179688e+00
-1.229529142379760742e+00
-1.388714194297790527e+00
-1.366094112396240234e+00
-1.430247545242309570e+00
-1.300897955894470215e+00
-1.371344447135925293e+00
-1.469857335090637207e+00
-1.310877919197082520e+00
-1.240910172462463379e+00
-1.342723369598388672e+00
-1.338316559791564941e+00
-1.413861155509948730e+00
-1.311400532722473145e+00
-1.303522825241088867e+00
-1.431547760963439941e+00
-1.501444935798645020e+00
-1.234335064888000488e+00
-1.385227918624877930e+00
-1.229352116584777832e+00
-1.252713680267333984e+00
-1.225261569023132324e+00
-1.281326174736022949e+00
-1.217500329017639160e+00
-1.399906158447265625e+00
-1.336573839187622070e+00
-1.276459097862243652e+00
-1.353884339332580566e+00
-1.412424683570861816e+00
-1.465926408767700195e+00
-1.408930897712707520e+00
-1.354525923728942871e+00
-1.303147196769714355e+00
-1.366369724273681641e+00
-1.282473325729370117e+00
-1.358597397804260254e+00
-1.281561493873596191e+00
-1.373119711875915527e+00
-1.282776236534118652e+00
-1.437352657318115234e+00
-1.392198085784912109e+00
-1.354696989059448242e+00
-1.293719053268432617e+00
-1.255396246910095215e+00
-1.220121502876281738e+00
-1.356045246124267578e+00
-1.448348164558410645e+00
-1.400147557258605957e+00
-1.266101360321044922e+00
-1.493351578712463379e+00
-1.368679046630859375e+00
-1.415145516395568848e+00
-1.406081795692443848e+00
-1.263769149780273438e+00
-1.350988626480102539e+00
-1.395465135574340820e+00
-1.403593659400939941e+00
-1.311716556549072266e+00
-1.388655185699462891e+00
-1.369948148727416992e+00
-1.477154016494750977e+00
-1.404146790504455566e+00
-1.310008168220520020e+00
-1.300532579421997070e+00
-1.261889100074768066e+00
-1.349187612533569336e+00
-1.409917831420898438e+00
-1.372798204421997070e+00
-1.265486478805541992e+00
-1.373892664909362793e+00
-1.317760348320007324e+00
-1.430265188217163086e+00
-1.298230290412902832e+00
-1.268890619277954102e+00
-1.330194473266601562e+00
-1.267652511596679688e+00
-1.235928654670715332e+00
-1.347360610961914062e+00
-1.175665736198425293e+00
-1.347558736801147461e+00
-1.252215147018432617e+00
-1.336789369583129883e+00
-1.317270040512084961e+00
-1.285871386528015137e+00
-1.347392916679382324e+00
-1.505852937698364258e+00
-1.308644890785217285e+00
-1.308059334754943848e+00
-1.321416139602661133e+00
-1.229810357093811035e+00
-1.348079681396484375e+00
-1.337823748588562012e+00
-1.417792439460754395e+00
-1.248364567756652832e+00
-1.304136872291564941e+00
-1.238712906837463379e+00
-1.345405220985412598e+00
-1.270110130310058594e+00
-1.373669862747192383e+00
-1.391912221908569336e+00
-1.363102912902832031e+00
-1.484314560890197754e+00
-1.367295622825622559e+00
-1.488029718399047852e+00
-1.337882995605468750e+00
-1.291876077651977539e+00
-1.264718890190124512e+00
-1.473901152610778809e+00
-1.323208212852478027e+00
-1.316823363304138184e+00
-1.334448456764221191e+00
-1.370770335197448730e+00
-1.331721067428588867e+00
-1.351122379302978516e+00
-1.314197063446044922e+00
-1.391572475433349609e+00
-1.274677157402038574e+00
-1.283038854598999023e+00
-1.298985362052917480e+00
-1.452187776565551758e+00
-1.449147462844848633e+00
-1.275161147117614746e+00
-1.445171594619750977e+00
-1.338347315788269043e+00
-1.171316385269165039e+00
-1.335423231124877930e+00
-1.397392988204956055e+00
-1.270467162132263184e+00
-1.370982527732849121e+00
-1.306632041931152344e+00
-1.333196401596069336e+00
-1.319023013114929199e+00
-1.282145619392395020e+00
-1.430111050605773926e+00
-1.515287995338439941e+00
-1.333917737007141113e+00
-1.438067555427551270e+00
-1.284098863601684570e+00
-1.208644747734069824e+00
-1.357949137687683105e+00
-1.335805654525756836e+00
-1.327902078628540039e+00
-1.284383893013000488e+00
-1.341492176055908203e+00
-1.325743913650512695e+00
-1.330371856689453125e+00
-1.360321998596191406e+00
-1.223715543746948242e+00
-1.376733899116516113e+00
-1.347028136253356934e+00
-1.426393866539001465e+00
-1.552463769912719727e+00
-1.260333061218261719e+00
-1.349662065505981445e+00
-1.323731064796447754e+00
-1.301664948463439941e+00
-1.393063783645629883e+00
-1.393129825592041016e+00
-1.401998400688171387e+00
-1.447803974151611328e+00
-1.489562630653381348e+00
-1.367365598678588867e+00
-1.449490666389465332e+00
-1.375345230102539062e+00
-1.228996992111206055e+00
-1.420399546623229980e+00
-1.332197427749633789e+00
-1.349971294403076172e+00
-1.399110674858093262e+00
-1.381451964378356934e+00
-1.216252326965332031e+00
-1.299898982048034668e+00
-1.461250185966491699e+00
-1.329716324806213379e+00
-1.283615350723266602e+00
-1.360244274139404297e+00
-1.253188610076904297e+00
-1.428879499435424805e+00
-1.387264132499694824e+00
-1.395742297172546387e+00
-1.274427890777587891e+00
-1.351715326309204102e+00
-1.301141738891601562e+00
-1.328444361686706543e+00
-1.468889117240905762e+00
-1.314841866493225098e+00
-1.557844281196594238e+00
-1.489014744758605957e+00
-1.285980343818664551e+00
-1.389488458633422852e+00
-1.227923274040222168e+00
-1.352198243141174316e+00
-1.512163043022155762e+00
-1.342077255249023438e+00
-1.424219727516174316e+00
-1.380159974098205566e+00
-1.421653509140014648e+00
-1.424931883811950684e+00
-1.459810137748718262e+00
-1.288231372833251953e+00
-1.440485477447509766e+00
-1.387798070907592773e+00
-1.558168768882751465e+00
-1.461100101470947266e+00
-1.424410700798034668e+00
-1.394405126571655273e+00
-1.364386796951293945e+00
-1.274406075477600098e+00
-1.351423025131225586e+00
-1.384403467178344727e+00
-1.390796065330505371e+00
-1.354485511779785156e+00
-1.408307433128356934e+00
-1.504444479942321777e+00
-1.240971446037292480e+00
-1.299940943717956543e+00
-1.245185494422912598e+00
-1.432753324508666992e+00
-1.272636175155639648e+00
-1.290880680084228516e+00
-1.362450718879699707e+00
-1.322947382926940918e+00
-1.327792167663574219e+00
-1.441617488861083984e+00
-1.554533958435058594e+00
-1.341056466102600098e+00
-1.408502697944641113e+00
-1.425703644752502441e+00
-1.371332764625549316e+00
-1.398580193519592285e+00
-1.331515312194824219e+00
-1.477112293243408203e+00
-1.308372974395751953e+00
-1.368286132812500000e+00
-1.290373802185058594e+00
-1.379570007324218750e+00
-1.425939083099365234e+00
-1.308793663978576660e+00
-1.299451708793640137e+00
-1.355859756469726562e+00
-1.417162895202636719e+00
-1.322160959243774414e+00
-1.262026906013488770e+00
-1.365797042846679688e+00
-1.400663614273071289e+00
-1.352201461791992188e+00
-1.216007947921752930e+00
-1.312333464622497559e+00
-1.270125269889831543e+00
-1.304434418678283691e+00
-1.288667201995849609e+00
-1.339934945106506348e+00
-1.320804119110107422e+00
-1.366438031196594238e+00
-1.314492583274841309e+00
-1.481974720954895020e+00
-1.432427883148193359e+00
-1.314663052558898926e+00
-1.377199769020080566e+00
-1.340912938117980957e+00
-1.322780966758728027e+00
-1.307869076728820801e+00
-1.358964085578918457e+00
-1.332044839859008789e+00
-1.422220230102539062e+00
-1.376981258392333984e+00
-1.352731943130493164e+00
-1.346910715103149414e+00
-1.264755487442016602e+00
-1.395944595336914062e+00
-1.365235447883605957e+00
-1.425072669982910156e+00
-1.389456510543823242e+00
-1.428410530090332031e+00
-1.436499595642089844e+00
-1.411795496940612793e+00
-1.547186732292175293e+00
-1.352324008941650391e+00
-1.231925129890441895e+00
-1.535171985626220703e+00
-1.415387034416198730e+00
-1.242603540420532227e+00
-1.333453536033630371e+00
-1.482383370399475098e+00
-1.416300892829895020e+00
-1.351776599884033203e+00
-1.338175177574157715e+00
-1.344448328018188477e+00
-1.461089253425598145e+00
-1.460675120353698730e+00
-1.337876915931701660e+00
-1.522317051887512207e+00
-1.498773813247680664e+00
-1.385291695594787598e+00
-1.479165196418762207e+00
-1.501227498054504395e+00
-1.453982114791870117e+00
-1.477840781211853027e+00
-1.451727271080017090e+00
-1.292875170707702637e+00
-1.514603376388549805e+00
-1.325942397117614746e+00
-1.284437894821166992e+00
-1.405138015747070312e+00
-1.352357387542724609e+00
-1.397775411605834961e+00
-1.381815195083618164e+00
-1.261632919311523438e+00
-1.337272763252258301e+00
-1.244107604026794434e+00
-1.361158370971679688e+00
-1.399214982986450195e+00
-1.409080386161804199e+00
-1.304592132568359375e+00
-1.311742305755615234e+00
-1.385424971580505371e+00
-1.422677397727966309e+00
-1.485474348068237305e+00
