6.827863693237304688e+00
6.669962882995605469e+00
6.404872894287109375e+00
6.490846633911132812e+00
6.222352981567382812e+00
6.263066291809082031e+00
6.076552867889404297e+00
6.228251934051513672e+00
6.088579177856445312e+00
6.096245765686035156e+00
6.002880573272705078e+00
6.092757701873779297e+00
6.226990222930908203e+00
6.015479564666748047e+00
6.029437065124511719e+00
6.020454406738281250e+00
6.037416934967041016e+00
5.942051887512207031e+00
5.917119026184082031e+00
6.032345771789550781e+00
5.900926589965820312e+00
5.919250488281250000e+00
5.969089508056640625e+00
5.984484195709228516e+00
6.025223731994628906e+00
5.873389244079589844e+00
5.956896305084228516e+00
5.867005348205566406e+00
6.137278556823730469e+00
5.884887695312500000e+00
5.888904571533203125e+00
5.995884895324707031e+00
5.851322650909423828e+00
5.893088340759277344e+00
5.965213775634765625e+00
5.871178627014160156e+00
5.900633335113525391e+00
5.870161056518554688e+00
5.900764465332031250e+00
5.927648544311523438e+00
5.968471527099609375e+00
5.847817420959472656e+00
5.934477806091308594e+00
5.891206264495849609e+00
5.849934101104736328e+00
5.837051391601562500e+00
5.859757423400878906e+00
5.921030998229980469e+00
5.754520893096923828e+00
6.161250114440917969e+00
5.779870033264160156e+00
5.827434539794921875e+00
5.814960002899169922e+00
5.899781703948974609e+00
5.799162864685058594e+00
5.962569713592529297e+00
5.874475479125976562e+00
5.891159057617187500e+00
5.789638042449951172e+00
5.813576698303222656e+00
5.757764816284179688e+00
6.009813308715820312e+00
5.830928325653076172e+00
5.887829780578613281e+00
5.843948841094970703e+00
5.889024734497070312e+00
5.850911140441894531e+00
5.777377605438232422e+00
5.927623271942138672e+00
5.691009044647216797e+00
5.816764831542968750e+00
5.742989063262939453e+00
5.751944065093994141e+00
5.962289810180664062e+00
5.962987899780273438e+00
5.767172336578369141e+00
5.782654762268066406e+00
5.833278179168701172e+00
5.838206291198730469e+00
5.871693134307861328e+00
5.923799991607666016e+00
5.759024620056152344e+00
5.856372833251953125e+00
5.760774612426757812e+00
5.697887420654296875e+00
5.703604698181152344e+00
5.842594623565673828e+00
5.701140403747558594e+00
5.752622604370117188e+00
5.732690811157226562e+00
5.773161888122558594e+00
5.743280410766601562e+00
5.742351055145263672e+00
5.863452911376953125e+00
5.826053619384765625e+00
5.719810962677001953e+00
5.792792320251464844e+00
5.798008441925048828e+00
5.739750862121582031e+00
5.670271396636962891e+00
5.790582656860351562e+00
5.830815315246582031e+00
5.694367408752441406e+00
5.713270187377929688e+00
5.856158256530761719e+00
5.687314033508300781e+00
5.905751705169677734e+00
5.780289649963378906e+00
5.664743423461914062e+00
5.868140220642089844e+00
5.715092658996582031e+00
5.715876579284667969e+00
5.673666477203369141e+00
5.634308815002441406e+00
5.804688453674316406e+00
5.622486591339111328e+00
5.724997043609619141e+00
5.677483558654785156e+00
5.772940635681152344e+00
5.698506355285644531e+00
5.675447463989257812e+00
5.853768348693847656e+00
5.647678852081298828e+00
5.685485839843750000e+00
5.703041076660156250e+00
5.741057395935058594e+00
5.600031852722167969e+00
5.843124866485595703e+00
5.742194175720214844e+00
5.648000717163085938e+00
5.765005588531494141e+00
5.769711971282958984e+00
5.743418693542480469e+00
5.601993083953857422e+00
5.688640594482421875e+00
5.906118392944335938e+00
5.946300506591796875e+00
5.685108661651611328e+00
5.751043319702148438e+00
5.631676197052001953e+00
5.683332920074462891e+00
5.647973060607910156e+00
5.846510410308837891e+00
5.750879764556884766e+00
5.645001888275146484e+00
5.694544792175292969e+00
5.621996879577636719e+00
5.674724578857421875e+00
5.716756820678710938e+00
5.777688026428222656e+00
5.649510860443115234e+00
5.666088104248046875e+00
5.777248859405517578e+00
5.788832664489746094e+00
6.223522186279296875e+00
5.732366561889648438e+00
5.824835777282714844e+00
5.820503234863281250e+00
5.726492881774902344e+00
5.790836334228515625e+00
5.649389743804931641e+00
5.780505657196044922e+00
5.741067886352539062e+00
5.676753997802734375e+00
5.746904373168945312e+00
5.782818317413330078e+00
5.795269489288330078e+00
5.600322246551513672e+00
5.688956737518310547e+00
5.660419464111328125e+00
5.653120517730712891e+00
5.706625938415527344e+00
5.649318695068359375e+00
5.786797046661376953e+00
5.739053249359130859e+00
5.704297542572021484e+00
5.658157825469970703e+00
5.664070129394531250e+00
5.638025283813476562e+00
5.612215042114257812e+00
5.651576042175292969e+00
5.715412139892578125e+00
5.671689510345458984e+00
5.845108032226562500e+00
5.688926219940185547e+00
5.699522495269775391e+00
5.615815162658691406e+00
5.689849853515625000e+00
5.690036773681640625e+00
5.877384185791015625e+00
5.572087764739990234e+00
5.794295310974121094e+00
5.706768512725830078e+00
5.695008277893066406e+00
5.797848701477050781e+00
5.626241683959960938e+00
5.646028518676757812e+00
5.593122959136962891e+00
5.688682079315185547e+00
5.687225818634033203e+00
5.675230503082275391e+00
5.753852844238281250e+00
5.704451084136962891e+00
5.697453498840332031e+00
5.778955459594726562e+00
5.635438442230224609e+00
5.682837486267089844e+00
5.737220764160156250e+00
5.665062904357910156e+00
5.695356369018554688e+00
5.552100658416748047e+00
5.725253582000732422e+00
5.764753818511962891e+00
5.669582366943359375e+00
5.652942180633544922e+00
5.613037109375000000e+00
5.785943031311035156e+00
5.902827262878417969e+00
5.715575695037841797e+00
5.578856945037841797e+00
5.745444297790527344e+00
5.687339782714843750e+00
5.714487075805664062e+00
5.641484737396240234e+00
5.637023925781250000e+00
5.635575294494628906e+00
5.716048717498779297e+00
5.648990631103515625e+00
5.659155845642089844e+00
5.641565322875976562e+00
5.629219055175781250e+00
5.659061431884765625e+00
5.641487121582031250e+00
5.598895549774169922e+00
5.735440731048583984e+00
5.583982467651367188e+00
5.773346900939941406e+00
5.762856483459472656e+00
5.633996486663818359e+00
5.682872772216796875e+00
5.728685379028320312e+00
5.718647956848144531e+00
5.859175205230712891e+00
5.686616420745849609e+00
5.651288509368896484e+00
5.573247909545898438e+00
5.526225090026855469e+00
5.611556053161621094e+00
5.658825874328613281e+00
5.613237857818603516e+00
5.622880458831787109e+00
5.788854598999023438e+00
5.538521766662597656e+00
5.717884540557861328e+00
5.596505641937255859e+00
5.691027164459228516e+00
5.839853286743164062e+00
5.545894622802734375e+00
5.711263179779052734e+00
5.857784271240234375e+00
5.775349617004394531e+00
5.833516597747802734e+00
5.599217414855957031e+00
5.669419288635253906e+00
5.756484985351562500e+00
5.823080062866210938e+00
5.676338195800781250e+00
5.608240127563476562e+00
5.673835277557373047e+00
5.911377429962158203e+00
5.647605895996093750e+00
5.638103485107421875e+00
5.705694675445556641e+00
5.797686576843261719e+00
5.735589027404785156e+00
5.651708602905273438e+00
5.767481803894042969e+00
5.667551994323730469e+00
5.673350811004638672e+00
5.635380744934082031e+00
5.660595417022705078e+00
5.542407989501953125e+00
5.662488460540771484e+00
5.615573883056640625e+00
5.617889404296875000e+00
5.720764160156250000e+00
5.917722225189208984e+00
5.596946716308593750e+00
5.675669670104980469e+00
5.713462829589843750e+00
5.627582550048828125e+00
5.620444297790527344e+00
5.615252017974853516e+00
5.644959449768066406e+00
5.765027046203613281e+00
5.697732925415039062e+00
5.754585266113281250e+00
5.609902381896972656e+00
5.762716770172119141e+00
5.633648395538330078e+00
5.610691547393798828e+00
5.774606227874755859e+00
5.709474563598632812e+00
5.635622024536132812e+00
5.680319786071777344e+00
5.816603660583496094e+00
5.771338939666748047e+00
5.687695980072021484e+00
5.637535095214843750e+00
5.657631874084472656e+00
5.667306900024414062e+00
5.650974750518798828e+00
5.572890758514404297e+00
5.739540576934814453e+00
5.879491806030273438e+00
5.764667987823486328e+00
5.655645847320556641e+00
5.710280418395996094e+00
5.633726596832275391e+00
5.666437149047851562e+00
5.525071144104003906e+00
5.637582778930664062e+00
5.548747062683105469e+00
5.640379428863525391e+00
5.737498760223388672e+00
5.657030105590820312e+00
5.731409072875976562e+00
5.659682273864746094e+00
5.689749717712402344e+00
5.703222274780273438e+00
5.664266109466552734e+00
5.690582752227783203e+00
5.577017307281494141e+00
5.581653594970703125e+00
5.782555580139160156e+00
5.561827182769775391e+00
5.552536964416503906e+00
5.534081459045410156e+00
5.701157569885253906e+00
5.603561401367187500e+00
5.581615924835205078e+00
5.605090618133544922e+00
5.538136482238769531e+00
5.649726867675781250e+00
5.663299560546875000e+00
5.610394001007080078e+00
5.586184024810791016e+00
5.545489311218261719e+00
5.638238906860351562e+00
5.660441875457763672e+00
5.761494636535644531e+00
5.588301658630371094e+00
5.621565818786621094e+00
5.656524181365966797e+00
5.638294696807861328e+00
5.566518306732177734e+00
5.637722015380859375e+00
5.577682495117187500e+00
5.564182758331298828e+00
5.604939937591552734e+00
5.629341125488281250e+00
5.608553886413574219e+00
5.555853843688964844e+00
5.566164970397949219e+00
5.561184883117675781e+00
5.589509487152099609e+00
5.728714942932128906e+00
5.766480445861816406e+00
5.523797035217285156e+00
5.587471961975097656e+00
5.662004470825195312e+00
5.660046577453613281e+00
5.597451686859130859e+00
5.710401535034179688e+00
5.639811515808105469e+00
5.582505226135253906e+00
5.569069862365722656e+00
5.633661270141601562e+00
5.545947551727294922e+00
5.569706916809082031e+00
5.600555419921875000e+00
5.653341293334960938e+00
5.568846702575683594e+00
5.707838058471679688e+00
5.619429588317871094e+00
5.634130001068115234e+00
5.526479721069335938e+00
5.553853034973144531e+00
5.674232006072998047e+00
5.633131027221679688e+00
5.554000854492187500e+00
5.558635711669921875e+00
5.650221347808837891e+00
5.636403083801269531e+00
5.602366447448730469e+00
5.700090408325195312e+00
5.715592384338378906e+00
5.614434242248535156e+00
5.611314773559570312e+00
5.744703769683837891e+00
5.617582321166992188e+00
5.584081649780273438e+00
5.592822074890136719e+00
5.757297039031982422e+00
5.671089172363281250e+00
5.703363895416259766e+00
5.603582382202148438e+00
5.585103034973144531e+00
5.667943954467773438e+00
5.620574951171875000e+00
5.609733581542968750e+00
5.581662178039550781e+00
5.636363983154296875e+00
5.739132404327392578e+00
5.614607810974121094e+00
5.647946357727050781e+00
5.631232738494873047e+00
5.667115211486816406e+00
5.809552669525146484e+00
5.597225666046142578e+00
5.567591667175292969e+00
5.591835498809814453e+00
5.868267536163330078e+00
5.696395397186279297e+00
5.610960006713867188e+00
5.597466945648193359e+00
5.575584888458251953e+00
5.647788047790527344e+00
5.766399383544921875e+00
5.676147937774658203e+00
5.657607078552246094e+00
5.559453487396240234e+00
5.542378425598144531e+00
5.546816825866699219e+00
5.761581420898437500e+00
5.593616485595703125e+00
5.549594402313232422e+00
5.604563713073730469e+00
5.582402229309082031e+00
5.627791404724121094e+00
5.551707744598388672e+00
5.552965641021728516e+00
5.618620872497558594e+00
5.676339149475097656e+00
5.755568504333496094e+00
5.678253173828125000e+00
5.553779602050781250e+00
5.638287544250488281e+00
5.587436676025390625e+00
5.637914180755615234e+00
5.593551158905029297e+00
5.696111679077148438e+00
5.622960090637207031e+00
5.706454753875732422e+00
5.647275447845458984e+00
5.970510482788085938e+00
5.716847896575927734e+00
5.712882995605468750e+00
5.507927894592285156e+00
5.667680740356445312e+00
5.672873020172119141e+00
5.573006629943847656e+00
5.559164047241210938e+00
5.708219528198242188e+00
5.608702182769775391e+00
5.591443061828613281e+00
5.605446815490722656e+00
5.606574058532714844e+00
5.611362934112548828e+00
5.486063957214355469e+00
5.569101810455322266e+00
5.733055114746093750e+00
5.601277828216552734e+00
5.527152061462402344e+00
5.535840034484863281e+00
5.653913497924804688e+00
5.544224739074707031e+00
5.568138599395751953e+00
5.575412750244140625e+00
5.579573631286621094e+00
5.578182697296142578e+00
5.733396530151367188e+00
5.480845928192138672e+00
5.484269618988037109e+00
5.614336013793945312e+00
5.606870651245117188e+00
5.681005477905273438e+00
5.612914562225341797e+00
5.574650764465332031e+00
5.665414333343505859e+00
5.545281410217285156e+00
5.571453094482421875e+00
5.521761417388916016e+00
5.808997154235839844e+00
5.721067428588867188e+00
5.500417709350585938e+00
5.612686157226562500e+00
5.554325103759765625e+00
5.569071769714355469e+00
5.643597602844238281e+00
5.558009147644042969e+00
5.509623527526855469e+00
5.582598209381103516e+00
5.634898185729980469e+00
5.637160301208496094e+00
5.582674503326416016e+00
5.644502162933349609e+00
5.643610477447509766e+00
5.556479454040527344e+00
5.543854713439941406e+00
5.649775028228759766e+00
5.568218231201171875e+00
5.590085983276367188e+00
5.535506248474121094e+00
5.529696464538574219e+00
5.509520530700683594e+00
5.643528938293457031e+00
5.689657688140869141e+00
5.610868930816650391e+00
5.550630569458007812e+00
5.566118240356445312e+00
5.558588981628417969e+00
5.533687591552734375e+00
5.695684432983398438e+00
5.454418659210205078e+00
5.548342227935791016e+00
5.603087902069091797e+00
5.677563667297363281e+00
5.592325210571289062e+00
5.785655975341796875e+00
5.682071685791015625e+00
5.662586212158203125e+00
5.547724723815917969e+00
5.583368778228759766e+00
5.569961547851562500e+00
5.574939250946044922e+00
5.647671699523925781e+00
5.737822055816650391e+00
5.535202980041503906e+00
5.563053607940673828e+00
5.590767383575439453e+00
5.586315155029296875e+00
5.634990692138671875e+00
5.537228584289550781e+00
5.608498096466064453e+00
5.545541286468505859e+00
5.562492847442626953e+00
5.514494419097900391e+00
5.705715179443359375e+00
5.536499023437500000e+00
5.615354537963867188e+00
5.569073677062988281e+00
5.613105773925781250e+00
5.507879257202148438e+00
5.668685913085937500e+00
5.565989494323730469e+00
5.626854419708251953e+00
5.603487491607666016e+00
5.613832950592041016e+00
5.636149406433105469e+00
5.585337638854980469e+00
5.621577739715576172e+00
5.628912925720214844e+00
5.686602592468261719e+00
5.611211299896240234e+00
5.593045234680175781e+00
5.555625438690185547e+00
5.648233890533447266e+00
5.668166160583496094e+00
5.533036231994628906e+00
5.581940174102783203e+00
5.532661914825439453e+00
5.607919216156005859e+00
5.566401481628417969e+00
5.549030303955078125e+00
5.617101669311523438e+00
5.669553756713867188e+00
5.598682880401611328e+00
5.967544555664062500e+00
5.820012092590332031e+00
5.646981716156005859e+00
5.673800945281982422e+00
5.570111274719238281e+00
5.571416854858398438e+00
5.709130287170410156e+00
5.610880851745605469e+00
5.629034996032714844e+00
5.727320671081542969e+00
5.521270751953125000e+00
5.678690433502197266e+00
5.671518325805664062e+00
5.490811347961425781e+00
5.565484046936035156e+00
5.480753898620605469e+00
5.564320564270019531e+00
5.563995361328125000e+00
5.548457145690917969e+00
5.533255577087402344e+00
5.597276687622070312e+00
5.679799079895019531e+00
5.500020027160644531e+00
5.518976211547851562e+00
5.609210968017578125e+00
5.541669845581054688e+00
5.688466072082519531e+00
5.529402256011962891e+00
5.458493232727050781e+00
5.486627578735351562e+00
5.585834980010986328e+00
5.514919281005859375e+00
5.666975975036621094e+00
5.753399372100830078e+00
5.484352588653564453e+00
5.656202316284179688e+00
5.561676979064941406e+00
5.589597702026367188e+00
5.627943038940429688e+00
5.618190288543701172e+00
5.484807491302490234e+00
5.518208503723144531e+00
5.628861427307128906e+00
5.641598701477050781e+00
5.488076686859130859e+00
5.624002933502197266e+00
5.602413654327392578e+00
5.610418319702148438e+00
5.522033214569091797e+00
5.522340774536132812e+00
5.574588298797607422e+00
5.570124626159667969e+00
5.804222106933593750e+00
5.530648231506347656e+00
5.529118537902832031e+00
5.661882877349853516e+00
5.496794223785400391e+00
5.527669906616210938e+00
5.549328327178955078e+00
5.515998840332031250e+00
5.574448585510253906e+00
5.553028583526611328e+00
5.713961601257324219e+00
5.565481662750244141e+00
5.651496887207031250e+00
5.753321170806884766e+00
5.907919406890869141e+00
5.666925430297851562e+00
5.632860183715820312e+00
5.595951080322265625e+00
5.563843250274658203e+00
5.532052040100097656e+00
5.577583789825439453e+00
5.501006603240966797e+00
5.663661003112792969e+00
5.563921928405761719e+00
5.557402610778808594e+00
5.548201560974121094e+00
5.541400909423828125e+00
5.664870262145996094e+00
5.698007106781005859e+00
5.506355762481689453e+00
5.728689193725585938e+00
5.665937423706054688e+00
5.577610492706298828e+00
5.627924919128417969e+00
5.520357131958007812e+00
5.625648021697998047e+00
5.523494243621826172e+00
5.531099796295166016e+00
5.508639812469482422e+00
5.536114692687988281e+00
5.570387840270996094e+00
5.720334053039550781e+00
5.617430686950683594e+00
5.570682525634765625e+00
5.604819774627685547e+00
5.575050354003906250e+00
5.578673362731933594e+00
5.505485534667968750e+00
5.550534248352050781e+00
5.469332218170166016e+00
5.661749839782714844e+00
5.530686378479003906e+00
5.709571838378906250e+00
5.640378952026367188e+00
5.582461833953857422e+00
5.635693550109863281e+00
5.595727443695068359e+00
5.606076240539550781e+00
5.648007392883300781e+00
5.568708896636962891e+00
5.535902500152587891e+00
5.594192028045654297e+00
5.583437919616699219e+00
5.564620494842529297e+00
5.768009185791015625e+00
5.572749137878417969e+00
5.547632694244384766e+00
5.716238021850585938e+00
5.555670738220214844e+00
5.520767688751220703e+00
5.555759429931640625e+00
5.525496006011962891e+00
5.620689868927001953e+00
5.647875785827636719e+00
5.461606502532958984e+00
5.719944000244140625e+00
5.630775451660156250e+00
5.497073650360107422e+00
5.509385108947753906e+00
5.484927177429199219e+00
5.548401355743408203e+00
5.593546390533447266e+00
5.570379734039306641e+00
5.565035820007324219e+00
5.517289161682128906e+00
5.606492042541503906e+00
5.583070755004882812e+00
5.465960979461669922e+00
5.571060180664062500e+00
5.548575401306152344e+00
5.603404045104980469e+00
5.656072139739990234e+00
5.455003738403320312e+00
5.503446578979492188e+00
5.472697734832763672e+00
5.672942638397216797e+00
5.599747657775878906e+00
5.619171142578125000e+00
5.557470798492431641e+00
5.637077331542968750e+00
5.632798194885253906e+00
5.576047897338867188e+00
5.557353019714355469e+00
5.645451068878173828e+00
5.680345535278320312e+00
5.530850887298583984e+00
5.554504871368408203e+00
5.513932228088378906e+00
5.544853687286376953e+00
5.551970481872558594e+00
5.450341701507568359e+00
5.508758544921875000e+00
5.536899566650390625e+00
5.470061302185058594e+00
5.512855052947998047e+00
5.547825813293457031e+00
5.565238952636718750e+00
5.501144409179687500e+00
5.693329811096191406e+00
5.578440666198730469e+00
5.609517097473144531e+00
5.571310043334960938e+00
5.657755374908447266e+00
5.631615161895751953e+00
5.709506511688232422e+00
5.547335147857666016e+00
5.461858749389648438e+00
5.881412506103515625e+00
5.508010387420654297e+00
5.606098175048828125e+00
5.524170875549316406e+00
5.538555622100830078e+00
5.586372375488281250e+00
5.689211845397949219e+00
5.527155876159667969e+00
5.759239196777343750e+00
5.593788623809814453e+00
5.587633132934570312e+00
5.526482582092285156e+00
5.520369529724121094e+00
5.631937980651855469e+00
5.565195083618164062e+00
5.593868255615234375e+00
5.763967037200927734e+00
5.544519901275634766e+00
5.616885185241699219e+00
5.599967002868652344e+00
5.538281440734863281e+00
5.594365119934082031e+00
5.590055465698242188e+00
5.494679450988769531e+00
5.549028396606445312e+00
5.583711147308349609e+00
5.531131267547607422e+00
5.567500114440917969e+00
5.518008708953857422e+00
5.649976730346679688e+00
5.507208824157714844e+00
5.479239463806152344e+00
5.434755802154541016e+00
5.683193206787109375e+00
5.539988994598388672e+00
5.638933181762695312e+00
5.633684158325195312e+00
5.499330043792724609e+00
5.530987262725830078e+00
5.641582965850830078e+00
5.598279476165771484e+00
5.658617973327636719e+00
5.660776615142822266e+00
5.526931285858154297e+00
5.643344402313232422e+00
5.552651882171630859e+00
5.586180686950683594e+00
5.729719638824462891e+00
5.549130916595458984e+00
5.529109954833984375e+00
5.613670349121093750e+00
5.701076507568359375e+00
5.529525279998779297e+00
5.531771659851074219e+00
5.564140319824218750e+00
5.719540119171142578e+00
5.598002910614013672e+00
5.565483093261718750e+00
5.488844871520996094e+00
5.680561065673828125e+00
5.528972148895263672e+00
5.544771194458007812e+00
5.537271976470947266e+00
5.535171508789062500e+00
5.505982398986816406e+00
5.485207557678222656e+00
5.621264457702636719e+00
5.646026611328125000e+00
5.544643402099609375e+00
5.545090675354003906e+00
5.565504074096679688e+00
5.549156188964843750e+00
5.507836818695068359e+00
5.666603565216064453e+00
5.472601413726806641e+00
5.628966331481933594e+00
5.592016696929931641e+00
5.583152294158935547e+00
5.614468574523925781e+00
5.537527084350585938e+00
5.633128166198730469e+00
5.480711460113525391e+00
5.573137283325195312e+00
5.589025020599365234e+00
5.656682968139648438e+00
5.451579093933105469e+00
5.616890907287597656e+00
5.632459640502929688e+00
5.464086055755615234e+00
5.492367744445800781e+00
5.585041999816894531e+00
5.657596111297607422e+00
5.521341323852539062e+00
5.593256950378417969e+00
5.586882591247558594e+00
5.491797924041748047e+00
5.574468612670898438e+00
5.475811958312988281e+00
5.557847023010253906e+00
5.571207046508789062e+00
5.570444107055664062e+00
5.593985557556152344e+00
5.501544475555419922e+00
5.530553340911865234e+00
5.601015567779541016e+00
5.560519695281982422e+00
5.615440368652343750e+00
5.778343200683593750e+00
5.609888553619384766e+00
5.584858894348144531e+00
5.630048751831054688e+00
5.509229660034179688e+00
5.480232238769531250e+00
5.526017189025878906e+00
5.515095233917236328e+00
5.567194461822509766e+00
5.653233528137207031e+00
5.520744323730468750e+00
5.630490303039550781e+00
5.505478382110595703e+00
5.665063858032226562e+00
5.553732872009277344e+00
5.563279151916503906e+00
5.673659324645996094e+00
5.614196777343750000e+00
5.568315505981445312e+00
5.513535499572753906e+00
5.499656200408935547e+00
5.535122394561767578e+00
5.591909408569335938e+00
5.553627967834472656e+00
5.573617458343505859e+00
5.625451564788818359e+00
5.525778770446777344e+00
5.498835086822509766e+00
5.479707717895507812e+00
5.616099357604980469e+00
5.621637821197509766e+00
5.660541534423828125e+00
5.535085678100585938e+00
5.524537563323974609e+00
5.544735431671142578e+00
5.582426071166992188e+00
5.593248367309570312e+00
5.544048786163330078e+00
5.574123382568359375e+00
5.491964817047119141e+00
5.511765480041503906e+00
5.679449081420898438e+00
5.579710960388183594e+00
5.528163909912109375e+00
5.580947875976562500e+00
5.588924884796142578e+00
5.490749359130859375e+00
5.546601772308349609e+00
5.543006896972656250e+00
5.537585258483886719e+00
5.646987915039062500e+00
5.573247909545898438e+00
5.595972537994384766e+00
5.487314224243164062e+00
5.493280410766601562e+00
5.527100563049316406e+00
5.641025543212890625e+00
5.473976612091064453e+00
5.641946315765380859e+00
5.633545875549316406e+00
5.511564731597900391e+00
5.569087028503417969e+00
5.554304599761962891e+00
5.564049720764160156e+00
5.482291221618652344e+00
5.642819881439208984e+00
5.581632137298583984e+00
5.506860733032226562e+00
5.719073295593261719e+00
5.500146865844726562e+00
5.455537796020507812e+00
5.466717720031738281e+00
5.828917026519775391e+00
5.621094226837158203e+00
5.478567123413085938e+00
5.545340061187744141e+00
5.523104190826416016e+00
5.604011535644531250e+00
5.550651073455810547e+00
5.464320182800292969e+00
5.731106758117675781e+00
5.589301109313964844e+00
5.523590087890625000e+00
5.505293846130371094e+00
5.539902210235595703e+00
5.483706474304199219e+00
5.560150623321533203e+00
5.655678749084472656e+00
5.505918502807617188e+00
5.569503784179687500e+00
5.495931625366210938e+00
5.582254409790039062e+00
5.494844436645507812e+00
5.505081653594970703e+00
5.563375473022460938e+00
5.519980430603027344e+00
5.510532855987548828e+00
5.539620399475097656e+00
5.593592643737792969e+00
5.447444915771484375e+00
5.505524158477783203e+00
5.541987419128417969e+00
5.524932861328125000e+00
5.529979705810546875e+00
5.488149166107177734e+00
5.512114524841308594e+00
