6.687622070312500000e+00
6.382529258728027344e+00
6.041300296783447266e+00
5.827570915222167969e+00
5.642749309539794922e+00
5.577463150024414062e+00
5.520093917846679688e+00
5.478892803192138672e+00
5.464738845825195312e+00
5.442971229553222656e+00
5.446393489837646484e+00
5.407391071319580078e+00
5.391586303710937500e+00
5.381415367126464844e+00
5.382741928100585938e+00
5.354689121246337891e+00
5.350003719329833984e+00
5.350024223327636719e+00
5.328112602233886719e+00
5.327164649963378906e+00
5.300984859466552734e+00
5.325416564941406250e+00
5.311633586883544922e+00
5.274962425231933594e+00
5.284177780151367188e+00
5.272976875305175781e+00
5.258867740631103516e+00
5.258148193359375000e+00
5.248288154602050781e+00
5.224714279174804688e+00
5.219151496887207031e+00
5.200609207153320312e+00
5.211620330810546875e+00
5.240345478057861328e+00
5.200817584991455078e+00
5.219981670379638672e+00
5.192497253417968750e+00
5.189295768737792969e+00
5.189688205718994141e+00
5.190600395202636719e+00
5.196283340454101562e+00
5.163867473602294922e+00
5.153822422027587891e+00
5.151312351226806641e+00
5.192806243896484375e+00
5.157366752624511719e+00
5.157625675201416016e+00
5.142133235931396484e+00
5.130228042602539062e+00
5.135593414306640625e+00
5.158551692962646484e+00
5.143918037414550781e+00
5.159056186676025391e+00
5.123250484466552734e+00
5.148884296417236328e+00
5.137476921081542969e+00
5.133293151855468750e+00
5.152373313903808594e+00
5.140070438385009766e+00
5.123934745788574219e+00
5.138372898101806641e+00
5.154831409454345703e+00
5.116842269897460938e+00
5.131007671356201172e+00
5.145167350769042969e+00
5.106933116912841797e+00
5.136720657348632812e+00
5.116696357727050781e+00
5.119301795959472656e+00
5.113696098327636719e+00
5.108232498168945312e+00
5.114342689514160156e+00
5.115481376647949219e+00
5.114193916320800781e+00
5.126990795135498047e+00
5.116465568542480469e+00
5.097252368927001953e+00
5.114359378814697266e+00
5.099008560180664062e+00
5.090238571166992188e+00
5.096746921539306641e+00
5.118735313415527344e+00
5.090832233428955078e+00
5.100496292114257812e+00
5.114861011505126953e+00
5.111680984497070312e+00
5.087887287139892578e+00
5.127158164978027344e+00
5.119952678680419922e+00
5.109298229217529297e+00
5.094812870025634766e+00
5.113393783569335938e+00
5.099513530731201172e+00
5.114007472991943359e+00
5.088077068328857422e+00
5.086129188537597656e+00
5.080125808715820312e+00
5.102437496185302734e+00
5.087692260742187500e+00
5.066870212554931641e+00
5.088569164276123047e+00
5.077878475189208984e+00
5.119719982147216797e+00
5.075480461120605469e+00
5.076447963714599609e+00
5.076076984405517578e+00
5.101432323455810547e+00
5.090109348297119141e+00
5.082115650177001953e+00
5.084889411926269531e+00
5.087541580200195312e+00
5.117787361145019531e+00
5.082719802856445312e+00
5.075090885162353516e+00
5.075692176818847656e+00
5.093501091003417969e+00
5.093390464782714844e+00
5.081636428833007812e+00
5.056853294372558594e+00
5.078578948974609375e+00
5.059586048126220703e+00
5.056694984436035156e+00
5.063504219055175781e+00
5.072535514831542969e+00
5.084507465362548828e+00
5.091274738311767578e+00
5.059597015380859375e+00
5.088704109191894531e+00
5.065007209777832031e+00
5.090889930725097656e+00
5.085939407348632812e+00
5.059015274047851562e+00
5.053319931030273438e+00
5.052940845489501953e+00
5.055955410003662109e+00
5.088074207305908203e+00
5.074007511138916016e+00
5.083011627197265625e+00
5.070871353149414062e+00
5.075118541717529297e+00
5.081446647644042969e+00
5.053050994873046875e+00
5.078278541564941406e+00
5.071362495422363281e+00
5.092704296112060547e+00
5.075373172760009766e+00
5.069890022277832031e+00
5.090708255767822266e+00
5.117642402648925781e+00
5.079378128051757812e+00
5.079279899597167969e+00
5.068728446960449219e+00
5.099323272705078125e+00
5.075229167938232422e+00
5.069752216339111328e+00
5.083685874938964844e+00
5.057676315307617188e+00
5.068326950073242188e+00
5.064600944519042969e+00
5.062010765075683594e+00
5.067015647888183594e+00
5.045147895812988281e+00
5.078196525573730469e+00
5.065912246704101562e+00
5.055520057678222656e+00
5.071169376373291016e+00
5.080179214477539062e+00
5.091647148132324219e+00
5.056855201721191406e+00
5.053695201873779297e+00
5.075063705444335938e+00
5.057653427124023438e+00
5.109799385070800781e+00
5.066768169403076172e+00
5.053369522094726562e+00
5.050690174102783203e+00
5.083065986633300781e+00
5.087522506713867188e+00
5.064213275909423828e+00
5.059550285339355469e+00
5.062115669250488281e+00
5.047431468963623047e+00
5.080093860626220703e+00
5.035655975341796875e+00
5.080758094787597656e+00
5.042388916015625000e+00
5.064133167266845703e+00
5.119761466979980469e+00
5.043147563934326172e+00
5.073354721069335938e+00
5.054327487945556641e+00
5.048055648803710938e+00
5.044155597686767578e+00
5.039083003997802734e+00
5.039575099945068359e+00
5.043731689453125000e+00
5.062385559082031250e+00
5.056993961334228516e+00
5.074290275573730469e+00
5.048337936401367188e+00
5.059495449066162109e+00
5.048028469085693359e+00
5.076889991760253906e+00
5.063819885253906250e+00
5.047888755798339844e+00
5.064520835876464844e+00
5.053204536437988281e+00
5.036939144134521484e+00
5.041965484619140625e+00
5.047789096832275391e+00
5.038741111755371094e+00
5.051834583282470703e+00
5.079240798950195312e+00
5.084304809570312500e+00
5.052684307098388672e+00
5.054427146911621094e+00
5.059554100036621094e+00
5.045322418212890625e+00
5.093634605407714844e+00
5.070253372192382812e+00
5.050494194030761719e+00
5.045632839202880859e+00
5.051677703857421875e+00
5.039487838745117188e+00
5.039629936218261719e+00
5.100123405456542969e+00
5.038393020629882812e+00
5.060522079467773438e+00
5.094707489013671875e+00
5.088044166564941406e+00
5.031956195831298828e+00
5.083140373229980469e+00
5.034717559814453125e+00
5.054083824157714844e+00
5.033696174621582031e+00
5.045026779174804688e+00
5.062433242797851562e+00
5.071456432342529297e+00
5.041663169860839844e+00
5.065293788909912109e+00
5.042322158813476562e+00
5.045620441436767578e+00
5.059066772460937500e+00
5.059507369995117188e+00
5.045055866241455078e+00
5.039994716644287109e+00
5.073479652404785156e+00
5.044394016265869141e+00
5.038848400115966797e+00
5.044049263000488281e+00
5.042334079742431641e+00
5.072982311248779297e+00
5.035874366760253906e+00
5.032179355621337891e+00
5.038089752197265625e+00
5.060227870941162109e+00
5.025650024414062500e+00
5.052340984344482422e+00
5.035171508789062500e+00
5.022940158843994141e+00
5.053096771240234375e+00
5.038860321044921875e+00
5.046303272247314453e+00
5.025050640106201172e+00
5.033418178558349609e+00
5.048138141632080078e+00
5.032393455505371094e+00
5.032682418823242188e+00
5.035524845123291016e+00
5.029815673828125000e+00
5.037165164947509766e+00
5.036442756652832031e+00
5.042895317077636719e+00
5.038217544555664062e+00
5.034014701843261719e+00
5.040996074676513672e+00
5.036592006683349609e+00
5.041474819183349609e+00
5.031988143920898438e+00
5.039613246917724609e+00
5.020556449890136719e+00
5.033223628997802734e+00
5.037876129150390625e+00
5.026488304138183594e+00
5.045029163360595703e+00
5.029645919799804688e+00
5.038101196289062500e+00
5.039057731628417969e+00
5.046762466430664062e+00
5.029353141784667969e+00
5.022230625152587891e+00
5.008519649505615234e+00
5.071952819824218750e+00
5.036164283752441406e+00
5.019785881042480469e+00
5.038766860961914062e+00
5.037313938140869141e+00
5.035128116607666016e+00
5.016522407531738281e+00
5.021842956542968750e+00
5.024263381958007812e+00
5.037096023559570312e+00
5.034142017364501953e+00
5.028243541717529297e+00
5.030121803283691406e+00
5.038311481475830078e+00
5.041675567626953125e+00
5.037134170532226562e+00
5.026887893676757812e+00
5.028184890747070312e+00
5.035504817962646484e+00
5.050977706909179688e+00
5.040732383728027344e+00
5.026632785797119141e+00
5.044510364532470703e+00
5.034490585327148438e+00
5.040557384490966797e+00
5.026691436767578125e+00
5.047894954681396484e+00
5.037963867187500000e+00
5.029997348785400391e+00
5.035828113555908203e+00
5.038339138031005859e+00
5.026516914367675781e+00
5.022583007812500000e+00
5.015255928039550781e+00
5.072468280792236328e+00
5.031889915466308594e+00
5.035851955413818359e+00
5.035568237304687500e+00
5.025185585021972656e+00
5.059317111968994141e+00
5.059407711029052734e+00
5.055330276489257812e+00
5.032124519348144531e+00
5.057421684265136719e+00
5.033748626708984375e+00
5.029061317443847656e+00
5.042128562927246094e+00
5.025088310241699219e+00
5.040394306182861328e+00
5.019569873809814453e+00
5.046763896942138672e+00
5.022773265838623047e+00
5.031361579895019531e+00
5.015872478485107422e+00
5.034845352172851562e+00
5.038627147674560547e+00
5.029758453369140625e+00
5.059585571289062500e+00
5.054987907409667969e+00
5.054827213287353516e+00
5.030344009399414062e+00
5.014909744262695312e+00
5.051695346832275391e+00
5.018933773040771484e+00
5.026087284088134766e+00
5.025709152221679688e+00
5.041536331176757812e+00
5.012485504150390625e+00
5.040232658386230469e+00
5.035733699798583984e+00
5.049674987792968750e+00
5.032217979431152344e+00
5.037052631378173828e+00
5.029104709625244141e+00
5.042206287384033203e+00
5.042927742004394531e+00
5.044204235076904297e+00
5.043955802917480469e+00
5.015845775604248047e+00
5.052915096282958984e+00
5.033847808837890625e+00
5.019580841064453125e+00
5.020756721496582031e+00
5.035189628601074219e+00
5.024531364440917969e+00
5.037608623504638672e+00
5.041235446929931641e+00
5.056355476379394531e+00
5.029555797576904297e+00
5.034099102020263672e+00
5.036601066589355469e+00
5.037075996398925781e+00
5.021909713745117188e+00
5.021793365478515625e+00
5.029188632965087891e+00
5.027980327606201172e+00
5.029281616210937500e+00
5.057204246520996094e+00
5.025384426116943359e+00
5.026931762695312500e+00
5.042243003845214844e+00
5.066358089447021484e+00
5.004778385162353516e+00
5.027345180511474609e+00
5.016453742980957031e+00
5.028017044067382812e+00
5.025337219238281250e+00
5.025419235229492188e+00
5.011015892028808594e+00
5.020411968231201172e+00
5.020535469055175781e+00
5.010359764099121094e+00
5.018967151641845703e+00
5.024125099182128906e+00
5.014905452728271484e+00
5.009112358093261719e+00
5.013989448547363281e+00
5.008019924163818359e+00
5.045955657958984375e+00
5.022646903991699219e+00
5.023584365844726562e+00
5.012944698333740234e+00
5.022436141967773438e+00
5.028475761413574219e+00
5.009641170501708984e+00
5.023389339447021484e+00
5.021838665008544922e+00
5.020884513854980469e+00
5.028308868408203125e+00
5.009811878204345703e+00
5.030174255371093750e+00
5.032236576080322266e+00
5.014922618865966797e+00
5.027797698974609375e+00
5.020989418029785156e+00
5.029030799865722656e+00
5.032001018524169922e+00
5.040622234344482422e+00
5.013195037841796875e+00
5.029447078704833984e+00
5.039511680603027344e+00
5.017580986022949219e+00
5.008811950683593750e+00
5.021944522857666016e+00
5.018658638000488281e+00
5.019474029541015625e+00
5.067416191101074219e+00
5.012770175933837891e+00
5.008601665496826172e+00
5.023993968963623047e+00
5.022951126098632812e+00
5.032921791076660156e+00
5.034622669219970703e+00
5.014628887176513672e+00
5.040986061096191406e+00
5.021673679351806641e+00
5.009004592895507812e+00
5.020395278930664062e+00
5.006783485412597656e+00
5.031864166259765625e+00
5.023335933685302734e+00
5.049546241760253906e+00
5.051003456115722656e+00
5.055716514587402344e+00
5.031366348266601562e+00
5.005380630493164062e+00
5.053116321563720703e+00
5.020570278167724609e+00
5.025015830993652344e+00
5.020660877227783203e+00
5.021112442016601562e+00
5.013193607330322266e+00
5.035434722900390625e+00
5.019117832183837891e+00
5.024257659912109375e+00
5.030363082885742188e+00
5.015305995941162109e+00
5.026540756225585938e+00
5.025084495544433594e+00
5.013430595397949219e+00
5.020193576812744141e+00
5.027225494384765625e+00
5.043992042541503906e+00
5.005147933959960938e+00
5.016495704650878906e+00
5.034201622009277344e+00
5.016795635223388672e+00
5.029079914093017578e+00
5.016642570495605469e+00
5.031949043273925781e+00
5.019440174102783203e+00
5.031179428100585938e+00
5.042702674865722656e+00
5.009656906127929688e+00
5.026516437530517578e+00
5.013866424560546875e+00
5.028016090393066406e+00
5.007965087890625000e+00
5.018251419067382812e+00
5.015315532684326172e+00
5.017704010009765625e+00
5.033084869384765625e+00
5.024906158447265625e+00
5.010177612304687500e+00
5.021597385406494141e+00
5.011627674102783203e+00
5.036940097808837891e+00
5.011410713195800781e+00
5.017521381378173828e+00
5.026622295379638672e+00
5.003674030303955078e+00
5.015915870666503906e+00
5.028389930725097656e+00
5.011959552764892578e+00
5.067538261413574219e+00
5.028100490570068359e+00
5.016072273254394531e+00
5.000382423400878906e+00
5.032591819763183594e+00
5.030059814453125000e+00
5.026508808135986328e+00
5.006353378295898438e+00
5.017246246337890625e+00
5.012861251831054688e+00
5.032226562500000000e+00
5.026517391204833984e+00
5.046574592590332031e+00
5.017340660095214844e+00
5.012199878692626953e+00
5.023590087890625000e+00
5.012781143188476562e+00
5.018667697906494141e+00
5.036739826202392578e+00
5.010617256164550781e+00
5.018205642700195312e+00
5.017241954803466797e+00
5.011467933654785156e+00
5.020770072937011719e+00
5.023427963256835938e+00
5.013303279876708984e+00
5.021233081817626953e+00
5.014218330383300781e+00
5.004957675933837891e+00
5.042579174041748047e+00
5.016694068908691406e+00
5.014570713043212891e+00
5.014196395874023438e+00
5.016596794128417969e+00
5.018537998199462891e+00
5.028906822204589844e+00
5.009921073913574219e+00
5.020932674407958984e+00
5.005168437957763672e+00
5.003259658813476562e+00
5.010104179382324219e+00
5.005885124206542969e+00
5.002114295959472656e+00
5.010992527008056641e+00
5.014765262603759766e+00
5.002377510070800781e+00
5.002233982086181641e+00
5.020367622375488281e+00
5.004491806030273438e+00
5.026885986328125000e+00
5.013522148132324219e+00
5.016340255737304688e+00
5.028078079223632812e+00
5.002174854278564453e+00
5.006440162658691406e+00
5.008446693420410156e+00
5.015084266662597656e+00
5.008708477020263672e+00
5.011597156524658203e+00
5.009684562683105469e+00
5.000350475311279297e+00
5.001976966857910156e+00
5.035732269287109375e+00
5.007299423217773438e+00
5.008982658386230469e+00
5.004779338836669922e+00
5.026252269744873047e+00
5.034175872802734375e+00
5.029774665832519531e+00
5.023708343505859375e+00
5.009887695312500000e+00
5.014829635620117188e+00
5.016293525695800781e+00
5.006945610046386719e+00
5.016868591308593750e+00
5.014113903045654297e+00
5.041003704071044922e+00
5.018363952636718750e+00
5.011073589324951172e+00
5.010612964630126953e+00
5.015009403228759766e+00
5.013600349426269531e+00
4.991277694702148438e+00
5.004389762878417969e+00
4.993654727935791016e+00
5.035015106201171875e+00
5.033904552459716797e+00
5.031686782836914062e+00
5.002777099609375000e+00
5.003921985626220703e+00
5.002914905548095703e+00
4.996578693389892578e+00
5.020585536956787109e+00
5.003265857696533203e+00
5.058647632598876953e+00
5.008116245269775391e+00
5.007906436920166016e+00
5.005842685699462891e+00
5.001884937286376953e+00
5.030951499938964844e+00
4.994625568389892578e+00
5.010951042175292969e+00
4.996631145477294922e+00
5.005835533142089844e+00
5.021919250488281250e+00
5.010861396789550781e+00
4.996026515960693359e+00
5.037908554077148438e+00
5.018591403961181641e+00
5.008281707763671875e+00
5.026788711547851562e+00
5.014879703521728516e+00
5.008113861083984375e+00
5.022100448608398438e+00
5.015236854553222656e+00
5.011598110198974609e+00
5.027767181396484375e+00
5.017021179199218750e+00
5.022672176361083984e+00
5.011536121368408203e+00
5.026467323303222656e+00
5.028213500976562500e+00
5.018740177154541016e+00
5.004911422729492188e+00
5.108817100524902344e+00
5.028652191162109375e+00
5.020471572875976562e+00
5.015591144561767578e+00
5.015229225158691406e+00
5.022322654724121094e+00
5.002005577087402344e+00
5.011398792266845703e+00
5.058731555938720703e+00
5.013081550598144531e+00
5.007591724395751953e+00
4.995851039886474609e+00
5.021073341369628906e+00
5.022764682769775391e+00
5.032172203063964844e+00
5.016656398773193359e+00
5.000612258911132812e+00
5.013898372650146484e+00
5.016956329345703125e+00
5.033823490142822266e+00
5.007426261901855469e+00
5.016071796417236328e+00
5.021574020385742188e+00
5.015196800231933594e+00
5.034834384918212891e+00
5.030502796173095703e+00
5.027317047119140625e+00
5.039826869964599609e+00
5.006480216979980469e+00
5.018306732177734375e+00
5.026696205139160156e+00
5.005007266998291016e+00
5.006575584411621094e+00
5.005955696105957031e+00
5.029581069946289062e+00
5.011330604553222656e+00
5.023518085479736328e+00
5.066625118255615234e+00
5.032464981079101562e+00
5.042740345001220703e+00
5.008656024932861328e+00
4.999316215515136719e+00
5.021337509155273438e+00
5.025540351867675781e+00
5.002586364746093750e+00
5.064013004302978516e+00
5.002539634704589844e+00
4.997138023376464844e+00
5.011369705200195312e+00
5.014842987060546875e+00
5.005884647369384766e+00
5.010738849639892578e+00
5.026740074157714844e+00
5.008042812347412109e+00
5.009811401367187500e+00
5.012068271636962891e+00
5.024013996124267578e+00
4.997879981994628906e+00
5.013925552368164062e+00
5.012127399444580078e+00
5.006390094757080078e+00
5.013244628906250000e+00
5.019309520721435547e+00
5.015939235687255859e+00
4.995315074920654297e+00
4.999757289886474609e+00
5.004340171813964844e+00
5.012613773345947266e+00
5.035088539123535156e+00
5.002743244171142578e+00
5.018154144287109375e+00
4.988926887512207031e+00
5.003698825836181641e+00
5.031909942626953125e+00
4.996202468872070312e+00
5.004825592041015625e+00
5.016444206237792969e+00
5.026194572448730469e+00
5.045709133148193359e+00
5.019999027252197266e+00
5.022169113159179688e+00
5.000312328338623047e+00
5.003010749816894531e+00
5.013815879821777344e+00
5.017480850219726562e+00
5.005823135375976562e+00
5.016726493835449219e+00
5.018371582031250000e+00
5.009727001190185547e+00
5.029097080230712891e+00
5.005240917205810547e+00
5.049436092376708984e+00
5.021423816680908203e+00
5.002644062042236328e+00
5.003960609436035156e+00
5.002988338470458984e+00
5.002446174621582031e+00
4.994012832641601562e+00
5.004079818725585938e+00
5.002160072326660156e+00
5.017953872680664062e+00
5.015524864196777344e+00
5.015309333801269531e+00
5.000751495361328125e+00
4.988676071166992188e+00
5.012937545776367188e+00
4.995386123657226562e+00
5.014239788055419922e+00
5.004106044769287109e+00
4.999022006988525391e+00
5.020265102386474609e+00
5.000587940216064453e+00
4.989664554595947266e+00
5.013442516326904297e+00
4.998983383178710938e+00
5.002288818359375000e+00
5.028687953948974609e+00
4.989675521850585938e+00
5.000656127929687500e+00
5.016232967376708984e+00
4.990835189819335938e+00
5.003064155578613281e+00
4.999306201934814453e+00
5.004934787750244141e+00
5.006989955902099609e+00
5.003447532653808594e+00
4.994426250457763672e+00
5.025622367858886719e+00
5.007104873657226562e+00
5.003101348876953125e+00
5.018844604492187500e+00
5.013166427612304688e+00
5.011901378631591797e+00
5.040702819824218750e+00
5.026573181152343750e+00
5.015376091003417969e+00
5.004170417785644531e+00
4.996315956115722656e+00
5.012986660003662109e+00
5.011893749237060547e+00
5.006032466888427734e+00
5.008185863494873047e+00
5.029714584350585938e+00
5.013288497924804688e+00
4.989917278289794922e+00
4.999188899993896484e+00
4.999104499816894531e+00
5.017693996429443359e+00
5.020469665527343750e+00
5.002157688140869141e+00
5.052877902984619141e+00
5.020842075347900391e+00
4.996874809265136719e+00
4.996405124664306641e+00
5.026611328125000000e+00
5.082525253295898438e+00
5.007628917694091797e+00
5.004946708679199219e+00
5.017549037933349609e+00
5.014499187469482422e+00
4.999309539794921875e+00
5.016170024871826172e+00
5.011135101318359375e+00
5.028391361236572266e+00
5.007453441619873047e+00
5.031863689422607422e+00
5.003721237182617188e+00
4.990360260009765625e+00
5.036248207092285156e+00
5.022903919219970703e+00
5.015561580657958984e+00
5.001150131225585938e+00
4.999458789825439453e+00
5.024186134338378906e+00
4.989387512207031250e+00
5.008996963500976562e+00
5.014595031738281250e+00
5.013565540313720703e+00
4.999159336090087891e+00
4.992162704467773438e+00
4.995656490325927734e+00
4.994935035705566406e+00
5.007687568664550781e+00
4.998282432556152344e+00
5.006514549255371094e+00
5.009027481079101562e+00
5.000571250915527344e+00
5.015644550323486328e+00
5.008766651153564453e+00
4.992709159851074219e+00
5.007085323333740234e+00
5.013523101806640625e+00
5.007653713226318359e+00
5.000309944152832031e+00
4.995833396911621094e+00
4.999976158142089844e+00
5.005335807800292969e+00
5.007969856262207031e+00
5.017210006713867188e+00
4.999958038330078125e+00
4.996685981750488281e+00
5.025687217712402344e+00
4.991299152374267578e+00
5.003536224365234375e+00
5.013039588928222656e+00
5.001560211181640625e+00
5.027943134307861328e+00
4.994831085205078125e+00
5.011330127716064453e+00
4.990666389465332031e+00
4.989877700805664062e+00
5.026210784912109375e+00
4.994690418243408203e+00
5.001951694488525391e+00
5.004154205322265625e+00
5.000867843627929688e+00
5.024455070495605469e+00
4.996460437774658203e+00
5.020280838012695312e+00
5.005428791046142578e+00
5.005185604095458984e+00
4.997554302215576172e+00
5.015669345855712891e+00
4.995162487030029297e+00
5.001006126403808594e+00
4.994528770446777344e+00
4.986481666564941406e+00
5.021690368652343750e+00
5.001497745513916016e+00
4.990030288696289062e+00
5.002847671508789062e+00
4.989965438842773438e+00
4.994309425354003906e+00
4.998866081237792969e+00
4.982928276062011719e+00
5.018997669219970703e+00
5.002520561218261719e+00
4.992537021636962891e+00
4.990599632263183594e+00
4.986616134643554688e+00
5.004837989807128906e+00
5.005578041076660156e+00
5.013254642486572266e+00
4.996860504150390625e+00
5.000881671905517578e+00
4.997617244720458984e+00
4.999536991119384766e+00
5.001726627349853516e+00
5.001770973205566406e+00
4.995625972747802734e+00
4.994686126708984375e+00
4.992129325866699219e+00
5.005125999450683594e+00
4.993549346923828125e+00
5.003870964050292969e+00
5.023401260375976562e+00
5.007536411285400391e+00
5.030445098876953125e+00
5.005371093750000000e+00
5.014214515686035156e+00
5.020446300506591797e+00
5.012627124786376953e+00
4.993978500366210938e+00
5.033342361450195312e+00
5.014585018157958984e+00
5.021566390991210938e+00
5.014879226684570312e+00
5.012127876281738281e+00
5.000802993774414062e+00
5.000517845153808594e+00
5.022800922393798828e+00
5.003006935119628906e+00
5.009065151214599609e+00
4.993746757507324219e+00
4.994693756103515625e+00
5.003466129302978516e+00
5.013094902038574219e+00
4.999938964843750000e+00
4.992037773132324219e+00
5.005600452423095703e+00
4.994012355804443359e+00
4.995813369750976562e+00
5.034955501556396484e+00
4.993017196655273438e+00
4.989233493804931641e+00
5.024315834045410156e+00
5.010080337524414062e+00
4.994768142700195312e+00
5.001894950866699219e+00
5.012839794158935547e+00
5.047192096710205078e+00
5.002817630767822266e+00
5.001743793487548828e+00
4.997869491577148438e+00
5.014696598052978516e+00
5.004463195800781250e+00
5.002222061157226562e+00
4.988999843597412109e+00
4.996481895446777344e+00
5.003357410430908203e+00
5.006576538085937500e+00
4.999847888946533203e+00
5.011800765991210938e+00
4.995040893554687500e+00
5.008700847625732422e+00
4.999763011932373047e+00
5.001116275787353516e+00
4.994332313537597656e+00
4.991143703460693359e+00
5.003622055053710938e+00
5.008267402648925781e+00
5.007125854492187500e+00
4.997800827026367188e+00
4.996486663818359375e+00
5.010896682739257812e+00
4.985513687133789062e+00
5.029123783111572266e+00
4.998716354370117188e+00
4.998472213745117188e+00
4.992363452911376953e+00
4.990267276763916016e+00
5.001507282257080078e+00
5.002911090850830078e+00
5.003645420074462891e+00
5.003751754760742188e+00
5.017596721649169922e+00
5.022686958312988281e+00
4.994365215301513672e+00
5.000980377197265625e+00
4.999078750610351562e+00
5.006002426147460938e+00
4.995938777923583984e+00
4.989731311798095703e+00
4.988172054290771484e+00
5.051120758056640625e+00
4.992718696594238281e+00
5.016710281372070312e+00
4.996613502502441406e+00
5.036090373992919922e+00
4.999539375305175781e+00
