6.855946540832519531e+00
6.783219814300537109e+00
6.696665763854980469e+00
6.610342502593994141e+00
6.507288455963134766e+00
6.524872303009033203e+00
6.511568546295166016e+00
6.563086032867431641e+00
6.377486228942871094e+00
6.456821441650390625e+00
6.378322601318359375e+00
6.428450584411621094e+00
6.347178459167480469e+00
6.345862388610839844e+00
6.498628139495849609e+00
6.255633354187011719e+00
6.434457302093505859e+00
6.248847007751464844e+00
6.335667133331298828e+00
6.433104515075683594e+00
6.326545715332031250e+00
6.306797504425048828e+00
6.278082370758056641e+00
6.322539806365966797e+00
6.458272457122802734e+00
6.244301795959472656e+00
6.268003463745117188e+00
6.278600692749023438e+00
6.246471405029296875e+00
6.187572479248046875e+00
6.274193763732910156e+00
6.350477695465087891e+00
6.146479606628417969e+00
6.283884048461914062e+00
6.234506130218505859e+00
6.278160572052001953e+00
6.193802833557128906e+00
6.110222816467285156e+00
6.201670646667480469e+00
6.263728618621826172e+00
6.212200641632080078e+00
6.357322692871093750e+00
6.202979087829589844e+00
6.190714836120605469e+00
6.281967639923095703e+00
6.111564636230468750e+00
6.111063003540039062e+00
6.106588363647460938e+00
6.105607986450195312e+00
6.163785457611083984e+00
6.134271621704101562e+00
6.109567642211914062e+00
6.212444782257080078e+00
6.120732307434082031e+00
6.190446376800537109e+00
6.160988807678222656e+00
6.119062423706054688e+00
6.020355701446533203e+00
6.150664329528808594e+00
6.120013713836669922e+00
6.158346176147460938e+00
6.229109764099121094e+00
6.180228710174560547e+00
6.028505802154541016e+00
6.078966617584228516e+00
6.164951324462890625e+00
6.184728622436523438e+00
6.159620285034179688e+00
6.231289863586425781e+00
6.095015525817871094e+00
6.245753765106201172e+00
6.028934478759765625e+00
6.243324279785156250e+00
6.115304946899414062e+00
6.140612125396728516e+00
6.122021198272705078e+00
6.165914535522460938e+00
6.147378444671630859e+00
5.980131626129150391e+00
6.168118476867675781e+00
6.161859512329101562e+00
6.064789772033691406e+00
6.113363742828369141e+00
6.088415145874023438e+00
6.083907127380371094e+00
6.049959659576416016e+00
6.029417514801025391e+00
6.177936077117919922e+00
5.983080863952636719e+00
6.226185321807861328e+00
6.071327209472656250e+00
6.177037239074707031e+00
6.039203643798828125e+00
6.176287174224853516e+00
6.109586715698242188e+00
6.105017662048339844e+00
6.207240104675292969e+00
6.164292335510253906e+00
5.999541282653808594e+00
6.005649089813232422e+00
6.030130386352539062e+00
6.134747505187988281e+00
6.028323173522949219e+00
6.081704616546630859e+00
6.021957397460937500e+00
6.122917175292968750e+00
5.984457969665527344e+00
6.124986648559570312e+00
5.962095260620117188e+00
6.104960918426513672e+00
6.059080600738525391e+00
5.946180343627929688e+00
6.116316318511962891e+00
6.135062217712402344e+00
6.226928710937500000e+00
6.194734096527099609e+00
6.055113315582275391e+00
6.130650520324707031e+00
6.088069915771484375e+00
6.069405555725097656e+00
6.109760284423828125e+00
6.109940052032470703e+00
6.045191287994384766e+00
6.124716281890869141e+00
5.956622123718261719e+00
6.084035396575927734e+00
6.111006259918212891e+00
6.220861911773681641e+00
5.974879264831542969e+00
6.120399951934814453e+00
6.163465499877929688e+00
6.116021633148193359e+00
6.174893379211425781e+00
6.114476203918457031e+00
6.033039093017578125e+00
6.094794273376464844e+00
6.177509784698486328e+00
6.261526107788085938e+00
6.161953926086425781e+00
6.013671875000000000e+00
6.049872398376464844e+00
6.125886917114257812e+00
6.053145408630371094e+00
6.234692096710205078e+00
6.193035125732421875e+00
6.009064674377441406e+00
5.976015090942382812e+00
5.957185745239257812e+00
5.953712463378906250e+00
6.053232192993164062e+00
5.981166839599609375e+00
6.146802902221679688e+00
6.045158386230468750e+00
5.920100212097167969e+00
6.045547962188720703e+00
6.056741714477539062e+00
6.061481475830078125e+00
6.020056724548339844e+00
6.073388576507568359e+00
6.051549911499023438e+00
6.117997646331787109e+00
6.077210903167724609e+00
6.007945537567138672e+00
6.095972061157226562e+00
6.123045921325683594e+00
6.105788230895996094e+00
5.957531929016113281e+00
5.938826084136962891e+00
6.049760818481445312e+00
6.077906608581542969e+00
6.067724227905273438e+00
6.069516658782958984e+00
5.936301231384277344e+00
6.095509529113769531e+00
6.096218109130859375e+00
6.025507450103759766e+00
6.092915058135986328e+00
6.097580909729003906e+00
6.014212131500244141e+00
6.069458007812500000e+00
5.946353912353515625e+00
6.110352039337158203e+00
6.128431320190429688e+00
6.050962448120117188e+00
5.995055675506591797e+00
6.287726879119873047e+00
6.131159782409667969e+00
6.026066303253173828e+00
6.060458660125732422e+00
6.064872741699218750e+00
5.961028575897216797e+00
6.079282760620117188e+00
6.097111701965332031e+00
6.010480880737304688e+00
6.026728153228759766e+00
6.081048011779785156e+00
6.075253009796142578e+00
6.001923561096191406e+00
6.071636676788330078e+00
5.923103809356689453e+00
6.011972427368164062e+00
5.958765506744384766e+00
5.982860088348388672e+00
5.958535194396972656e+00
5.824622154235839844e+00
6.043943405151367188e+00
5.938919067382812500e+00
6.059113502502441406e+00
5.936594963073730469e+00
6.026853561401367188e+00
5.969029426574707031e+00
5.921502590179443359e+00
5.975782394409179688e+00
6.045332908630371094e+00
5.945436477661132812e+00
6.056602001190185547e+00
6.056047439575195312e+00
6.091358184814453125e+00
5.998835563659667969e+00
5.931010246276855469e+00
6.238301277160644531e+00
5.963790893554687500e+00
6.159406185150146484e+00
6.060703754425048828e+00
6.002134323120117188e+00
6.198748588562011719e+00
5.958214759826660156e+00
5.898041725158691406e+00
6.086746215820312500e+00
6.030317306518554688e+00
5.921562671661376953e+00
6.038634777069091797e+00
5.995387554168701172e+00
6.044540882110595703e+00
6.213249206542968750e+00
5.955735683441162109e+00
6.014879703521728516e+00
5.929770469665527344e+00
5.943887710571289062e+00
6.073364734649658203e+00
6.142922878265380859e+00
5.907312870025634766e+00
5.945898056030273438e+00
6.032244682312011719e+00
5.978828430175781250e+00
5.988317012786865234e+00
5.985429763793945312e+00
6.149077415466308594e+00
5.897006034851074219e+00
5.902093410491943359e+00
6.116320610046386719e+00
5.967874526977539062e+00
6.011188983917236328e+00
6.041020393371582031e+00
5.947280883789062500e+00
5.986380577087402344e+00
6.178786754608154297e+00
6.176367282867431641e+00
5.968701362609863281e+00
6.140894412994384766e+00
6.019279479980468750e+00
5.977206707000732422e+00
6.042786598205566406e+00
5.946759223937988281e+00
5.954105377197265625e+00
5.893102169036865234e+00
6.017503261566162109e+00
6.053552627563476562e+00
5.927300453186035156e+00
6.270411968231201172e+00
5.991293907165527344e+00
6.031045436859130859e+00
6.180675029754638672e+00
5.981379032135009766e+00
5.972249031066894531e+00
5.982497692108154297e+00
6.117566585540771484e+00
6.196268081665039062e+00
6.066080093383789062e+00
6.065336227416992188e+00
6.160166740417480469e+00
6.107800483703613281e+00
5.996912002563476562e+00
5.975943088531494141e+00
6.032337188720703125e+00
6.045809745788574219e+00
5.992021560668945312e+00
6.026000499725341797e+00
6.020253181457519531e+00
5.984457015991210938e+00
6.076750755310058594e+00
5.965291023254394531e+00
5.968598842620849609e+00
5.984168052673339844e+00
6.050563335418701172e+00
5.924341201782226562e+00
5.998199939727783203e+00
6.108383655548095703e+00
5.931422710418701172e+00
6.004823684692382812e+00
6.138678073883056641e+00
5.978556156158447266e+00
5.918167114257812500e+00
6.031907558441162109e+00
6.020074844360351562e+00
5.922099590301513672e+00
6.086851596832275391e+00
6.008728027343750000e+00
6.055006504058837891e+00
5.957417964935302734e+00
5.903578281402587891e+00
5.954773426055908203e+00
6.055820465087890625e+00
6.062569141387939453e+00
6.156322479248046875e+00
5.909897804260253906e+00
5.983656883239746094e+00
5.929313659667968750e+00
6.050972461700439453e+00
5.990808486938476562e+00
6.118646144866943359e+00
5.934620857238769531e+00
5.897224426269531250e+00
6.019367218017578125e+00
5.950729846954345703e+00
6.022361755371093750e+00
5.891869544982910156e+00
6.154932022094726562e+00
5.898642539978027344e+00
5.887812137603759766e+00
5.983346939086914062e+00
5.856204986572265625e+00
6.022474765777587891e+00
6.025369644165039062e+00
5.891239166259765625e+00
6.066089630126953125e+00
5.922282218933105469e+00
5.929275512695312500e+00
5.874420166015625000e+00
6.189761638641357422e+00
5.896120071411132812e+00
6.011346340179443359e+00
5.972836971282958984e+00
5.902867317199707031e+00
5.886403083801269531e+00
6.209403514862060547e+00
5.921490669250488281e+00
6.032641887664794922e+00
5.906089782714843750e+00
5.972308158874511719e+00
5.899454593658447266e+00
5.958936691284179688e+00
6.069746017456054688e+00
5.909653663635253906e+00
5.979885101318359375e+00
6.020699501037597656e+00
5.877609252929687500e+00
6.116378784179687500e+00
6.052786827087402344e+00
5.977068424224853516e+00
5.983941078186035156e+00
6.076469421386718750e+00
5.929004192352294922e+00
6.064328193664550781e+00
6.093157291412353516e+00
6.191944122314453125e+00
5.972893238067626953e+00
6.003655433654785156e+00
5.897546768188476562e+00
5.975660324096679688e+00
6.026896476745605469e+00
6.066351413726806641e+00
6.079010963439941406e+00
6.086812019348144531e+00
5.853504657745361328e+00
6.167560100555419922e+00
6.124204635620117188e+00
5.914778232574462891e+00
5.857131481170654297e+00
5.891141414642333984e+00
5.957199096679687500e+00
6.052544116973876953e+00
6.032430171966552734e+00
6.086711406707763672e+00
5.894537925720214844e+00
6.050068855285644531e+00
5.939958572387695312e+00
5.883875846862792969e+00
5.948009014129638672e+00
5.933833122253417969e+00
5.930402278900146484e+00
5.982671737670898438e+00
5.839693069458007812e+00
5.955559253692626953e+00
6.129896163940429688e+00
6.042685508728027344e+00
5.949336051940917969e+00
5.944277763366699219e+00
6.048272132873535156e+00
6.043586730957031250e+00
5.951687812805175781e+00
5.897568702697753906e+00
6.162351608276367188e+00
6.041412353515625000e+00
5.949672698974609375e+00
5.982063293457031250e+00
5.894234180450439453e+00
5.965251922607421875e+00
6.225529670715332031e+00
6.020829200744628906e+00
5.947076797485351562e+00
5.930252075195312500e+00
6.027750968933105469e+00
5.912365913391113281e+00
5.960290908813476562e+00
6.015495300292968750e+00
5.883332252502441406e+00
5.983817100524902344e+00
5.957763195037841797e+00
5.901990413665771484e+00
5.969047546386718750e+00
5.886792182922363281e+00
6.070746421813964844e+00
5.954803466796875000e+00
6.169404983520507812e+00
5.917040824890136719e+00
6.154079437255859375e+00
5.838796615600585938e+00
6.077240943908691406e+00
5.929540634155273438e+00
5.923661708831787109e+00
5.987751960754394531e+00
5.885898113250732422e+00
5.980548381805419922e+00
5.991766929626464844e+00
5.895314216613769531e+00
6.031615734100341797e+00
5.929338455200195312e+00
5.876447200775146484e+00
5.956753730773925781e+00
5.852850914001464844e+00
5.848928451538085938e+00
5.927840232849121094e+00
6.080800533294677734e+00
5.906512260437011719e+00
5.892117977142333984e+00
5.855174064636230469e+00
6.046187400817871094e+00
5.967516899108886719e+00
5.911914825439453125e+00
5.994829654693603516e+00
5.978606700897216797e+00
6.051252841949462891e+00
6.086581230163574219e+00
5.935783386230468750e+00
5.965387344360351562e+00
5.955973148345947266e+00
5.926971912384033203e+00
5.905367851257324219e+00
5.923908233642578125e+00
5.905683994293212891e+00
5.992907524108886719e+00
5.928366661071777344e+00
5.843889713287353516e+00
6.084789276123046875e+00
5.941564559936523438e+00
5.914296150207519531e+00
6.069567203521728516e+00
6.130443572998046875e+00
6.064459323883056641e+00
5.992050647735595703e+00
5.940571308135986328e+00
6.006010055541992188e+00
5.861820697784423828e+00
5.850596427917480469e+00
5.888517856597900391e+00
6.081155776977539062e+00
6.005394935607910156e+00
5.999728202819824219e+00
6.075029373168945312e+00
5.949580669403076172e+00
5.945230007171630859e+00
5.902518749237060547e+00
5.902813911437988281e+00
6.037851333618164062e+00
5.873686790466308594e+00
5.902442932128906250e+00
5.947330474853515625e+00
6.009586334228515625e+00
5.971352577209472656e+00
5.978486537933349609e+00
5.963470935821533203e+00
5.931071281433105469e+00
5.882119655609130859e+00
6.073478698730468750e+00
6.001437187194824219e+00
6.113504886627197266e+00
5.941354751586914062e+00
5.931391239166259766e+00
6.014420032501220703e+00
5.896815299987792969e+00
5.972480297088623047e+00
5.956864356994628906e+00
5.837904453277587891e+00
6.072678089141845703e+00
5.931396007537841797e+00
5.902986526489257812e+00
5.884810447692871094e+00
6.084089279174804688e+00
5.945261478424072266e+00
5.939122200012207031e+00
6.057430744171142578e+00
6.017632484436035156e+00
5.846835613250732422e+00
5.879619121551513672e+00
6.033297538757324219e+00
5.978690624237060547e+00
6.004083633422851562e+00
5.952287673950195312e+00
6.025331974029541016e+00
5.893494606018066406e+00
5.868114471435546875e+00
5.993317127227783203e+00
5.964665412902832031e+00
5.962723731994628906e+00
5.925364017486572266e+00
6.002577304840087891e+00
6.062087059020996094e+00
6.038322925567626953e+00
5.915381431579589844e+00
5.937148094177246094e+00
5.860283374786376953e+00
5.855341911315917969e+00
5.908573627471923828e+00
6.024106025695800781e+00
5.822276115417480469e+00
5.924893856048583984e+00
6.037650108337402344e+00
5.942570686340332031e+00
5.854621410369873047e+00
6.069968223571777344e+00
6.067962169647216797e+00
5.867566108703613281e+00
6.013473987579345703e+00
5.866644859313964844e+00
5.951428413391113281e+00
5.981417655944824219e+00
5.983774662017822266e+00
5.831435680389404297e+00
6.030534744262695312e+00
5.921877384185791016e+00
5.841256141662597656e+00
5.903371810913085938e+00
6.023927688598632812e+00
5.833400726318359375e+00
5.848540306091308594e+00
5.908320903778076172e+00
5.930531978607177734e+00
5.872565269470214844e+00
5.969470024108886719e+00
6.016640663146972656e+00
6.141804695129394531e+00
6.271984577178955078e+00
6.012409210205078125e+00
5.939683437347412109e+00
6.018902301788330078e+00
5.933731555938720703e+00
5.973906040191650391e+00
5.982711791992187500e+00
5.860473155975341797e+00
5.894683361053466797e+00
6.142679214477539062e+00
5.931869983673095703e+00
5.877544403076171875e+00
5.881224632263183594e+00
5.875394821166992188e+00
5.979804992675781250e+00
5.929246902465820312e+00
5.940832138061523438e+00
6.073619842529296875e+00
5.922475814819335938e+00
5.923838138580322266e+00
5.826427459716796875e+00
6.003012657165527344e+00
5.842978477478027344e+00
6.055301666259765625e+00
5.874301433563232422e+00
5.932565212249755859e+00
6.040891647338867188e+00
5.966987609863281250e+00
5.924176692962646484e+00
5.907888412475585938e+00
5.811462402343750000e+00
5.967535018920898438e+00
5.969684600830078125e+00
5.951355934143066406e+00
5.912464141845703125e+00
5.846844196319580078e+00
5.924944877624511719e+00
5.899819850921630859e+00
5.895006179809570312e+00
6.047431945800781250e+00
5.959593772888183594e+00
6.214608192443847656e+00
5.878676891326904297e+00
6.053632259368896484e+00
5.965710639953613281e+00
5.986999511718750000e+00
5.877856254577636719e+00
6.005768299102783203e+00
5.915372848510742188e+00
5.909833908081054688e+00
5.851801872253417969e+00
5.877736568450927734e+00
5.876073837280273438e+00
5.909522533416748047e+00
5.921390056610107422e+00
5.864513397216796875e+00
5.864926815032958984e+00
5.883300304412841797e+00
5.948820590972900391e+00
5.920746326446533203e+00
6.001844406127929688e+00
5.909818649291992188e+00
5.927350997924804688e+00
5.942481517791748047e+00
5.926470279693603516e+00
5.927264213562011719e+00
5.892057418823242188e+00
5.917577743530273438e+00
5.915817260742187500e+00
5.963736057281494141e+00
5.877058982849121094e+00
5.925160408020019531e+00
5.928334236145019531e+00
5.980081081390380859e+00
5.862438678741455078e+00
5.870816230773925781e+00
5.899503707885742188e+00
5.937473773956298828e+00
5.957157135009765625e+00
5.928901672363281250e+00
5.936056137084960938e+00
5.871116161346435547e+00
6.023051738739013672e+00
5.881403446197509766e+00
5.972882270812988281e+00
5.878916263580322266e+00
6.002514362335205078e+00
5.873719215393066406e+00
5.950951576232910156e+00
5.966776847839355469e+00
5.975180149078369141e+00
5.976484298706054688e+00
5.896369457244873047e+00
5.916588783264160156e+00
6.020693778991699219e+00
5.916236877441406250e+00
5.934522151947021484e+00
5.910930156707763672e+00
6.081987857818603516e+00
5.964710712432861328e+00
6.022221088409423828e+00
5.855459690093994141e+00
5.927920818328857422e+00
5.901264667510986328e+00
5.856223106384277344e+00
5.899012088775634766e+00
6.014163017272949219e+00
5.987281799316406250e+00
5.931867122650146484e+00
5.833316326141357422e+00
5.973653316497802734e+00
6.084668636322021484e+00
5.961349010467529297e+00
5.958380222320556641e+00
5.913365840911865234e+00
5.807843208312988281e+00
6.046123504638671875e+00
6.099272727966308594e+00
6.056037425994873047e+00
5.786903858184814453e+00
6.097531795501708984e+00
5.936055183410644531e+00
6.052386283874511719e+00
5.928738117218017578e+00
6.010121822357177734e+00
5.778628349304199219e+00
5.891949176788330078e+00
5.939599990844726562e+00
5.894843101501464844e+00
5.922718048095703125e+00
6.258333683013916016e+00
5.929491996765136719e+00
5.970023632049560547e+00
5.987220764160156250e+00
5.991618156433105469e+00
5.994587898254394531e+00
5.916409492492675781e+00
5.865012168884277344e+00
6.008409500122070312e+00
5.913129806518554688e+00
5.868401527404785156e+00
5.924929618835449219e+00
6.045551300048828125e+00
5.904764652252197266e+00
6.071300983428955078e+00
6.015324115753173828e+00
5.838403224945068359e+00
5.913063049316406250e+00
6.055882930755615234e+00
5.945335388183593750e+00
6.012195587158203125e+00
5.977132797241210938e+00
5.874037742614746094e+00
5.954064846038818359e+00
5.943678379058837891e+00
5.943063259124755859e+00
5.871492862701416016e+00
5.988969802856445312e+00
6.072570800781250000e+00
5.860215187072753906e+00
6.043289184570312500e+00
5.959072113037109375e+00
6.000823497772216797e+00
5.866471290588378906e+00
5.942773342132568359e+00
5.865560531616210938e+00
5.768570899963378906e+00
5.983983039855957031e+00
5.860939502716064453e+00
5.964667797088623047e+00
5.929636955261230469e+00
5.971220016479492188e+00
5.977888107299804688e+00
5.946040153503417969e+00
5.921751022338867188e+00
5.971771717071533203e+00
5.883668899536132812e+00
5.981030941009521484e+00
6.019650936126708984e+00
5.849173069000244141e+00
6.273841857910156250e+00
5.760289192199707031e+00
5.883997917175292969e+00
5.885376930236816406e+00
5.914120674133300781e+00
6.026903152465820312e+00
5.943021774291992188e+00
5.973995208740234375e+00
6.066781044006347656e+00
5.919282913208007812e+00
6.042418003082275391e+00
5.994462966918945312e+00
5.953726768493652344e+00
5.979418277740478516e+00
5.825118541717529297e+00
5.919664859771728516e+00
5.889976501464843750e+00
5.936427116394042969e+00
6.123947143554687500e+00
5.891926288604736328e+00
5.871784210205078125e+00
5.875405311584472656e+00
6.035202026367187500e+00
5.917486190795898438e+00
5.897904396057128906e+00
6.022408485412597656e+00
5.953271865844726562e+00
5.916308879852294922e+00
5.898622512817382812e+00
6.066614151000976562e+00
6.053515434265136719e+00
5.850358963012695312e+00
5.960604190826416016e+00
5.977990150451660156e+00
6.015005588531494141e+00
5.879076004028320312e+00
5.902941703796386719e+00
5.833820343017578125e+00
6.046060562133789062e+00
5.923543453216552734e+00
6.001246452331542969e+00
5.864732265472412109e+00
5.977780818939208984e+00
5.817852973937988281e+00
5.889099597930908203e+00
5.846950531005859375e+00
5.922641277313232422e+00
5.914581775665283203e+00
5.938366413116455078e+00
5.915685653686523438e+00
5.838062286376953125e+00
5.992977619171142578e+00
5.893009662628173828e+00
5.914986610412597656e+00
6.024529457092285156e+00
5.958910942077636719e+00
5.882746696472167969e+00
5.884364604949951172e+00
5.931016445159912109e+00
5.895630836486816406e+00
5.909059524536132812e+00
6.172894954681396484e+00
5.931455135345458984e+00
5.833403587341308594e+00
6.182273864746093750e+00
6.020334720611572266e+00
5.993341445922851562e+00
5.845374107360839844e+00
5.948843002319335938e+00
5.942877769470214844e+00
5.883784770965576172e+00
5.941394805908203125e+00
5.862578392028808594e+00
5.882055282592773438e+00
5.856166362762451172e+00
5.939747810363769531e+00
5.829813957214355469e+00
5.930641174316406250e+00
6.021029472351074219e+00
5.845488071441650391e+00
5.994895458221435547e+00
5.881589889526367188e+00
5.930077552795410156e+00
6.121136188507080078e+00
5.859964370727539062e+00
5.815098762512207031e+00
5.864792823791503906e+00
5.944792270660400391e+00
5.859697341918945312e+00
5.889680385589599609e+00
5.864123344421386719e+00
5.923197746276855469e+00
5.959507942199707031e+00
5.932848930358886719e+00
5.845189571380615234e+00
5.872155666351318359e+00
5.802800655364990234e+00
6.124823570251464844e+00
5.802247524261474609e+00
5.882374763488769531e+00
5.842156410217285156e+00
6.002663135528564453e+00
5.919683456420898438e+00
5.968112945556640625e+00
5.911603927612304688e+00
5.933758735656738281e+00
5.891835689544677734e+00
5.886163234710693359e+00
6.162914752960205078e+00
5.911947727203369141e+00
5.840329170227050781e+00
6.126450538635253906e+00
5.937994003295898438e+00
5.966150283813476562e+00
5.892405509948730469e+00
5.854689121246337891e+00
5.846067905426025391e+00
5.962868690490722656e+00
5.892841339111328125e+00
5.724778652191162109e+00
5.950022697448730469e+00
5.912676334381103516e+00
5.932959556579589844e+00
5.861695289611816406e+00
6.033472537994384766e+00
5.891737937927246094e+00
6.021657943725585938e+00
5.843111991882324219e+00
5.886437892913818359e+00
5.902480602264404297e+00
5.820903301239013672e+00
5.822533607482910156e+00
5.812759399414062500e+00
6.089397430419921875e+00
5.937174797058105469e+00
5.884880065917968750e+00
5.823724746704101562e+00
5.932546615600585938e+00
5.822435379028320312e+00
5.936010360717773438e+00
6.062095165252685547e+00
5.895960807800292969e+00
5.876729965209960938e+00
5.870471000671386719e+00
5.858994960784912109e+00
5.822968482971191406e+00
5.859447479248046875e+00
5.832749843597412109e+00
5.854764938354492188e+00
5.880592346191406250e+00
5.887757778167724609e+00
5.870013713836669922e+00
5.878647804260253906e+00
5.980769157409667969e+00
5.783004760742187500e+00
5.928051948547363281e+00
5.977544784545898438e+00
5.875288963317871094e+00
5.962277412414550781e+00
5.933841228485107422e+00
5.905076980590820312e+00
5.894374847412109375e+00
5.872117042541503906e+00
5.905199050903320312e+00
5.789982318878173828e+00
5.962247848510742188e+00
5.954641819000244141e+00
6.037225723266601562e+00
5.913562774658203125e+00
5.904887199401855469e+00
5.929166793823242188e+00
5.783743858337402344e+00
5.868479728698730469e+00
5.824773788452148438e+00
5.928528308868408203e+00
5.898653030395507812e+00
5.985279083251953125e+00
5.800745010375976562e+00
6.000703334808349609e+00
5.967424392700195312e+00
5.837485790252685547e+00
5.815316677093505859e+00
5.940937519073486328e+00
5.794938564300537109e+00
5.906133651733398438e+00
5.876143455505371094e+00
6.061863422393798828e+00
5.839435577392578125e+00
6.033069610595703125e+00
5.911009311676025391e+00
5.948188781738281250e+00
6.076552391052246094e+00
5.858213424682617188e+00
5.850466251373291016e+00
5.994049549102783203e+00
5.880618095397949219e+00
5.840736865997314453e+00
5.860439300537109375e+00
6.019244194030761719e+00
6.018246173858642578e+00
5.811089038848876953e+00
5.920659065246582031e+00
6.003947734832763672e+00
6.044626712799072266e+00
5.809298038482666016e+00
5.944188117980957031e+00
5.811174392700195312e+00
6.051749229431152344e+00
5.899250984191894531e+00
5.845415115356445312e+00
5.813792228698730469e+00
5.843992233276367188e+00
6.021071434020996094e+00
6.023657321929931641e+00
5.991586685180664062e+00
6.124671459197998047e+00
5.953210353851318359e+00
5.975792884826660156e+00
6.014121055603027344e+00
5.921867847442626953e+00
5.974096298217773438e+00
5.823422431945800781e+00
5.806811809539794922e+00
5.951232910156250000e+00
5.934150695800781250e+00
5.873694896697998047e+00
6.050835132598876953e+00
5.905575752258300781e+00
