6.851354598999023438e+00
6.705288410186767578e+00
6.588581085205078125e+00
6.525967121124267578e+00
6.379667282104492188e+00
6.342443466186523438e+00
6.457935810089111328e+00
6.397028923034667969e+00
6.383888244628906250e+00
6.406037330627441406e+00
6.311255455017089844e+00
6.240691184997558594e+00
6.256754398345947266e+00
6.538978576660156250e+00
6.241814613342285156e+00
6.221751213073730469e+00
6.374352931976318359e+00
6.347535610198974609e+00
6.252500057220458984e+00
6.265832424163818359e+00
6.203294754028320312e+00
6.192939281463623047e+00
6.249385833740234375e+00
6.176198005676269531e+00
6.221812248229980469e+00
6.107343673706054688e+00
6.262063503265380859e+00
6.105501174926757812e+00
6.223361015319824219e+00
6.085421085357666016e+00
6.107129096984863281e+00
6.142058849334716797e+00
6.130448341369628906e+00
6.104848861694335938e+00
6.098165512084960938e+00
6.220047950744628906e+00
6.065507411956787109e+00
6.104092121124267578e+00
6.104637145996093750e+00
5.977177619934082031e+00
6.098898410797119141e+00
6.178875923156738281e+00
5.993373394012451172e+00
6.202643394470214844e+00
6.094900131225585938e+00
6.111085891723632812e+00
6.176303863525390625e+00
5.971676826477050781e+00
5.961280345916748047e+00
5.965438365936279297e+00
5.988495349884033203e+00
6.102451324462890625e+00
6.163136482238769531e+00
6.090034961700439453e+00
6.122543334960937500e+00
6.030333518981933594e+00
5.943385601043701172e+00
6.098299503326416016e+00
6.035507678985595703e+00
6.043910026550292969e+00
6.134916305541992188e+00
6.002966880798339844e+00
5.968099594116210938e+00
6.071131229400634766e+00
6.040347099304199219e+00
6.107631206512451172e+00
5.949865818023681641e+00
6.090764999389648438e+00
6.078195571899414062e+00
5.962836265563964844e+00
5.902296066284179688e+00
5.946037292480468750e+00
6.296855449676513672e+00
5.978758335113525391e+00
6.051929473876953125e+00
6.017579555511474609e+00
6.032028198242187500e+00
6.095585346221923828e+00
5.904268264770507812e+00
5.887712001800537109e+00
5.918245315551757812e+00
6.079558372497558594e+00
6.004460811614990234e+00
5.899688243865966797e+00
5.906930923461914062e+00
5.844627857208251953e+00
6.015781879425048828e+00
6.071919441223144531e+00
6.050703525543212891e+00
6.000608444213867188e+00
6.076106071472167969e+00
6.036018848419189453e+00
6.020092010498046875e+00
6.025680541992187500e+00
5.920317649841308594e+00
6.068033695220947266e+00
5.927044868469238281e+00
6.030961990356445312e+00
5.973803520202636719e+00
5.965507507324218750e+00
5.955243587493896484e+00
6.132935523986816406e+00
6.028056621551513672e+00
6.194708824157714844e+00
6.003959655761718750e+00
5.904739856719970703e+00
6.160669326782226562e+00
5.895327091217041016e+00
5.960448265075683594e+00
5.953490734100341797e+00
5.938197135925292969e+00
6.060420036315917969e+00
5.957299232482910156e+00
5.913420677185058594e+00
5.877429008483886719e+00
5.848716735839843750e+00
6.075412750244140625e+00
6.005747318267822266e+00
5.987464427947998047e+00
5.988989353179931641e+00
6.031608581542968750e+00
5.928166389465332031e+00
5.928131580352783203e+00
5.917203426361083984e+00
6.054000854492187500e+00
6.095899105072021484e+00
5.981330871582031250e+00
5.843802452087402344e+00
5.980637550354003906e+00
5.997601985931396484e+00
5.843865871429443359e+00
5.993977546691894531e+00
5.883964538574218750e+00
6.017006397247314453e+00
6.094074726104736328e+00
5.810714244842529297e+00
6.048722743988037109e+00
5.921843051910400391e+00
5.949627876281738281e+00
5.940382003784179688e+00
6.101204872131347656e+00
5.908308506011962891e+00
5.966115951538085938e+00
6.145905971527099609e+00
5.868733882904052734e+00
6.014163017272949219e+00
5.917249202728271484e+00
6.059401035308837891e+00
6.021533966064453125e+00
5.995389938354492188e+00
6.009836196899414062e+00
6.010793685913085938e+00
5.981363296508789062e+00
5.955636024475097656e+00
6.081127643585205078e+00
5.864936351776123047e+00
5.910781383514404297e+00
5.881386280059814453e+00
5.997648715972900391e+00
5.913620948791503906e+00
6.207681655883789062e+00
6.051622867584228516e+00
5.992327690124511719e+00
5.943526268005371094e+00
6.031141281127929688e+00
6.055931091308593750e+00
6.184905052185058594e+00
5.983577728271484375e+00
5.898870468139648438e+00
5.908524513244628906e+00
6.110457420349121094e+00
6.123643875122070312e+00
5.852661132812500000e+00
5.962232112884521484e+00
5.858667373657226562e+00
5.945757865905761719e+00
5.914687633514404297e+00
5.955047607421875000e+00
5.991791725158691406e+00
5.927587509155273438e+00
5.890151023864746094e+00
5.945151329040527344e+00
5.925117015838623047e+00
5.906998634338378906e+00
5.956487178802490234e+00
5.961118698120117188e+00
5.911194324493408203e+00
5.862236976623535156e+00
6.067965507507324219e+00
5.919531822204589844e+00
5.887886047363281250e+00
5.931407928466796875e+00
5.911190509796142578e+00
5.902714729309082031e+00
5.987171173095703125e+00
5.910492420196533203e+00
5.979820251464843750e+00
5.954812049865722656e+00
6.042271137237548828e+00
5.966269016265869141e+00
6.031824111938476562e+00
5.881410598754882812e+00
5.928352832794189453e+00
5.861848831176757812e+00
5.794944286346435547e+00
5.872718811035156250e+00
6.040591716766357422e+00
5.997340202331542969e+00
5.972602844238281250e+00
6.067321300506591797e+00
5.925282478332519531e+00
5.923164367675781250e+00
5.996518135070800781e+00
5.923971176147460938e+00
5.820147514343261719e+00
6.021003723144531250e+00
5.865238666534423828e+00
6.027699947357177734e+00
5.948462009429931641e+00
5.893202304840087891e+00
5.855677127838134766e+00
5.979799747467041016e+00
6.090447425842285156e+00
5.913999080657958984e+00
5.920689105987548828e+00
6.027570247650146484e+00
5.999798297882080078e+00
5.870226860046386719e+00
6.027526378631591797e+00
5.888054370880126953e+00
6.127919197082519531e+00
5.964678287506103516e+00
5.906660079956054688e+00
6.049203872680664062e+00
5.941768169403076172e+00
5.875076770782470703e+00
5.910972595214843750e+00
5.871989250183105469e+00
6.008328437805175781e+00
5.866795539855957031e+00
5.932642459869384766e+00
5.979985713958740234e+00
5.923694133758544922e+00
5.931083679199218750e+00
6.189189434051513672e+00
5.924239158630371094e+00
5.847198486328125000e+00
5.967887401580810547e+00
5.911496639251708984e+00
5.836865425109863281e+00
5.977737903594970703e+00
5.815855026245117188e+00
5.802707672119140625e+00
6.216309070587158203e+00
5.858896255493164062e+00
5.867878913879394531e+00
5.887119770050048828e+00
6.121522426605224609e+00
5.866270065307617188e+00
6.030694961547851562e+00
5.801392555236816406e+00
5.826498508453369141e+00
5.966610431671142578e+00
5.825309276580810547e+00
5.929037094116210938e+00
5.967803955078125000e+00
5.887616634368896484e+00
5.875709533691406250e+00
5.963064193725585938e+00
5.922317504882812500e+00
6.013622283935546875e+00
5.998719215393066406e+00
5.931781768798828125e+00
5.881305694580078125e+00
5.941812515258789062e+00
5.860418796539306641e+00
5.977095127105712891e+00
5.971308708190917969e+00
5.896807193756103516e+00
5.932515144348144531e+00
5.976482868194580078e+00
5.891314029693603516e+00
6.030865669250488281e+00
5.802037239074707031e+00
5.967884063720703125e+00
5.893945693969726562e+00
5.859956741333007812e+00
5.892642974853515625e+00
5.888604164123535156e+00
5.904665946960449219e+00
5.964991569519042969e+00
5.949023723602294922e+00
5.872312545776367188e+00
5.956426143646240234e+00
5.843057632446289062e+00
5.901886940002441406e+00
5.941684246063232422e+00
5.945662975311279297e+00
5.885488986968994141e+00
5.873352527618408203e+00
5.823251724243164062e+00
5.881793975830078125e+00
5.891792297363281250e+00
5.766802787780761719e+00
6.062226772308349609e+00
5.842098236083984375e+00
5.795360565185546875e+00
5.963754653930664062e+00
5.879805564880371094e+00
5.832492351531982422e+00
5.860712051391601562e+00
5.815037727355957031e+00
5.925875186920166016e+00
5.843635082244873047e+00
5.880940914154052734e+00
5.817941665649414062e+00
5.878850936889648438e+00
5.949221134185791016e+00
5.835606098175048828e+00
5.912955760955810547e+00
5.852963447570800781e+00
5.922825336456298828e+00
5.883327007293701172e+00
5.872718811035156250e+00
5.848773002624511719e+00
5.736914157867431641e+00
5.955339431762695312e+00
6.013669490814208984e+00
5.966567516326904297e+00
6.041908264160156250e+00
6.036695957183837891e+00
5.999246597290039062e+00
5.814554691314697266e+00
6.003358840942382812e+00
5.844303607940673828e+00
5.942391395568847656e+00
5.786718845367431641e+00
5.870677471160888672e+00
6.061979293823242188e+00
5.993271350860595703e+00
5.808647155761718750e+00
5.865357875823974609e+00
5.931086540222167969e+00
5.856750011444091797e+00
6.046823501586914062e+00
5.857494831085205078e+00
5.889740467071533203e+00
5.867544174194335938e+00
5.976860523223876953e+00
6.053607940673828125e+00
5.861366271972656250e+00
5.871578216552734375e+00
5.931069374084472656e+00
5.896978378295898438e+00
6.004989624023437500e+00
6.102782249450683594e+00
6.016115188598632812e+00
5.760403156280517578e+00
5.874697685241699219e+00
5.830411434173583984e+00
5.844036102294921875e+00
5.846761703491210938e+00
5.979088783264160156e+00
5.875663757324218750e+00
5.895614624023437500e+00
5.953685283660888672e+00
6.043943881988525391e+00
5.980488777160644531e+00
5.850223541259765625e+00
5.856970787048339844e+00
5.793303966522216797e+00
5.773256301879882812e+00
5.907608985900878906e+00
5.915167808532714844e+00
5.809849739074707031e+00
5.892004966735839844e+00
5.777645587921142578e+00
5.787994384765625000e+00
5.836147308349609375e+00
5.924150943756103516e+00
5.913998126983642578e+00
5.911061286926269531e+00
5.884097576141357422e+00
5.827524662017822266e+00
5.972638130187988281e+00
5.814826488494873047e+00
5.842533588409423828e+00
5.834849834442138672e+00
5.855470180511474609e+00
5.758713245391845703e+00
6.031616210937500000e+00
5.990324497222900391e+00
5.988319873809814453e+00
5.932124137878417969e+00
5.847640037536621094e+00
5.946907997131347656e+00
5.945911407470703125e+00
5.987701416015625000e+00
5.809910774230957031e+00
5.869186401367187500e+00
5.787075519561767578e+00
5.826988697052001953e+00
5.743214130401611328e+00
5.912959575653076172e+00
5.839403152465820312e+00
5.935646057128906250e+00
5.869381904602050781e+00
5.901120185852050781e+00
5.867139339447021484e+00
6.062693119049072266e+00
6.035363674163818359e+00
5.885919570922851562e+00
5.892313003540039062e+00
5.919182777404785156e+00
6.072055339813232422e+00
6.021981239318847656e+00
5.935764789581298828e+00
5.979965686798095703e+00
5.887757301330566406e+00
6.044510364532470703e+00
5.917209625244140625e+00
5.939190864562988281e+00
5.873140811920166016e+00
5.830038070678710938e+00
5.891447067260742188e+00
5.787526130676269531e+00
5.931858062744140625e+00
5.791318416595458984e+00
5.770908355712890625e+00
5.906018257141113281e+00
5.880505084991455078e+00
5.882710456848144531e+00
5.867020130157470703e+00
5.858036994934082031e+00
5.903450965881347656e+00
5.887619972229003906e+00
5.974647521972656250e+00
5.868111133575439453e+00
5.779562950134277344e+00
5.949189186096191406e+00
5.838105678558349609e+00
5.718204975128173828e+00
5.821883201599121094e+00
5.935087203979492188e+00
5.839781761169433594e+00
5.864428997039794922e+00
5.971501350402832031e+00
5.839793205261230469e+00
5.858963012695312500e+00
5.777216911315917969e+00
5.876097202301025391e+00
5.879774093627929688e+00
5.831350326538085938e+00
5.793048858642578125e+00
5.829246044158935547e+00
5.893664360046386719e+00
5.780541896820068359e+00
5.884431838989257812e+00
5.888727188110351562e+00
5.864546775817871094e+00
5.860395908355712891e+00
5.878571510314941406e+00
6.081616401672363281e+00
5.792819499969482422e+00
5.924196243286132812e+00
5.998594284057617188e+00
5.803970336914062500e+00
5.814871788024902344e+00
5.861968040466308594e+00
5.999169826507568359e+00
5.755279541015625000e+00
5.719219684600830078e+00
5.814473152160644531e+00
5.752067089080810547e+00
5.918846607208251953e+00
5.880795478820800781e+00
5.846210956573486328e+00
5.889624595642089844e+00
5.866563320159912109e+00
5.866246223449707031e+00
5.847705841064453125e+00
5.878824234008789062e+00
5.795575618743896484e+00
5.848598480224609375e+00
5.749482631683349609e+00
5.807905197143554688e+00
5.747483730316162109e+00
5.811361312866210938e+00
5.897964000701904297e+00
5.748613357543945312e+00
5.763313770294189453e+00
5.849508285522460938e+00
5.781709194183349609e+00
5.801835060119628906e+00
5.807664871215820312e+00
5.927522659301757812e+00
5.788132667541503906e+00
5.991353034973144531e+00
5.832990646362304688e+00
5.923657894134521484e+00
5.744627952575683594e+00
5.942340850830078125e+00
6.056569576263427734e+00
5.901028633117675781e+00
5.820200920104980469e+00
5.814878463745117188e+00
5.815784454345703125e+00
5.884597778320312500e+00
5.854084968566894531e+00
5.904200553894042969e+00
5.843756675720214844e+00
5.852258682250976562e+00
5.875063419342041016e+00
5.771909713745117188e+00
5.840155601501464844e+00
5.885338783264160156e+00
5.853177070617675781e+00
6.050165653228759766e+00
5.770914554595947266e+00
5.842758178710937500e+00
5.820182800292968750e+00
5.740675926208496094e+00
5.883722305297851562e+00
5.974818229675292969e+00
5.754112720489501953e+00
5.821146965026855469e+00
5.938282966613769531e+00
5.788855075836181641e+00
5.945239543914794922e+00
5.864268302917480469e+00
5.826940536499023438e+00
5.839193344116210938e+00
5.778040409088134766e+00
5.935479640960693359e+00
5.831045627593994141e+00
5.853941440582275391e+00
5.764622211456298828e+00
5.998102664947509766e+00
5.915199279785156250e+00
5.951996803283691406e+00
5.802295684814453125e+00
6.007040977478027344e+00
5.890181541442871094e+00
5.796243667602539062e+00
5.876413822174072266e+00
5.811402320861816406e+00
5.851706981658935547e+00
5.880513668060302734e+00
5.879641532897949219e+00
5.913804054260253906e+00
5.815540313720703125e+00
5.950992584228515625e+00
5.905537128448486328e+00
5.984491348266601562e+00
5.763112068176269531e+00
5.889785766601562500e+00
5.909731864929199219e+00
5.736875057220458984e+00
5.861247539520263672e+00
5.804705142974853516e+00
5.951560974121093750e+00
5.748090267181396484e+00
5.769579887390136719e+00
5.755909919738769531e+00
5.884702682495117188e+00
5.906000614166259766e+00
5.841158390045166016e+00
5.925978660583496094e+00
5.920814037322998047e+00
5.887595653533935547e+00
5.729359626770019531e+00
5.751382350921630859e+00
5.994354248046875000e+00
5.897300243377685547e+00
5.833408355712890625e+00
5.877449035644531250e+00
5.944301128387451172e+00
5.874700069427490234e+00
5.826158523559570312e+00
5.806680202484130859e+00
5.809176445007324219e+00
5.996330261230468750e+00
5.812654018402099609e+00
5.799047946929931641e+00
5.831548213958740234e+00
5.841415405273437500e+00
5.906032562255859375e+00
5.778099060058593750e+00
5.807297229766845703e+00
5.844155311584472656e+00
5.774860382080078125e+00
5.817544937133789062e+00
5.975453376770019531e+00
5.844252109527587891e+00
5.752521991729736328e+00
5.783791065216064453e+00
5.948817253112792969e+00
5.819782257080078125e+00
6.050509929656982422e+00
5.932184696197509766e+00
5.884198665618896484e+00
5.917721748352050781e+00
5.820721626281738281e+00
5.901152610778808594e+00
6.001876354217529297e+00
5.779796600341796875e+00
5.807604789733886719e+00
5.907006740570068359e+00
6.002381801605224609e+00
5.986931800842285156e+00
5.810940265655517578e+00
5.815102577209472656e+00
5.865847587585449219e+00
6.001608848571777344e+00
5.760310173034667969e+00
5.750608444213867188e+00
6.114133358001708984e+00
5.838065624237060547e+00
5.772754669189453125e+00
5.833907127380371094e+00
5.828689098358154297e+00
5.906176090240478516e+00
5.832282066345214844e+00
5.900285720825195312e+00
6.021903038024902344e+00
5.853500366210937500e+00
5.841882228851318359e+00
5.908513069152832031e+00
5.967858314514160156e+00
5.793245792388916016e+00
5.817725181579589844e+00
5.747901439666748047e+00
5.913510322570800781e+00
5.811524391174316406e+00
5.874897003173828125e+00
5.830930709838867188e+00
5.877818107604980469e+00
5.796346187591552734e+00
5.783902645111083984e+00
5.746121883392333984e+00
5.851511478424072266e+00
5.798634529113769531e+00
5.806629180908203125e+00
5.970101356506347656e+00
5.940711498260498047e+00
5.812614440917968750e+00
5.724473476409912109e+00
5.826436996459960938e+00
5.927392482757568359e+00
5.836358070373535156e+00
5.897304534912109375e+00
5.754582405090332031e+00
5.919072151184082031e+00
5.726044178009033203e+00
5.839657783508300781e+00
5.852510452270507812e+00
5.720684528350830078e+00
5.836488723754882812e+00
5.717789649963378906e+00
5.935567378997802734e+00
5.775295734405517578e+00
5.857549667358398438e+00
5.868257045745849609e+00
5.973851203918457031e+00
5.794609069824218750e+00
5.865227699279785156e+00
5.784297943115234375e+00
5.794802188873291016e+00
5.830797195434570312e+00
5.841643333435058594e+00
5.751876831054687500e+00
5.796401977539062500e+00
5.829928874969482422e+00
5.811220645904541016e+00
5.682753086090087891e+00
5.865607738494873047e+00
5.798105239868164062e+00
5.990962982177734375e+00
5.836942672729492188e+00
5.823863983154296875e+00
5.844528198242187500e+00
5.842136859893798828e+00
5.674123764038085938e+00
6.167963027954101562e+00
5.859909057617187500e+00
5.872983932495117188e+00
5.782382011413574219e+00
5.904382705688476562e+00
5.932114601135253906e+00
5.741093635559082031e+00
5.837504386901855469e+00
5.755960464477539062e+00
5.746461868286132812e+00
5.925308704376220703e+00
5.844446182250976562e+00
5.914142608642578125e+00
5.716579437255859375e+00
5.867530345916748047e+00
5.822926998138427734e+00
5.822823047637939453e+00
5.863663673400878906e+00
5.799553394317626953e+00
5.900661945343017578e+00
5.817331314086914062e+00
5.731293678283691406e+00
5.872333049774169922e+00
5.810598373413085938e+00
5.800409317016601562e+00
5.748407363891601562e+00
5.906029701232910156e+00
5.822916030883789062e+00
5.844650745391845703e+00
5.946870803833007812e+00
5.837157249450683594e+00
5.764836788177490234e+00
5.910266876220703125e+00
5.789397716522216797e+00
5.866132259368896484e+00
5.686791896820068359e+00
5.814177513122558594e+00
5.746765136718750000e+00
5.860302925109863281e+00
5.865679740905761719e+00
5.701290130615234375e+00
5.881304264068603516e+00
5.711691379547119141e+00
5.734591484069824219e+00
5.964820861816406250e+00
5.835009574890136719e+00
5.885776042938232422e+00
5.796049118041992188e+00
5.783678054809570312e+00
5.907898902893066406e+00
5.843929290771484375e+00
5.850509643554687500e+00
5.752719879150390625e+00
5.823542594909667969e+00
5.814234733581542969e+00
5.731622695922851562e+00
5.876009941101074219e+00
5.930221557617187500e+00
5.819179058074951172e+00
6.018779277801513672e+00
5.913650035858154297e+00
5.864919662475585938e+00
5.962472915649414062e+00
5.765096664428710938e+00
5.781791687011718750e+00
5.792408943176269531e+00
5.765214443206787109e+00
5.870011329650878906e+00
5.836431503295898438e+00
5.756648540496826172e+00
5.910285949707031250e+00
5.797418117523193359e+00
5.903757572174072266e+00
5.821365356445312500e+00
5.828431129455566406e+00
5.855963230133056641e+00
5.874626159667968750e+00
5.740343570709228516e+00
5.789370536804199219e+00
5.780089378356933594e+00
5.853283882141113281e+00
5.956017017364501953e+00
5.947506904602050781e+00
6.097588539123535156e+00
5.774520874023437500e+00
5.797145366668701172e+00
5.866981506347656250e+00
5.770460128784179688e+00
5.841671943664550781e+00
5.677314758300781250e+00
6.048973560333251953e+00
5.754562377929687500e+00
5.878324508666992188e+00
5.724224567413330078e+00
5.735983848571777344e+00
5.721909523010253906e+00
5.843625068664550781e+00
5.726566791534423828e+00
5.840648651123046875e+00
5.779983043670654297e+00
5.958309650421142578e+00
5.759717464447021484e+00
5.834701538085937500e+00
5.873093605041503906e+00
5.950778484344482422e+00
5.842649459838867188e+00
5.974413871765136719e+00
5.849674701690673828e+00
5.881307125091552734e+00
5.811859130859375000e+00
5.980959415435791016e+00
5.896107673645019531e+00
5.818500518798828125e+00
5.955543994903564453e+00
5.816153526306152344e+00
5.920671463012695312e+00
5.964005470275878906e+00
5.756836891174316406e+00
5.834780216217041016e+00
5.889088630676269531e+00
5.831304550170898438e+00
5.808767318725585938e+00
5.841682434082031250e+00
5.759775161743164062e+00
5.997108459472656250e+00
5.713930130004882812e+00
5.783492088317871094e+00
5.974109172821044922e+00
5.760442733764648438e+00
5.738026618957519531e+00
5.783198833465576172e+00
5.917654991149902344e+00
5.760726928710937500e+00
5.838676929473876953e+00
5.927198410034179688e+00
5.818069458007812500e+00
5.924676418304443359e+00
5.712556362152099609e+00
5.794384956359863281e+00
5.692200660705566406e+00
5.772921562194824219e+00
5.851191043853759766e+00
5.784488201141357422e+00
5.858401775360107422e+00
6.040198326110839844e+00
5.760443687438964844e+00
5.773763656616210938e+00
5.776045799255371094e+00
5.927380084991455078e+00
5.833465099334716797e+00
5.879965782165527344e+00
5.846077442169189453e+00
5.735887527465820312e+00
5.882010936737060547e+00
5.775361061096191406e+00
5.931415557861328125e+00
5.746401309967041016e+00
5.851539611816406250e+00
5.719879627227783203e+00
5.860568046569824219e+00
5.882083415985107422e+00
5.780690193176269531e+00
5.825637817382812500e+00
5.747931957244873047e+00
5.825358390808105469e+00
5.736735343933105469e+00
5.827809333801269531e+00
5.795161247253417969e+00
5.903245925903320312e+00
5.905961036682128906e+00
5.920070648193359375e+00
5.821933269500732422e+00
5.656805992126464844e+00
5.771639823913574219e+00
5.846890449523925781e+00
5.693828582763671875e+00
6.034744262695312500e+00
5.911426544189453125e+00
5.670842647552490234e+00
5.775065898895263672e+00
5.919178485870361328e+00
5.806413650512695312e+00
5.808413505554199219e+00
5.754133224487304688e+00
5.906743526458740234e+00
5.790505409240722656e+00
5.781687259674072266e+00
5.922182083129882812e+00
5.807106018066406250e+00
5.817370414733886719e+00
5.784100532531738281e+00
5.886180400848388672e+00
5.869208335876464844e+00
5.725288391113281250e+00
5.798008441925048828e+00
5.824186801910400391e+00
5.802306175231933594e+00
5.818129539489746094e+00
5.773454189300537109e+00
5.806734085083007812e+00
5.783035278320312500e+00
5.856632232666015625e+00
5.838542461395263672e+00
5.807276725769042969e+00
5.682736396789550781e+00
5.794504165649414062e+00
5.704041481018066406e+00
5.823945045471191406e+00
5.814470291137695312e+00
5.809182167053222656e+00
5.845440387725830078e+00
5.734507560729980469e+00
5.689974784851074219e+00
5.773888587951660156e+00
5.766730308532714844e+00
5.816335201263427734e+00
5.752991676330566406e+00
5.733070373535156250e+00
5.827430725097656250e+00
5.896362304687500000e+00
5.924071311950683594e+00
5.847057342529296875e+00
5.824296951293945312e+00
5.883604049682617188e+00
5.759918689727783203e+00
5.968079090118408203e+00
5.893039703369140625e+00
5.830986022949218750e+00
5.767107963562011719e+00
5.942651748657226562e+00
5.781751155853271484e+00
6.054285526275634766e+00
5.897982597351074219e+00
5.860868930816650391e+00
5.943490028381347656e+00
5.770095348358154297e+00
5.703645706176757812e+00
5.826722621917724609e+00
5.850036144256591797e+00
5.881381988525390625e+00
5.762098312377929688e+00
5.786838054656982422e+00
5.864080429077148438e+00
5.820224761962890625e+00
5.852930068969726562e+00
5.849815368652343750e+00
5.864589691162109375e+00
5.825520515441894531e+00
5.844310760498046875e+00
5.746446132659912109e+00
5.738298416137695312e+00
5.753245830535888672e+00
5.777875900268554688e+00
5.742334365844726562e+00
5.866529464721679688e+00
5.920096397399902344e+00
5.811839580535888672e+00
5.927215576171875000e+00
5.785559654235839844e+00
5.826204776763916016e+00
5.787576198577880859e+00
5.805160522460937500e+00
5.865673542022705078e+00
5.818854331970214844e+00
5.831785678863525391e+00
5.779793739318847656e+00
5.869612216949462891e+00
5.788774013519287109e+00
5.804068565368652344e+00
5.691610336303710938e+00
5.754259109497070312e+00
5.868914127349853516e+00
5.753259181976318359e+00
5.894378185272216797e+00
5.811064243316650391e+00
5.748017787933349609e+00
5.822091579437255859e+00
5.763026237487792969e+00
5.753403663635253906e+00
5.745893001556396484e+00
5.886854648590087891e+00
5.728182792663574219e+00
5.822166442871093750e+00
6.103389263153076172e+00
6.017493247985839844e+00
5.713900089263916016e+00
5.835115432739257812e+00
