1.195864257812500000e+02
1.090216674804687500e+02
1.066565399169921875e+02
1.056606674194335938e+02
1.049679260253906250e+02
1.043397903442382812e+02
1.038468399047851562e+02
1.035183792114257812e+02
1.028804473876953125e+02
1.024619445800781250e+02
1.019901199340820312e+02
1.016342468261718750e+02
1.014691925048828125e+02
1.009266281127929688e+02
1.008534240722656250e+02
1.004393234252929688e+02
1.000928344726562500e+02
9.981538391113281250e+01
9.908377838134765625e+01
9.864866638183593750e+01
9.801895141601562500e+01
9.799421691894531250e+01
9.750806427001953125e+01
9.722903442382812500e+01
9.728759002685546875e+01
9.633615112304687500e+01
9.626640319824218750e+01
9.679644775390625000e+01
9.644703674316406250e+01
9.647439575195312500e+01
9.632992553710937500e+01
9.590036010742187500e+01
9.609121704101562500e+01
9.527024841308593750e+01
9.516165161132812500e+01
9.526693725585937500e+01
9.462319946289062500e+01
9.475558471679687500e+01
9.439533996582031250e+01
9.405648803710937500e+01
9.472492980957031250e+01
9.447508239746093750e+01
9.442599487304687500e+01
9.434516906738281250e+01
9.397564697265625000e+01
9.380801391601562500e+01
9.319185638427734375e+01
9.452075195312500000e+01
9.348690795898437500e+01
9.381829833984375000e+01
9.366238403320312500e+01
9.363737487792968750e+01
9.348645019531250000e+01
9.322128295898437500e+01
9.358171844482421875e+01
9.307051849365234375e+01
9.300080871582031250e+01
9.231522369384765625e+01
9.283099365234375000e+01
9.295588684082031250e+01
9.280992126464843750e+01
9.333602905273437500e+01
9.294036865234375000e+01
9.311968994140625000e+01
9.252668762207031250e+01
9.333217620849609375e+01
9.310202789306640625e+01
9.276287841796875000e+01
9.229618835449218750e+01
9.216925048828125000e+01
9.300276947021484375e+01
9.216154479980468750e+01
9.236239624023437500e+01
9.298973846435546875e+01
9.230400848388671875e+01
9.212471008300781250e+01
9.156114196777343750e+01
9.166084289550781250e+01
9.168672943115234375e+01
9.243074798583984375e+01
9.236031341552734375e+01
9.263270568847656250e+01
9.129802703857421875e+01
9.222151947021484375e+01
9.127145385742187500e+01
9.178256225585937500e+01
9.150421142578125000e+01
9.212324523925781250e+01
9.167628479003906250e+01
9.220288085937500000e+01
9.079914093017578125e+01
9.085124969482421875e+01
9.156672668457031250e+01
9.214074707031250000e+01
9.020582580566406250e+01
9.076493835449218750e+01
9.165266418457031250e+01
9.158595275878906250e+01
9.080133819580078125e+01
9.118449401855468750e+01
9.095062255859375000e+01
9.086866760253906250e+01
9.094039916992187500e+01
9.061647796630859375e+01
9.121610260009765625e+01
9.076441192626953125e+01
9.160910034179687500e+01
9.098158264160156250e+01
9.065424346923828125e+01
9.051324462890625000e+01
9.102308654785156250e+01
9.089707183837890625e+01
9.097323608398437500e+01
9.167174530029296875e+01
9.038053894042968750e+01
9.094575500488281250e+01
9.075619506835937500e+01
9.030204010009765625e+01
9.000154876708984375e+01
9.065824890136718750e+01
9.019208526611328125e+01
9.059883117675781250e+01
9.062445831298828125e+01
9.126939392089843750e+01
9.074240875244140625e+01
8.963262176513671875e+01
9.017176818847656250e+01
9.016108703613281250e+01
9.113130187988281250e+01
9.005902099609375000e+01
8.978583526611328125e+01
8.979248046875000000e+01
9.009092712402343750e+01
9.034513854980468750e+01
8.954235839843750000e+01
9.010820007324218750e+01
8.943505859375000000e+01
8.974185180664062500e+01
8.917874145507812500e+01
8.956946563720703125e+01
9.023177337646484375e+01
8.888972473144531250e+01
8.947386932373046875e+01
8.995489501953125000e+01
8.924455261230468750e+01
9.014659118652343750e+01
8.755636596679687500e+01
8.965275573730468750e+01
8.974684143066406250e+01
8.976081848144531250e+01
8.905412292480468750e+01
8.952673339843750000e+01
8.929979705810546875e+01
8.954704284667968750e+01
8.909191131591796875e+01
8.873936462402343750e+01
8.889979553222656250e+01
8.918020629882812500e+01
8.977720642089843750e+01
8.952522277832031250e+01
8.854118347167968750e+01
8.878623962402343750e+01
8.955522918701171875e+01
8.918226623535156250e+01
8.920540618896484375e+01
8.806899261474609375e+01
8.921077728271484375e+01
8.964688110351562500e+01
8.974211120605468750e+01
8.921269226074218750e+01
8.835011291503906250e+01
8.843719482421875000e+01
8.918826293945312500e+01
8.847663116455078125e+01
8.880696105957031250e+01
8.899084472656250000e+01
8.917573547363281250e+01
8.837641906738281250e+01
8.820780944824218750e+01
8.881963348388671875e+01
8.918551635742187500e+01
8.945509338378906250e+01
8.816139221191406250e+01
8.905978393554687500e+01
8.902745056152343750e+01
8.916482543945312500e+01
8.870016479492187500e+01
8.856574249267578125e+01
8.846571350097656250e+01
8.865406799316406250e+01
8.910227966308593750e+01
8.819896697998046875e+01
8.873583984375000000e+01
8.825239562988281250e+01
8.855390930175781250e+01
8.896470642089843750e+01
8.842347717285156250e+01
8.871470642089843750e+01
8.858332824707031250e+01
8.857616424560546875e+01
8.844803619384765625e+01
8.854437255859375000e+01
8.873832702636718750e+01
8.848983764648437500e+01
8.898234558105468750e+01
8.839386749267578125e+01
8.895128631591796875e+01
8.823457336425781250e+01
8.895981597900390625e+01
8.933612823486328125e+01
8.848692321777343750e+01
8.850007629394531250e+01
8.804000854492187500e+01
8.802470397949218750e+01
8.880986022949218750e+01
8.833746337890625000e+01
8.863819122314453125e+01
8.764872741699218750e+01
8.863774108886718750e+01
8.893463134765625000e+01
8.841529846191406250e+01
8.781791687011718750e+01
8.781095886230468750e+01
8.826640319824218750e+01
8.791444396972656250e+01
8.833026123046875000e+01
8.784898376464843750e+01
8.776417541503906250e+01
8.814093017578125000e+01
8.748194885253906250e+01
8.798552703857421875e+01
8.818135833740234375e+01
8.867173767089843750e+01
8.780757904052734375e+01
8.812922668457031250e+01
8.731195068359375000e+01
8.842541503906250000e+01
8.778479003906250000e+01
8.853932952880859375e+01
8.833660888671875000e+01
8.881990051269531250e+01
8.784309387207031250e+01
8.874578094482421875e+01
8.759390258789062500e+01
8.801269531250000000e+01
8.792100524902343750e+01
8.811200714111328125e+01
8.862637329101562500e+01
8.770091247558593750e+01
8.763715362548828125e+01
8.808537292480468750e+01
8.768641662597656250e+01
8.753253173828125000e+01
8.744761657714843750e+01
8.779483795166015625e+01
8.854179382324218750e+01
8.753656768798828125e+01
8.823051452636718750e+01
8.751431274414062500e+01
8.730302429199218750e+01
8.706133270263671875e+01
8.710732269287109375e+01
8.716149139404296875e+01
8.836872100830078125e+01
8.803744506835937500e+01
8.770639038085937500e+01
8.772869873046875000e+01
8.755468750000000000e+01
8.755960083007812500e+01
8.854026794433593750e+01
8.717497253417968750e+01
8.736775207519531250e+01
8.666159057617187500e+01
8.767353820800781250e+01
8.814711761474609375e+01
8.678937530517578125e+01
8.800709533691406250e+01
8.776828765869140625e+01
8.766416931152343750e+01
8.812883758544921875e+01
8.701467895507812500e+01
8.918329620361328125e+01
8.760814666748046875e+01
8.738883972167968750e+01
8.687481689453125000e+01
8.849990844726562500e+01
8.795452117919921875e+01
8.747604370117187500e+01
8.800508117675781250e+01
8.710720825195312500e+01
8.825662231445312500e+01
8.788554382324218750e+01
8.819810485839843750e+01
8.755688476562500000e+01
8.729257202148437500e+01
8.757489776611328125e+01
8.790156555175781250e+01
8.758307647705078125e+01
8.781195831298828125e+01
8.833144378662109375e+01
8.727599334716796875e+01
8.707279968261718750e+01
8.713140106201171875e+01
8.736175537109375000e+01
8.751712036132812500e+01
8.736582183837890625e+01
8.813907623291015625e+01
8.707641601562500000e+01
8.721043395996093750e+01
8.761920166015625000e+01
8.873567199707031250e+01
8.727449798583984375e+01
8.762403869628906250e+01
8.777838897705078125e+01
8.778898620605468750e+01
8.722059631347656250e+01
8.715890502929687500e+01
8.738342285156250000e+01
8.795081329345703125e+01
8.774211883544921875e+01
8.733482360839843750e+01
8.851966094970703125e+01
8.783352661132812500e+01
8.647700500488281250e+01
8.722328186035156250e+01
8.689442443847656250e+01
8.784048461914062500e+01
8.694725799560546875e+01
8.749338531494140625e+01
8.684927368164062500e+01
8.737370300292968750e+01
8.717744445800781250e+01
8.711896514892578125e+01
8.707514953613281250e+01
8.618022155761718750e+01
8.648213195800781250e+01
8.683341979980468750e+01
8.825741577148437500e+01
8.744526672363281250e+01
8.708498382568359375e+01
8.734486389160156250e+01
8.746415710449218750e+01
8.712786865234375000e+01
8.759267425537109375e+01
8.748908233642578125e+01
8.754924011230468750e+01
8.730636596679687500e+01
8.649008178710937500e+01
8.713355255126953125e+01
8.749806213378906250e+01
8.743678283691406250e+01
8.694203186035156250e+01
8.722137451171875000e+01
8.674006652832031250e+01
8.691316223144531250e+01
8.780587768554687500e+01
8.701504516601562500e+01
8.716842651367187500e+01
8.583359527587890625e+01
8.622480773925781250e+01
8.689945220947265625e+01
8.688708496093750000e+01
8.692323303222656250e+01
8.706848144531250000e+01
8.725871276855468750e+01
8.740106201171875000e+01
8.787467956542968750e+01
8.802435302734375000e+01
8.784494018554687500e+01
8.734524536132812500e+01
8.703833770751953125e+01
8.726398468017578125e+01
8.661676025390625000e+01
8.690560150146484375e+01
8.716362762451171875e+01
8.731575012207031250e+01
8.738481140136718750e+01
8.728388977050781250e+01
8.622291564941406250e+01
8.718525695800781250e+01
8.670086669921875000e+01
8.683959960937500000e+01
8.623153686523437500e+01
8.681249237060546875e+01
8.678855133056640625e+01
8.781440734863281250e+01
8.705067443847656250e+01
8.679421997070312500e+01
8.720652770996093750e+01
8.582579803466796875e+01
8.722074890136718750e+01
8.621604919433593750e+01
8.704164886474609375e+01
8.652310180664062500e+01
8.647637939453125000e+01
8.696409606933593750e+01
8.749130249023437500e+01
8.737088012695312500e+01
8.688053894042968750e+01
8.710803222656250000e+01
8.685923767089843750e+01
8.735278320312500000e+01
8.699845886230468750e+01
8.658345031738281250e+01
8.646829986572265625e+01
8.739877319335937500e+01
8.723266601562500000e+01
8.739233398437500000e+01
8.710266113281250000e+01
8.719094085693359375e+01
8.649851226806640625e+01
8.706555175781250000e+01
8.718467712402343750e+01
8.741066741943359375e+01
8.643382263183593750e+01
8.713566589355468750e+01
8.711557769775390625e+01
8.661805725097656250e+01
8.635655212402343750e+01
8.680569458007812500e+01
8.609413146972656250e+01
8.654928588867187500e+01
8.715647888183593750e+01
8.702111816406250000e+01
8.733306121826171875e+01
8.775134277343750000e+01
8.743257141113281250e+01
8.700910949707031250e+01
8.632592773437500000e+01
8.713737487792968750e+01
8.681948852539062500e+01
8.630027770996093750e+01
8.747748565673828125e+01
8.631523132324218750e+01
8.610076141357421875e+01
8.774814605712890625e+01
8.689325714111328125e+01
8.696482849121093750e+01
8.622008514404296875e+01
8.666617584228515625e+01
8.653120422363281250e+01
8.577493286132812500e+01
8.708259582519531250e+01
8.717683410644531250e+01
8.726843261718750000e+01
8.686296081542968750e+01
8.778576660156250000e+01
8.656857299804687500e+01
8.687686920166015625e+01
8.640797424316406250e+01
8.687438964843750000e+01
8.629594421386718750e+01
8.757106018066406250e+01
8.703045654296875000e+01
8.636532592773437500e+01
8.645726013183593750e+01
8.676674652099609375e+01
8.664945983886718750e+01
8.689663696289062500e+01
8.658006286621093750e+01
8.681216430664062500e+01
8.616050720214843750e+01
8.659626770019531250e+01
8.629399108886718750e+01
8.631240844726562500e+01
8.777484893798828125e+01
8.640868377685546875e+01
8.692973327636718750e+01
8.661869812011718750e+01
8.643443298339843750e+01
8.646803283691406250e+01
8.698088073730468750e+01
8.706179809570312500e+01
8.689416503906250000e+01
8.702894592285156250e+01
8.712321472167968750e+01
8.653401184082031250e+01
8.724740600585937500e+01
8.759614562988281250e+01
8.673138427734375000e+01
8.548204040527343750e+01
8.638378906250000000e+01
8.704605102539062500e+01
8.611923217773437500e+01
8.710402679443359375e+01
8.633857727050781250e+01
8.684149932861328125e+01
8.638710021972656250e+01
8.743220520019531250e+01
8.634831237792968750e+01
8.708585357666015625e+01
8.783425903320312500e+01
8.593423461914062500e+01
8.696036529541015625e+01
8.688973999023437500e+01
8.701068878173828125e+01
8.724812316894531250e+01
8.680476379394531250e+01
8.728466033935546875e+01
8.691476440429687500e+01
8.602036285400390625e+01
8.689601898193359375e+01
8.695388793945312500e+01
8.732040405273437500e+01
8.632562255859375000e+01
8.698116302490234375e+01
8.669914245605468750e+01
8.647708129882812500e+01
8.597515869140625000e+01
8.700143432617187500e+01
8.636482238769531250e+01
8.644267272949218750e+01
8.688542175292968750e+01
8.682756042480468750e+01
8.668844604492187500e+01
8.642944335937500000e+01
8.717230224609375000e+01
8.726808166503906250e+01
8.703044128417968750e+01
8.632926940917968750e+01
8.640013122558593750e+01
8.700689697265625000e+01
8.706172943115234375e+01
8.698279571533203125e+01
8.682739257812500000e+01
8.587943267822265625e+01
8.652637481689453125e+01
8.592697143554687500e+01
8.680403137207031250e+01
8.606686401367187500e+01
8.655215454101562500e+01
8.594564819335937500e+01
8.708895111083984375e+01
8.643467712402343750e+01
8.744108581542968750e+01
8.703806304931640625e+01
8.689923095703125000e+01
8.627110290527343750e+01
8.721038055419921875e+01
8.622570800781250000e+01
8.741537475585937500e+01
8.674215698242187500e+01
8.638347625732421875e+01
8.679502868652343750e+01
8.648288726806640625e+01
8.646184539794921875e+01
8.686859130859375000e+01
8.650511169433593750e+01
8.681794738769531250e+01
8.665260314941406250e+01
8.729090881347656250e+01
8.684974670410156250e+01
8.690576934814453125e+01
8.636550903320312500e+01
8.683528137207031250e+01
8.691635131835937500e+01
8.630245208740234375e+01
8.628388977050781250e+01
8.549206542968750000e+01
8.695463562011718750e+01
8.595300292968750000e+01
8.632513427734375000e+01
8.636146545410156250e+01
8.667230224609375000e+01
8.661705780029296875e+01
8.609777832031250000e+01
8.688610839843750000e+01
8.735054779052734375e+01
8.626773834228515625e+01
8.676113891601562500e+01
8.668119812011718750e+01
8.589535522460937500e+01
8.722549438476562500e+01
8.624601745605468750e+01
8.569656372070312500e+01
8.690664672851562500e+01
8.648711395263671875e+01
8.658293914794921875e+01
8.664373016357421875e+01
8.694375610351562500e+01
8.666954040527343750e+01
8.656089019775390625e+01
8.649494934082031250e+01
8.618553924560546875e+01
8.597553253173828125e+01
8.658589172363281250e+01
8.764709472656250000e+01
8.682386779785156250e+01
8.645063018798828125e+01
8.701583862304687500e+01
8.660041809082031250e+01
8.759687042236328125e+01
8.624475097656250000e+01
8.712606811523437500e+01
8.785270690917968750e+01
8.639770507812500000e+01
8.697607421875000000e+01
8.686276245117187500e+01
8.599766540527343750e+01
8.628941345214843750e+01
8.652877807617187500e+01
8.620791625976562500e+01
8.667881774902343750e+01
8.702842712402343750e+01
8.809693145751953125e+01
8.637852478027343750e+01
8.697966766357421875e+01
8.728532409667968750e+01
8.673576354980468750e+01
8.620092773437500000e+01
8.594001007080078125e+01
8.670272827148437500e+01
8.706251525878906250e+01
8.704975891113281250e+01
8.632684326171875000e+01
8.683644104003906250e+01
8.709088134765625000e+01
8.683857727050781250e+01
8.676170349121093750e+01
8.776084899902343750e+01
8.597418212890625000e+01
8.707289123535156250e+01
8.744488525390625000e+01
8.635844421386718750e+01
8.591423797607421875e+01
8.628793334960937500e+01
8.710829925537109375e+01
8.681645202636718750e+01
8.735279846191406250e+01
8.651640319824218750e+01
8.713478088378906250e+01
8.656478881835937500e+01
8.651785278320312500e+01
8.607310485839843750e+01
8.701284027099609375e+01
8.615385437011718750e+01
8.595074462890625000e+01
8.670910644531250000e+01
8.726507568359375000e+01
8.642376708984375000e+01
8.652059936523437500e+01
8.677769470214843750e+01
8.715809631347656250e+01
8.626162719726562500e+01
8.665345764160156250e+01
8.700535583496093750e+01
8.677447509765625000e+01
8.628260803222656250e+01
8.681298828125000000e+01
8.635208129882812500e+01
8.647946166992187500e+01
8.700674438476562500e+01
8.641030883789062500e+01
8.660103607177734375e+01
8.671320343017578125e+01
8.622407531738281250e+01
8.670836639404296875e+01
8.670797729492187500e+01
8.659919738769531250e+01
8.622819519042968750e+01
8.639963531494140625e+01
8.621148681640625000e+01
8.680126953125000000e+01
8.653137207031250000e+01
8.648399353027343750e+01
8.618677520751953125e+01
8.782036590576171875e+01
8.625122833251953125e+01
8.728871917724609375e+01
8.683746337890625000e+01
8.702044677734375000e+01
8.738053894042968750e+01
8.706114196777343750e+01
8.621526336669921875e+01
8.648629760742187500e+01
8.626013183593750000e+01
8.701470947265625000e+01
8.646954345703125000e+01
8.659780883789062500e+01
8.610134124755859375e+01
8.643778228759765625e+01
8.651797485351562500e+01
8.603219604492187500e+01
8.688769531250000000e+01
8.666289520263671875e+01
8.618270874023437500e+01
8.647006225585937500e+01
8.753234863281250000e+01
8.694409179687500000e+01
8.614225769042968750e+01
8.576765441894531250e+01
8.760181427001953125e+01
8.665361022949218750e+01
8.623023986816406250e+01
8.599368286132812500e+01
8.685955810546875000e+01
8.675639343261718750e+01
8.682853698730468750e+01
8.707541656494140625e+01
8.592710876464843750e+01
8.616560363769531250e+01
8.593090820312500000e+01
8.604680633544921875e+01
8.668705749511718750e+01
8.689440917968750000e+01
8.652069091796875000e+01
8.606259155273437500e+01
8.684945678710937500e+01
8.690292358398437500e+01
8.636752319335937500e+01
8.681455993652343750e+01
8.667888641357421875e+01
8.690002441406250000e+01
8.658335876464843750e+01
8.639382934570312500e+01
8.637126922607421875e+01
8.575038146972656250e+01
8.762260437011718750e+01
8.683445739746093750e+01
8.667944335937500000e+01
8.584212493896484375e+01
8.661738586425781250e+01
8.634822082519531250e+01
8.635876464843750000e+01
8.652310180664062500e+01
8.653744506835937500e+01
8.686335754394531250e+01
8.640576934814453125e+01
8.716331481933593750e+01
8.681938171386718750e+01
8.621247863769531250e+01
8.630995178222656250e+01
8.606499481201171875e+01
8.595225524902343750e+01
8.638963317871093750e+01
8.647961425781250000e+01
8.686755371093750000e+01
8.553675842285156250e+01
8.662419128417968750e+01
8.587547302246093750e+01
8.719172668457031250e+01
8.672047424316406250e+01
8.679175567626953125e+01
8.676663208007812500e+01
8.694554138183593750e+01
8.670649719238281250e+01
8.636911010742187500e+01
8.668566894531250000e+01
8.655015563964843750e+01
8.685189819335937500e+01
8.656216430664062500e+01
8.721878814697265625e+01
8.620050811767578125e+01
8.665802001953125000e+01
8.644155883789062500e+01
8.654071044921875000e+01
8.751594543457031250e+01
8.611267089843750000e+01
8.714965820312500000e+01
8.597837066650390625e+01
8.643339538574218750e+01
8.583065795898437500e+01
8.668849182128906250e+01
8.603378295898437500e+01
8.690111541748046875e+01
8.669000244140625000e+01
8.574229431152343750e+01
8.571696472167968750e+01
8.721501159667968750e+01
8.583952331542968750e+01
8.569949340820312500e+01
8.681052398681640625e+01
8.675347137451171875e+01
8.639500427246093750e+01
8.664226531982421875e+01
8.644756317138671875e+01
8.635146331787109375e+01
8.702003479003906250e+01
8.546528625488281250e+01
8.706143188476562500e+01
8.729382324218750000e+01
8.756982421875000000e+01
8.628562164306640625e+01
8.630435180664062500e+01
8.623510742187500000e+01
8.607318878173828125e+01
8.636491394042968750e+01
8.609996032714843750e+01
8.657327270507812500e+01
8.638816070556640625e+01
8.563514709472656250e+01
8.635456848144531250e+01
8.608959960937500000e+01
8.651101684570312500e+01
8.641941070556640625e+01
8.677045440673828125e+01
8.680683135986328125e+01
8.718672180175781250e+01
8.601309204101562500e+01
8.720565795898437500e+01
8.668403625488281250e+01
8.694273376464843750e+01
8.711904907226562500e+01
8.598081970214843750e+01
8.612529754638671875e+01
8.639347076416015625e+01
8.695466613769531250e+01
8.566935729980468750e+01
8.633149719238281250e+01
8.548432922363281250e+01
8.631602478027343750e+01
8.571295928955078125e+01
8.573857116699218750e+01
8.654574584960937500e+01
8.680957031250000000e+01
8.672909545898437500e+01
8.670346069335937500e+01
8.597306823730468750e+01
8.644670104980468750e+01
8.711191558837890625e+01
8.695671081542968750e+01
8.689106750488281250e+01
8.680069732666015625e+01
8.664050292968750000e+01
8.675971984863281250e+01
8.607509613037109375e+01
8.611343383789062500e+01
8.656849670410156250e+01
8.638806152343750000e+01
8.622724914550781250e+01
8.644931030273437500e+01
8.642620849609375000e+01
8.736479949951171875e+01
8.686207580566406250e+01
8.721385192871093750e+01
8.571063232421875000e+01
8.686711120605468750e+01
8.639744567871093750e+01
8.689985656738281250e+01
8.656347656250000000e+01
8.638707733154296875e+01
8.719154357910156250e+01
8.707242584228515625e+01
8.634696197509765625e+01
8.645178222656250000e+01
8.618149566650390625e+01
8.587500000000000000e+01
8.733900451660156250e+01
8.642639923095703125e+01
8.654983520507812500e+01
8.747972106933593750e+01
8.649821472167968750e+01
8.693910217285156250e+01
8.545666503906250000e+01
8.678089141845703125e+01
8.629134368896484375e+01
8.659713745117187500e+01
8.704415893554687500e+01
8.658058929443359375e+01
8.629354858398437500e+01
8.665888977050781250e+01
8.712805175781250000e+01
8.628473663330078125e+01
8.708962249755859375e+01
8.667788696289062500e+01
8.674835205078125000e+01
8.646688842773437500e+01
8.537115478515625000e+01
8.622724914550781250e+01
8.620617675781250000e+01
8.688096618652343750e+01
8.696154785156250000e+01
8.807168579101562500e+01
8.610462951660156250e+01
8.640115356445312500e+01
8.744998168945312500e+01
8.643118286132812500e+01
8.716136169433593750e+01
8.622861480712890625e+01
8.718905639648437500e+01
8.658802795410156250e+01
8.719978332519531250e+01
8.593115234375000000e+01
8.699211883544921875e+01
8.654967498779296875e+01
8.693208312988281250e+01
8.641247558593750000e+01
8.651719665527343750e+01
8.711329650878906250e+01
8.701075744628906250e+01
8.677478027343750000e+01
8.677672576904296875e+01
8.657116699218750000e+01
8.656781005859375000e+01
8.689132690429687500e+01
8.568852233886718750e+01
8.682127380371093750e+01
8.579277038574218750e+01
8.572163391113281250e+01
8.616958618164062500e+01
8.772572326660156250e+01
8.668304443359375000e+01
8.761125183105468750e+01
8.646365356445312500e+01
8.666856384277343750e+01
8.632244873046875000e+01
8.575762939453125000e+01
8.659293365478515625e+01
8.739039611816406250e+01
8.691168212890625000e+01
8.598943328857421875e+01
8.662438964843750000e+01
8.672839355468750000e+01
8.619978332519531250e+01
8.621675109863281250e+01
8.742337036132812500e+01
8.614659118652343750e+01
8.619338989257812500e+01
8.618134307861328125e+01
8.707025146484375000e+01
8.585498046875000000e+01
8.638345336914062500e+01
8.668917846679687500e+01
8.722418212890625000e+01
8.618069458007812500e+01
8.650052642822265625e+01
8.694163513183593750e+01
8.636473083496093750e+01
8.574989318847656250e+01
8.674526977539062500e+01
8.698295593261718750e+01
8.637036132812500000e+01
8.626730346679687500e+01
8.660235595703125000e+01
8.643438720703125000e+01
8.632264709472656250e+01
8.618918609619140625e+01
8.557481384277343750e+01
8.675903320312500000e+01
8.659030151367187500e+01
8.674954223632812500e+01
8.642888641357421875e+01
8.746435546875000000e+01
8.646807861328125000e+01
8.541377258300781250e+01
8.619804382324218750e+01
8.583042144775390625e+01
8.624701690673828125e+01
8.720335388183593750e+01
8.682156372070312500e+01
8.644837951660156250e+01
8.628038787841796875e+01
8.641572570800781250e+01
8.719779968261718750e+01
8.657547760009765625e+01
8.653799438476562500e+01
8.668531799316406250e+01
8.709457397460937500e+01
8.690812683105468750e+01
8.701977539062500000e+01
8.697087097167968750e+01
8.634194946289062500e+01
8.640627288818359375e+01
8.693480682373046875e+01
8.624044799804687500e+01
8.726969909667968750e+01
8.693225097656250000e+01
8.688250732421875000e+01
8.605258178710937500e+01
8.660154724121093750e+01
