6.727430820465087891e+00
6.468182086944580078e+00
6.153729438781738281e+00
6.238207817077636719e+00
6.028136253356933594e+00
6.030077934265136719e+00
5.862133979797363281e+00
5.948514461517333984e+00
5.780584335327148438e+00
5.870663642883300781e+00
5.775033473968505859e+00
5.784480571746826172e+00
5.821312904357910156e+00
5.825529098510742188e+00
5.863651752471923828e+00
5.874601364135742188e+00
5.863846302032470703e+00
5.916724205017089844e+00
5.783957481384277344e+00
5.760614871978759766e+00
5.699541091918945312e+00
5.788959026336669922e+00
5.665785789489746094e+00
5.852828025817871094e+00
5.715768814086914062e+00
5.767610073089599609e+00
5.840930938720703125e+00
5.683621883392333984e+00
5.765116691589355469e+00
5.660432338714599609e+00
5.720722675323486328e+00
5.687554359436035156e+00
5.836327552795410156e+00
5.920390605926513672e+00
5.708506584167480469e+00
5.736752986907958984e+00
5.734371185302734375e+00
5.671358108520507812e+00
5.763417720794677734e+00
5.801928043365478516e+00
5.646170139312744141e+00
5.862401485443115234e+00
5.653093814849853516e+00
5.710157394409179688e+00
5.646778106689453125e+00
5.648386478424072266e+00
5.599259376525878906e+00
5.739231109619140625e+00
5.729911804199218750e+00
5.632183074951171875e+00
5.583925724029541016e+00
5.885241031646728516e+00
5.604290008544921875e+00
5.577279090881347656e+00
5.573054313659667969e+00
5.665864467620849609e+00
5.564424037933349609e+00
5.739284992218017578e+00
5.641764163970947266e+00
5.872182846069335938e+00
5.721334934234619141e+00
5.673314571380615234e+00
5.583699226379394531e+00
5.538508415222167969e+00
5.792619228363037109e+00
5.727924823760986328e+00
5.570259094238281250e+00
5.693556308746337891e+00
5.664967060089111328e+00
5.603375911712646484e+00
5.631037235260009766e+00
5.735927104949951172e+00
5.586021423339843750e+00
5.729993820190429688e+00
5.495998859405517578e+00
5.808350563049316406e+00
5.544589042663574219e+00
5.709350585937500000e+00
5.624521255493164062e+00
5.596488475799560547e+00
5.566215991973876953e+00
5.656746864318847656e+00
5.624292373657226562e+00
5.608588218688964844e+00
5.548185348510742188e+00
5.575502872467041016e+00
5.567984104156494141e+00
5.634528160095214844e+00
5.503697395324707031e+00
5.623485565185546875e+00
5.577720642089843750e+00
5.585357666015625000e+00
5.522534847259521484e+00
5.723220348358154297e+00
5.562659263610839844e+00
5.717117786407470703e+00
5.632618904113769531e+00
5.633152961730957031e+00
5.544350147247314453e+00
5.621598243713378906e+00
5.572107315063476562e+00
5.681107044219970703e+00
5.503191947937011719e+00
5.534317970275878906e+00
5.466724395751953125e+00
5.631559848785400391e+00
5.522557735443115234e+00
5.609826087951660156e+00
5.743274211883544922e+00
5.585916519165039062e+00
5.611789703369140625e+00
5.566502571105957031e+00
5.493861198425292969e+00
5.524953842163085938e+00
5.627911567687988281e+00
5.538272857666015625e+00
5.467715740203857422e+00
5.479091167449951172e+00
5.551238536834716797e+00
5.652783393859863281e+00
5.610143661499023438e+00
5.692512989044189453e+00
5.583799839019775391e+00
5.538792610168457031e+00
5.629776000976562500e+00
5.713390827178955078e+00
5.503510475158691406e+00
5.666450023651123047e+00
5.552918910980224609e+00
5.563860893249511719e+00
5.553246974945068359e+00
5.577285766601562500e+00
5.626795768737792969e+00
5.513281345367431641e+00
5.510683059692382812e+00
5.508059978485107422e+00
5.819664001464843750e+00
5.570450782775878906e+00
5.470517158508300781e+00
5.539790153503417969e+00
5.526144027709960938e+00
5.557612895965576172e+00
5.625438213348388672e+00
5.748049259185791016e+00
5.584137916564941406e+00
5.553355216979980469e+00
5.481561660766601562e+00
5.529439449310302734e+00
5.494586944580078125e+00
5.491764545440673828e+00
5.552742004394531250e+00
5.519828319549560547e+00
5.553925514221191406e+00
5.458784103393554688e+00
5.538374423980712891e+00
5.554286479949951172e+00
5.639254570007324219e+00
5.549610614776611328e+00
5.505309104919433594e+00
5.570022583007812500e+00
5.512622356414794922e+00
5.636556148529052734e+00
5.483467102050781250e+00
5.509745121002197266e+00
5.613289356231689453e+00
5.511268615722656250e+00
5.554659843444824219e+00
5.520472049713134766e+00
5.624656200408935547e+00
5.542925357818603516e+00
5.508836746215820312e+00
5.596544265747070312e+00
5.519790649414062500e+00
5.458280563354492188e+00
5.517153739929199219e+00
5.558631420135498047e+00
5.508924484252929688e+00
5.505440711975097656e+00
5.537832260131835938e+00
5.565977096557617188e+00
5.479665756225585938e+00
5.457344532012939453e+00
5.471026897430419922e+00
5.478073596954345703e+00
5.610045909881591797e+00
5.498429298400878906e+00
5.625087738037109375e+00
6.011328220367431641e+00
5.481655120849609375e+00
5.513304710388183594e+00
5.528641700744628906e+00
5.523949623107910156e+00
5.479333877563476562e+00
5.529484272003173828e+00
5.536783218383789062e+00
5.459334850311279297e+00
5.544983863830566406e+00
5.562283039093017578e+00
5.477148532867431641e+00
5.547011852264404297e+00
5.502154350280761719e+00
5.504549980163574219e+00
5.511209487915039062e+00
5.575507164001464844e+00
5.542767524719238281e+00
5.470361709594726562e+00
5.525293350219726562e+00
5.565011978149414062e+00
5.479577064514160156e+00
5.461705207824707031e+00
5.496479988098144531e+00
5.487553119659423828e+00
5.469302177429199219e+00
5.426326751708984375e+00
5.469708442687988281e+00
5.487201213836669922e+00
5.517498493194580078e+00
5.440534591674804688e+00
5.485136985778808594e+00
5.541961669921875000e+00
5.472780227661132812e+00
5.463334560394287109e+00
5.569862365722656250e+00
5.535253047943115234e+00
5.496527671813964844e+00
5.538611888885498047e+00
5.514009475708007812e+00
5.583373546600341797e+00
5.505894660949707031e+00
5.492125034332275391e+00
5.469398498535156250e+00
5.489409446716308594e+00
5.651177406311035156e+00
5.468089103698730469e+00
5.524115085601806641e+00
5.579469680786132812e+00
5.460594654083251953e+00
5.427578926086425781e+00
5.506515026092529297e+00
5.497968673706054688e+00
5.397170066833496094e+00
5.503402709960937500e+00
5.519075870513916016e+00
5.645014762878417969e+00
5.472589015960693359e+00
5.484640598297119141e+00
5.577968120574951172e+00
5.651228427886962891e+00
5.448332309722900391e+00
5.584632873535156250e+00
5.507463455200195312e+00
5.484555244445800781e+00
5.542418956756591797e+00
5.667562007904052734e+00
5.510079383850097656e+00
5.551712512969970703e+00
5.434539318084716797e+00
5.443862915039062500e+00
5.456807613372802734e+00
5.558925628662109375e+00
5.524823665618896484e+00
5.451717376708984375e+00
5.636349678039550781e+00
5.564334869384765625e+00
5.507712841033935547e+00
5.472609996795654297e+00
5.679373264312744141e+00
5.560840606689453125e+00
5.435770988464355469e+00
5.430855274200439453e+00
5.573415279388427734e+00
5.561574935913085938e+00
5.451970100402832031e+00
5.651073932647705078e+00
5.690703392028808594e+00
5.504921913146972656e+00
5.448732852935791016e+00
5.602497577667236328e+00
5.542471408843994141e+00
5.495657920837402344e+00
5.476161003112792969e+00
5.456418514251708984e+00
5.495328426361083984e+00
5.542950153350830078e+00
5.533255577087402344e+00
5.457983493804931641e+00
5.497506618499755859e+00
5.482881069183349609e+00
5.573978424072265625e+00
5.421052455902099609e+00
5.457529067993164062e+00
5.548290252685546875e+00
5.559331893920898438e+00
5.668002128601074219e+00
5.469104766845703125e+00
5.698047161102294922e+00
5.518026828765869141e+00
5.506337165832519531e+00
5.551652908325195312e+00
5.452093124389648438e+00
5.498317718505859375e+00
5.480076789855957031e+00
5.575693130493164062e+00
5.617621898651123047e+00
5.551879882812500000e+00
5.611363410949707031e+00
5.466146469116210938e+00
5.478931903839111328e+00
5.441451072692871094e+00
5.482370376586914062e+00
5.507241249084472656e+00
5.596422672271728516e+00
5.640513420104980469e+00
5.671960830688476562e+00
5.478954792022705078e+00
5.455683708190917969e+00
5.549706935882568359e+00
5.454539299011230469e+00
5.483094215393066406e+00
5.581189632415771484e+00
5.555383682250976562e+00
5.540654659271240234e+00
5.459981918334960938e+00
5.686849117279052734e+00
5.443609714508056641e+00
5.427894592285156250e+00
5.469075679779052734e+00
5.571919441223144531e+00
5.615567684173583984e+00
5.461098194122314453e+00
5.466388225555419922e+00
5.444501399993896484e+00
5.408566474914550781e+00
5.445899486541748047e+00
5.484418869018554688e+00
5.426136016845703125e+00
5.552403450012207031e+00
5.412432670593261719e+00
5.533670425415039062e+00
5.434599876403808594e+00
5.459600448608398438e+00
5.557883262634277344e+00
5.447124481201171875e+00
5.544363021850585938e+00
5.558396339416503906e+00
5.521050930023193359e+00
5.423573493957519531e+00
5.432913780212402344e+00
5.493186950683593750e+00
5.451457023620605469e+00
5.671423912048339844e+00
5.475169181823730469e+00
5.442276000976562500e+00
5.492753028869628906e+00
5.497798919677734375e+00
5.610957622528076172e+00
5.469591617584228516e+00
5.575703144073486328e+00
5.539291858673095703e+00
5.494733810424804688e+00
5.477416515350341797e+00
5.404942512512207031e+00
5.482405185699462891e+00
5.442464351654052734e+00
5.614661216735839844e+00
5.491930961608886719e+00
5.519941806793212891e+00
5.493802070617675781e+00
5.447211265563964844e+00
5.486755371093750000e+00
5.513131618499755859e+00
5.465673923492431641e+00
5.501605033874511719e+00
5.454934597015380859e+00
5.470839500427246094e+00
5.400996685028076172e+00
5.478215217590332031e+00
5.618657112121582031e+00
5.585915088653564453e+00
5.575024604797363281e+00
5.573457241058349609e+00
5.548162460327148438e+00
5.629279136657714844e+00
5.465209960937500000e+00
5.471112728118896484e+00
5.525664329528808594e+00
5.438115119934082031e+00
5.561015129089355469e+00
5.450955390930175781e+00
5.498713970184326172e+00
5.413697719573974609e+00
5.529572486877441406e+00
5.397941589355468750e+00
5.498309135437011719e+00
5.485023021697998047e+00
5.408533096313476562e+00
5.470585823059082031e+00
5.477915287017822266e+00
5.520703315734863281e+00
5.520298480987548828e+00
5.514573097229003906e+00
5.471868991851806641e+00
5.471112251281738281e+00
5.529264926910400391e+00
5.584724903106689453e+00
5.416687011718750000e+00
5.562063217163085938e+00
5.449481010437011719e+00
5.433744907379150391e+00
5.486698150634765625e+00
5.479496002197265625e+00
5.440706253051757812e+00
5.493311405181884766e+00
5.432083129882812500e+00
5.493194580078125000e+00
5.424463748931884766e+00
5.555595397949218750e+00
5.471356868743896484e+00
5.351801872253417969e+00
5.423099040985107422e+00
5.445932865142822266e+00
5.520278930664062500e+00
5.520780086517333984e+00
5.493042469024658203e+00
5.556762218475341797e+00
5.437419414520263672e+00
5.441219806671142578e+00
5.493908882141113281e+00
5.438025474548339844e+00
5.500724792480468750e+00
5.424480438232421875e+00
5.415945053100585938e+00
5.512410640716552734e+00
5.427806854248046875e+00
5.483006477355957031e+00
5.441369056701660156e+00
5.496299743652343750e+00
5.470359325408935547e+00
5.591580867767333984e+00
5.485607624053955078e+00
5.575563430786132812e+00
5.440536022186279297e+00
5.485529899597167969e+00
5.470188617706298828e+00
5.450828552246093750e+00
5.473110198974609375e+00
5.421986579895019531e+00
5.450690746307373047e+00
5.423978805541992188e+00
5.563440799713134766e+00
5.473314285278320312e+00
5.431229114532470703e+00
5.470021724700927734e+00
5.506863117218017578e+00
5.467103958129882812e+00
5.404926300048828125e+00
5.429805755615234375e+00
5.494110107421875000e+00
5.408937454223632812e+00
5.398082733154296875e+00
5.403489112854003906e+00
5.590935707092285156e+00
5.449786186218261719e+00
5.562664985656738281e+00
5.540073394775390625e+00
5.452695846557617188e+00
5.526874065399169922e+00
5.423171043395996094e+00
5.417665481567382812e+00
5.480015754699707031e+00
5.410267829895019531e+00
5.418923377990722656e+00
5.402977466583251953e+00
5.551912307739257812e+00
5.669734954833984375e+00
5.477127075195312500e+00
5.538516521453857422e+00
5.586984634399414062e+00
5.430434226989746094e+00
5.457316398620605469e+00
5.500481128692626953e+00
5.577010631561279297e+00
5.473311901092529297e+00
5.477216720581054688e+00
5.471142768859863281e+00
5.555759429931640625e+00
5.620863914489746094e+00
5.522415637969970703e+00
5.526470661163330078e+00
5.437697887420654297e+00
5.620813846588134766e+00
5.493889331817626953e+00
5.480715751647949219e+00
5.474988937377929688e+00
5.464875221252441406e+00
5.522655487060546875e+00
5.542149543762207031e+00
5.517850875854492188e+00
5.493334770202636719e+00
5.486446857452392578e+00
5.630176067352294922e+00
5.417416095733642578e+00
5.462195396423339844e+00
5.572650432586669922e+00
5.454615116119384766e+00
5.410304069519042969e+00
5.452954292297363281e+00
5.510411739349365234e+00
5.472510337829589844e+00
5.436131477355957031e+00
5.466609954833984375e+00
5.435393333435058594e+00
5.433207988739013672e+00
5.375999450683593750e+00
5.468467712402343750e+00
5.434236049652099609e+00
5.390048980712890625e+00
5.617105484008789062e+00
5.536713123321533203e+00
5.481052875518798828e+00
5.374228477478027344e+00
5.425667762756347656e+00
5.366369247436523438e+00
5.429119586944580078e+00
5.422232151031494141e+00
5.419075965881347656e+00
5.508316993713378906e+00
5.532905578613281250e+00
5.423234462738037109e+00
5.493319034576416016e+00
5.436294555664062500e+00
5.436721324920654297e+00
5.427514076232910156e+00
5.717611312866210938e+00
5.453077316284179688e+00
5.379689216613769531e+00
5.454694271087646484e+00
5.493258476257324219e+00
5.441797256469726562e+00
5.444286823272705078e+00
5.429379940032958984e+00
5.465703964233398438e+00
5.451857089996337891e+00
5.418843269348144531e+00
5.497826576232910156e+00
5.491808414459228516e+00
5.494948387145996094e+00
5.496057510375976562e+00
5.467758655548095703e+00
5.487647056579589844e+00
5.440755367279052734e+00
5.442166805267333984e+00
5.605417728424072266e+00
5.586416721343994141e+00
5.449163436889648438e+00
5.408146858215332031e+00
5.406976222991943359e+00
5.529350280761718750e+00
5.420059204101562500e+00
5.425826072692871094e+00
5.441727638244628906e+00
5.420662879943847656e+00
5.515458106994628906e+00
5.502880573272705078e+00
5.421981811523437500e+00
5.572141170501708984e+00
5.471480369567871094e+00
5.430442810058593750e+00
5.434181213378906250e+00
5.577387332916259766e+00
5.492259979248046875e+00
5.393758773803710938e+00
5.576778411865234375e+00
5.476352691650390625e+00
5.441349983215332031e+00
5.418888092041015625e+00
5.414479732513427734e+00
5.383711814880371094e+00
5.396043777465820312e+00
5.483262062072753906e+00
5.383832931518554688e+00
5.585052490234375000e+00
5.407816410064697266e+00
5.414353370666503906e+00
5.430377483367919922e+00
5.398524284362792969e+00
5.393474578857421875e+00
5.576395988464355469e+00
5.602443695068359375e+00
5.535397052764892578e+00
5.464326858520507812e+00
5.389676094055175781e+00
5.403170108795166016e+00
5.560300350189208984e+00
5.431200027465820312e+00
5.593569278717041016e+00
5.388207435607910156e+00
5.396426200866699219e+00
5.398377418518066406e+00
5.467364311218261719e+00
5.455216407775878906e+00
5.502271175384521484e+00
5.477753162384033203e+00
5.654325485229492188e+00
5.568352222442626953e+00
5.460945129394531250e+00
5.359659194946289062e+00
5.456736564636230469e+00
5.420254707336425781e+00
5.363053321838378906e+00
5.524565696716308594e+00
5.476162910461425781e+00
5.474205017089843750e+00
5.524179458618164062e+00
5.420175552368164062e+00
5.523248672485351562e+00
5.479739665985107422e+00
5.477638721466064453e+00
5.440968513488769531e+00
5.591403484344482422e+00
5.419958114624023438e+00
5.450547218322753906e+00
5.556090354919433594e+00
5.404034137725830078e+00
5.473157405853271484e+00
5.524555206298828125e+00
5.439782142639160156e+00
5.511936187744140625e+00
5.465586662292480469e+00
5.437992095947265625e+00
5.401312351226806641e+00
5.496833324432373047e+00
5.540509700775146484e+00
5.383703231811523438e+00
5.408902645111083984e+00
5.414879798889160156e+00
5.516286849975585938e+00
5.385836601257324219e+00
5.523448467254638672e+00
5.473772525787353516e+00
5.421226501464843750e+00
5.532064437866210938e+00
5.484066486358642578e+00
5.443836688995361328e+00
5.468453407287597656e+00
5.428929805755615234e+00
5.462458610534667969e+00
5.435538768768310547e+00
5.428752899169921875e+00
5.362622261047363281e+00
5.426101684570312500e+00
5.402494907379150391e+00
5.497312545776367188e+00
5.467965602874755859e+00
5.495659828186035156e+00
5.436390876770019531e+00
5.399578571319580078e+00
5.607229232788085938e+00
5.447842597961425781e+00
5.542215347290039062e+00
5.683327198028564453e+00
5.396377086639404297e+00
5.377579212188720703e+00
5.501792907714843750e+00
5.499063968658447266e+00
5.498090744018554688e+00
5.391205787658691406e+00
5.499405860900878906e+00
5.437399864196777344e+00
5.384412765502929688e+00
5.427817344665527344e+00
5.450097084045410156e+00
5.526131629943847656e+00
5.389853477478027344e+00
5.429776191711425781e+00
5.429076194763183594e+00
5.438464641571044922e+00
5.467520236968994141e+00
5.432592391967773438e+00
5.442268848419189453e+00
5.442269325256347656e+00
5.481945037841796875e+00
5.451510429382324219e+00
5.559021949768066406e+00
5.352631092071533203e+00
5.486077308654785156e+00
5.418864727020263672e+00
5.477838039398193359e+00
5.511894702911376953e+00
5.441473960876464844e+00
5.444473743438720703e+00
5.430699825286865234e+00
5.397601604461669922e+00
5.502587318420410156e+00
5.534544944763183594e+00
5.429999351501464844e+00
5.389983177185058594e+00
5.436385154724121094e+00
5.464465141296386719e+00
5.476285457611083984e+00
5.404715538024902344e+00
5.426944255828857422e+00
5.446437835693359375e+00
5.380409240722656250e+00
5.407731056213378906e+00
5.417122840881347656e+00
5.387142181396484375e+00
5.457666873931884766e+00
5.413215160369873047e+00
5.381176948547363281e+00
5.455970287322998047e+00
5.398592472076416016e+00
5.464494228363037109e+00
5.494242668151855469e+00
5.415235996246337891e+00
5.486110210418701172e+00
5.620996952056884766e+00
5.413463592529296875e+00
5.511856079101562500e+00
5.457664966583251953e+00
5.428812026977539062e+00
5.385798931121826172e+00
5.477286338806152344e+00
5.461639404296875000e+00
5.506254196166992188e+00
5.371710777282714844e+00
5.544813632965087891e+00
5.375305652618408203e+00
5.424928188323974609e+00
5.410997867584228516e+00
5.442566871643066406e+00
5.512575149536132812e+00
5.542826652526855469e+00
5.466545581817626953e+00
5.381754398345947266e+00
5.398799896240234375e+00
5.496724605560302734e+00
5.443956375122070312e+00
5.442474842071533203e+00
5.399680137634277344e+00
5.371514797210693359e+00
5.424656867980957031e+00
5.492157936096191406e+00
5.477574348449707031e+00
5.485259056091308594e+00
5.360275268554687500e+00
5.462052345275878906e+00
5.440349578857421875e+00
5.599843502044677734e+00
5.421855926513671875e+00
5.586957931518554688e+00
5.476814746856689453e+00
5.401648521423339844e+00
5.518567085266113281e+00
5.369073390960693359e+00
5.513333320617675781e+00
5.525643825531005859e+00
5.349426269531250000e+00
5.370519161224365234e+00
5.433598518371582031e+00
5.566604614257812500e+00
5.352833747863769531e+00
5.387923240661621094e+00
5.410226345062255859e+00
5.417189598083496094e+00
5.358196258544921875e+00
5.383655548095703125e+00
5.533612251281738281e+00
5.439647674560546875e+00
5.520652294158935547e+00
5.475264549255371094e+00
5.491872310638427734e+00
5.435970783233642578e+00
5.394393920898437500e+00
5.443086147308349609e+00
5.487765312194824219e+00
5.383615016937255859e+00
5.402531147003173828e+00
5.474064350128173828e+00
5.385804176330566406e+00
5.378539562225341797e+00
5.426815986633300781e+00
5.390818595886230469e+00
5.561358928680419922e+00
5.566751003265380859e+00
5.458600997924804688e+00
5.542724609375000000e+00
5.389081954956054688e+00
5.575439453125000000e+00
5.446785926818847656e+00
5.356234073638916016e+00
5.507554054260253906e+00
5.423099517822265625e+00
5.453540802001953125e+00
5.391122817993164062e+00
5.415393829345703125e+00
5.417145729064941406e+00
5.431955337524414062e+00
5.431894779205322266e+00
5.469027519226074219e+00
5.519211769104003906e+00
5.397283554077148438e+00
5.418022632598876953e+00
5.419785499572753906e+00
5.447375297546386719e+00
5.594794750213623047e+00
5.397269725799560547e+00
5.403409957885742188e+00
5.641641139984130859e+00
5.414607048034667969e+00
5.444859027862548828e+00
5.448371887207031250e+00
5.458552837371826172e+00
5.509442329406738281e+00
5.344900131225585938e+00
5.467566013336181641e+00
5.469871520996093750e+00
5.482856750488281250e+00
5.523631095886230469e+00
5.414630889892578125e+00
5.526671409606933594e+00
5.394952297210693359e+00
5.567018508911132812e+00
5.408499717712402344e+00
5.442474842071533203e+00
5.658752918243408203e+00
5.432067871093750000e+00
5.388123512268066406e+00
5.398205280303955078e+00
5.466959953308105469e+00
5.424412727355957031e+00
5.463500022888183594e+00
5.407348155975341797e+00
5.467118740081787109e+00
5.427228927612304688e+00
5.484158515930175781e+00
5.392510414123535156e+00
5.407975196838378906e+00
5.436110496520996094e+00
5.392933845520019531e+00
5.400465488433837891e+00
5.371761322021484375e+00
5.391594409942626953e+00
5.373560428619384766e+00
5.430826187133789062e+00
5.323408126831054688e+00
5.402394771575927734e+00
5.476720333099365234e+00
5.545881271362304688e+00
5.420061111450195312e+00
5.396280288696289062e+00
5.460399627685546875e+00
5.430183887481689453e+00
5.584240913391113281e+00
5.436801433563232422e+00
5.416756629943847656e+00
5.329173564910888672e+00
5.423991680145263672e+00
5.487053871154785156e+00
5.392443180084228516e+00
5.340013027191162109e+00
5.384212017059326172e+00
5.538304805755615234e+00
5.346368789672851562e+00
5.507311820983886719e+00
5.443734169006347656e+00
5.565895557403564453e+00
5.537623405456542969e+00
5.375924110412597656e+00
5.395247459411621094e+00
5.445266723632812500e+00
5.466237545013427734e+00
5.415487766265869141e+00
5.417710781097412109e+00
5.640777111053466797e+00
5.442424774169921875e+00
5.393115997314453125e+00
5.473818302154541016e+00
5.397166728973388672e+00
5.508986473083496094e+00
5.446564197540283203e+00
5.380314350128173828e+00
5.440103054046630859e+00
5.464129924774169922e+00
5.450484752655029297e+00
5.466442108154296875e+00
5.412563323974609375e+00
5.534618377685546875e+00
5.485757827758789062e+00
5.389824390411376953e+00
5.394018173217773438e+00
5.466058254241943359e+00
5.419061183929443359e+00
5.328736782073974609e+00
5.412903785705566406e+00
5.375980377197265625e+00
5.412209510803222656e+00
5.478550434112548828e+00
5.468514442443847656e+00
5.399131298065185547e+00
5.479305267333984375e+00
5.384569168090820312e+00
5.340506553649902344e+00
5.357602596282958984e+00
5.448223114013671875e+00
5.478720664978027344e+00
5.383080959320068359e+00
5.398032188415527344e+00
5.436904430389404297e+00
5.385330677032470703e+00
5.374749183654785156e+00
5.412621021270751953e+00
5.448639869689941406e+00
5.455863952636718750e+00
5.413813591003417969e+00
5.562034606933593750e+00
5.410591125488281250e+00
5.376274585723876953e+00
5.414144992828369141e+00
5.437939643859863281e+00
5.518508911132812500e+00
5.608058929443359375e+00
5.553361892700195312e+00
5.400506019592285156e+00
5.363604068756103516e+00
5.421359062194824219e+00
5.449220657348632812e+00
5.447088241577148438e+00
5.611766338348388672e+00
5.458513259887695312e+00
5.422926425933837891e+00
5.372714042663574219e+00
5.439547538757324219e+00
5.382989883422851562e+00
5.529112815856933594e+00
5.411460399627685547e+00
5.504936218261718750e+00
5.468625545501708984e+00
5.393330574035644531e+00
5.431491851806640625e+00
5.432964801788330078e+00
5.339380741119384766e+00
5.379637718200683594e+00
5.557540893554687500e+00
5.406798362731933594e+00
5.460506916046142578e+00
5.515133857727050781e+00
5.461151123046875000e+00
5.434248447418212891e+00
5.420334815979003906e+00
5.397440910339355469e+00
5.435958385467529297e+00
5.370005607604980469e+00
5.365975379943847656e+00
5.555946826934814453e+00
5.443399906158447266e+00
5.367129325866699219e+00
5.505289554595947266e+00
5.409907341003417969e+00
5.422384262084960938e+00
5.432796001434326172e+00
5.436756610870361328e+00
5.430418491363525391e+00
5.351279258728027344e+00
5.378969192504882812e+00
5.408462524414062500e+00
5.441603183746337891e+00
5.473648548126220703e+00
5.436963558197021484e+00
5.426208019256591797e+00
