6.819238185882568359e+00
6.544266223907470703e+00
6.395478248596191406e+00
6.330657005310058594e+00
6.299209594726562500e+00
6.167373657226562500e+00
6.288949966430664062e+00
6.167416572570800781e+00
6.154670715332031250e+00
6.160851955413818359e+00
6.137131690979003906e+00
6.119899272918701172e+00
6.042665004730224609e+00
6.185032844543457031e+00
5.983982086181640625e+00
5.912972450256347656e+00
6.044514179229736328e+00
6.147706508636474609e+00
5.956966400146484375e+00
6.011706829071044922e+00
6.089792251586914062e+00
6.127768993377685547e+00
6.057847023010253906e+00
5.988319396972656250e+00
6.098779678344726562e+00
5.973528385162353516e+00
6.051942825317382812e+00
5.926573276519775391e+00
5.876851558685302734e+00
5.944404602050781250e+00
5.961471080780029297e+00
6.062841415405273438e+00
6.089802742004394531e+00
5.945776939392089844e+00
5.882381439208984375e+00
5.969454288482666016e+00
5.905627727508544922e+00
5.888507843017578125e+00
5.854321002960205078e+00
5.904139041900634766e+00
5.868648529052734375e+00
5.865893840789794922e+00
5.929894447326660156e+00
5.832193374633789062e+00
5.873405933380126953e+00
5.973893642425537109e+00
5.898275375366210938e+00
5.918870925903320312e+00
5.875760078430175781e+00
5.816378116607666016e+00
5.804446220397949219e+00
5.825693130493164062e+00
5.839232444763183594e+00
5.819682121276855469e+00
5.866529464721679688e+00
5.763350963592529297e+00
5.715794563293457031e+00
5.824664592742919922e+00
5.941020011901855469e+00
5.927624225616455078e+00
5.784307956695556641e+00
5.695496082305908203e+00
5.823130130767822266e+00
5.706048965454101562e+00
5.882279872894287109e+00
5.701558589935302734e+00
5.784187316894531250e+00
5.741776943206787109e+00
5.715769767761230469e+00
5.981750488281250000e+00
5.720937728881835938e+00
5.750322818756103516e+00
5.717235565185546875e+00
5.751329421997070312e+00
5.863042831420898438e+00
5.797555923461914062e+00
6.001988410949707031e+00
5.759442806243896484e+00
5.683480739593505859e+00
5.841446399688720703e+00
5.662034511566162109e+00
5.830814361572265625e+00
5.670549869537353516e+00
5.665730953216552734e+00
5.714738368988037109e+00
5.751129150390625000e+00
5.920525550842285156e+00
5.808176040649414062e+00
5.823349952697753906e+00
5.820684432983398438e+00
6.241606712341308594e+00
5.772837638854980469e+00
5.734578132629394531e+00
5.666420936584472656e+00
5.832102298736572266e+00
5.847875595092773438e+00
5.850820541381835938e+00
5.885166168212890625e+00
5.744070529937744141e+00
5.775370597839355469e+00
5.726464748382568359e+00
5.762967586517333984e+00
5.618937015533447266e+00
5.654069900512695312e+00
5.798608303070068359e+00
6.067309379577636719e+00
5.681386947631835938e+00
5.740235328674316406e+00
5.687143802642822266e+00
5.721878051757812500e+00
5.745111465454101562e+00
5.765486717224121094e+00
5.721811771392822266e+00
5.734713554382324219e+00
5.687313079833984375e+00
5.715000152587890625e+00
5.704083442687988281e+00
5.762802600860595703e+00
5.599066257476806641e+00
5.871861457824707031e+00
5.686603069305419922e+00
5.738396167755126953e+00
5.804991245269775391e+00
5.652447700500488281e+00
5.757626056671142578e+00
5.825041294097900391e+00
5.661377429962158203e+00
5.667789936065673828e+00
5.698204994201660156e+00
5.606970787048339844e+00
5.661071300506591797e+00
5.808445930480957031e+00
5.685145378112792969e+00
5.942464828491210938e+00
5.696050167083740234e+00
5.714455127716064453e+00
5.710923194885253906e+00
5.880896091461181641e+00
5.788325309753417969e+00
5.728698253631591797e+00
5.629216194152832031e+00
5.603563308715820312e+00
5.580188751220703125e+00
5.631086826324462891e+00
5.760548591613769531e+00
5.695203781127929688e+00
5.635183334350585938e+00
5.803544998168945312e+00
5.620823860168457031e+00
5.647570133209228516e+00
5.767088890075683594e+00
5.758238315582275391e+00
5.637151241302490234e+00
5.738325119018554688e+00
5.707097053527832031e+00
5.641903877258300781e+00
5.769726753234863281e+00
5.709158897399902344e+00
5.664023876190185547e+00
5.635270595550537109e+00
5.688229560852050781e+00
5.649098873138427734e+00
5.798906326293945312e+00
5.624322891235351562e+00
5.644034385681152344e+00
5.611557006835937500e+00
5.741689682006835938e+00
5.818714618682861328e+00
5.810962677001953125e+00
5.637423992156982422e+00
5.677256107330322266e+00
5.734004974365234375e+00
5.709947109222412109e+00
5.748033523559570312e+00
5.619953632354736328e+00
5.607788085937500000e+00
5.638803482055664062e+00
5.832438468933105469e+00
5.798887729644775391e+00
5.638532638549804688e+00
5.697576999664306641e+00
5.762129783630371094e+00
5.744012355804443359e+00
5.670405864715576172e+00
5.678494453430175781e+00
5.618281364440917969e+00
5.647310256958007812e+00
5.798423290252685547e+00
5.970399856567382812e+00
5.657519340515136719e+00
5.648440361022949219e+00
5.679422855377197266e+00
5.578157424926757812e+00
5.671810626983642578e+00
5.705920219421386719e+00
5.601546764373779297e+00
5.656546115875244141e+00
5.665807723999023438e+00
5.682777404785156250e+00
5.681451797485351562e+00
5.616879463195800781e+00
5.659137248992919922e+00
5.655929088592529297e+00
5.720181941986083984e+00
5.604167938232421875e+00
5.588993072509765625e+00
5.696509361267089844e+00
5.599136352539062500e+00
5.664111137390136719e+00
5.659752845764160156e+00
5.708854198455810547e+00
5.600991249084472656e+00
5.709412097930908203e+00
5.595973968505859375e+00
5.757377624511718750e+00
5.626645565032958984e+00
5.821055889129638672e+00
5.719050884246826172e+00
5.758276939392089844e+00
5.599183559417724609e+00
5.594690799713134766e+00
6.176638603210449219e+00
6.011715888977050781e+00
5.758388519287109375e+00
5.638236045837402344e+00
5.660751342773437500e+00
5.620683670043945312e+00
5.736195087432861328e+00
5.713661193847656250e+00
5.642399787902832031e+00
5.759805202484130859e+00
5.689743518829345703e+00
6.020576000213623047e+00
5.701256752014160156e+00
5.723385334014892578e+00
5.676502704620361328e+00
5.711440563201904297e+00
5.584280967712402344e+00
5.745587825775146484e+00
5.644165515899658203e+00
5.862164497375488281e+00
5.643459320068359375e+00
5.668331146240234375e+00
5.611579418182373047e+00
5.604210853576660156e+00
5.637587547302246094e+00
5.604608535766601562e+00
5.574009418487548828e+00
5.611763000488281250e+00
5.749086380004882812e+00
5.636776447296142578e+00
5.807461261749267578e+00
5.739355087280273438e+00
5.717165946960449219e+00
5.683258533477783203e+00
5.667247772216796875e+00
5.847044944763183594e+00
5.690042495727539062e+00
5.683626174926757812e+00
5.700173854827880859e+00
5.727096557617187500e+00
5.660791397094726562e+00
5.655290603637695312e+00
5.618923187255859375e+00
5.564563751220703125e+00
5.693695068359375000e+00
5.615639686584472656e+00
5.600511074066162109e+00
5.657194614410400391e+00
5.653974533081054688e+00
5.697041511535644531e+00
5.705666065216064453e+00
6.006148338317871094e+00
5.532946109771728516e+00
5.705072402954101562e+00
5.662506580352783203e+00
5.630798816680908203e+00
5.561493396759033203e+00
5.561775684356689453e+00
5.569596767425537109e+00
5.595979213714599609e+00
5.766721248626708984e+00
5.819645881652832031e+00
5.598025321960449219e+00
5.536015987396240234e+00
5.601691246032714844e+00
5.627046585083007812e+00
5.574450969696044922e+00
5.577531814575195312e+00
5.670531749725341797e+00
5.715155601501464844e+00
5.685777664184570312e+00
5.728241443634033203e+00
5.579070568084716797e+00
5.658166408538818359e+00
5.690361022949218750e+00
5.710249423980712891e+00
5.588407516479492188e+00
5.697035789489746094e+00
5.693692207336425781e+00
5.631131172180175781e+00
5.657226085662841797e+00
5.594034194946289062e+00
5.647492408752441406e+00
5.639770030975341797e+00
5.668521881103515625e+00
5.654928684234619141e+00
5.700675964355468750e+00
5.914043426513671875e+00
5.575861930847167969e+00
5.613505363464355469e+00
5.720720767974853516e+00
5.556954383850097656e+00
5.720928192138671875e+00
5.610980033874511719e+00
5.659219741821289062e+00
5.702776908874511719e+00
5.572775840759277344e+00
5.680076599121093750e+00
5.733388900756835938e+00
5.710381507873535156e+00
5.596958160400390625e+00
5.636762619018554688e+00
5.623497962951660156e+00
5.588960170745849609e+00
5.616559982299804688e+00
5.532895088195800781e+00
5.758622646331787109e+00
5.672898769378662109e+00
5.570043563842773438e+00
5.644678592681884766e+00
5.674127578735351562e+00
5.661201477050781250e+00
5.547242164611816406e+00
5.743334770202636719e+00
5.674113273620605469e+00
5.861874580383300781e+00
5.663113117218017578e+00
5.689964771270751953e+00
5.654159545898437500e+00
5.632489681243896484e+00
5.565252304077148438e+00
5.807787895202636719e+00
5.565863609313964844e+00
5.727346897125244141e+00
5.678836345672607422e+00
5.650919437408447266e+00
5.686226844787597656e+00
5.585629940032958984e+00
5.645846843719482422e+00
5.756185054779052734e+00
5.719865798950195312e+00
5.588488101959228516e+00
5.585728645324707031e+00
5.576110839843750000e+00
5.708120346069335938e+00
5.663907051086425781e+00
5.523358345031738281e+00
5.772340774536132812e+00
5.686024665832519531e+00
5.917191028594970703e+00
5.770534992218017578e+00
5.658510684967041016e+00
5.649095535278320312e+00
5.608372211456298828e+00
5.733022689819335938e+00
5.626190662384033203e+00
5.573290824890136719e+00
5.556287765502929688e+00
5.601352691650390625e+00
5.622465133666992188e+00
5.677852630615234375e+00
5.638680458068847656e+00
5.590573310852050781e+00
5.745338439941406250e+00
5.586203575134277344e+00
5.648527145385742188e+00
5.581649303436279297e+00
5.632430553436279297e+00
5.667053222656250000e+00
5.790908813476562500e+00
5.681180000305175781e+00
5.655498027801513672e+00
5.613555431365966797e+00
5.646707057952880859e+00
5.647675514221191406e+00
5.627891540527343750e+00
5.546625614166259766e+00
5.577554702758789062e+00
5.563604354858398438e+00
5.721463680267333984e+00
5.664362907409667969e+00
5.688437461853027344e+00
5.604694366455078125e+00
5.557142257690429688e+00
5.852156639099121094e+00
5.552057266235351562e+00
5.531343460083007812e+00
5.567711353302001953e+00
5.723006725311279297e+00
5.636003494262695312e+00
5.652964115142822266e+00
5.542778491973876953e+00
5.605013370513916016e+00
5.757409572601318359e+00
5.727861404418945312e+00
5.549768924713134766e+00
5.587140083312988281e+00
5.571886539459228516e+00
5.755483627319335938e+00
5.638975620269775391e+00
5.615042686462402344e+00
5.601496696472167969e+00
5.623674392700195312e+00
5.669880390167236328e+00
5.556250572204589844e+00
5.633735656738281250e+00
5.521086692810058594e+00
5.648742675781250000e+00
5.697495460510253906e+00
5.600190162658691406e+00
5.577448844909667969e+00
5.610116004943847656e+00
5.609763622283935547e+00
5.600069522857666016e+00
5.612416267395019531e+00
5.745208740234375000e+00
5.484282493591308594e+00
5.650906562805175781e+00
5.640541076660156250e+00
5.600165367126464844e+00
5.598434448242187500e+00
5.665344238281250000e+00
5.619597434997558594e+00
5.554021835327148438e+00
5.647049903869628906e+00
5.599719524383544922e+00
5.644799232482910156e+00
5.539501190185546875e+00
5.535479068756103516e+00
5.592136383056640625e+00
5.750319957733154297e+00
5.520512580871582031e+00
5.699594974517822266e+00
5.789171218872070312e+00
5.622493743896484375e+00
5.601239681243896484e+00
5.580924987792968750e+00
5.572507858276367188e+00
5.700485706329345703e+00
5.565993309020996094e+00
5.659877777099609375e+00
5.704533100128173828e+00
5.506364345550537109e+00
5.600084304809570312e+00
5.599988460540771484e+00
5.516927242279052734e+00
5.635619163513183594e+00
5.531096935272216797e+00
5.581697463989257812e+00
5.561879158020019531e+00
5.618561744689941406e+00
5.616649627685546875e+00
5.615513801574707031e+00
5.542057991027832031e+00
5.569154739379882812e+00
5.610492706298828125e+00
5.660888671875000000e+00
5.658464431762695312e+00
5.533689022064208984e+00
5.585878849029541016e+00
5.783835887908935547e+00
5.601425170898437500e+00
5.635576248168945312e+00
5.585320472717285156e+00
5.626229286193847656e+00
5.569808959960937500e+00
5.614749908447265625e+00
5.752459526062011719e+00
5.535892009735107422e+00
5.590358257293701172e+00
5.623805522918701172e+00
5.608286380767822266e+00
5.646107196807861328e+00
5.735093593597412109e+00
5.567940711975097656e+00
5.498244285583496094e+00
5.454384326934814453e+00
5.546325683593750000e+00
5.658215522766113281e+00
5.699282646179199219e+00
5.527303218841552734e+00
5.511860370635986328e+00
5.522643566131591797e+00
5.525640964508056641e+00
5.686084270477294922e+00
5.501074790954589844e+00
5.673771381378173828e+00
5.524233818054199219e+00
5.662173271179199219e+00
5.553043365478515625e+00
5.572415828704833984e+00
5.722980499267578125e+00
5.585428237915039062e+00
5.558341026306152344e+00
5.516676902770996094e+00
5.547763824462890625e+00
5.600859165191650391e+00
5.499341011047363281e+00
5.724324703216552734e+00
5.780992984771728516e+00
5.551323890686035156e+00
5.571371555328369141e+00
5.554152488708496094e+00
5.618145942687988281e+00
5.664505004882812500e+00
5.518753528594970703e+00
5.621345996856689453e+00
5.766084194183349609e+00
5.471547126770019531e+00
5.669242382049560547e+00
5.534185409545898438e+00
5.521765708923339844e+00
5.835546016693115234e+00
5.650954246520996094e+00
5.503853797912597656e+00
5.562229156494140625e+00
5.652194023132324219e+00
5.591155529022216797e+00
5.554277896881103516e+00
5.571521759033203125e+00
5.524813652038574219e+00
5.609413623809814453e+00
5.588747978210449219e+00
5.546404361724853516e+00
5.543454170227050781e+00
5.510367393493652344e+00
5.521598815917968750e+00
5.626319885253906250e+00
5.733146190643310547e+00
5.513019084930419922e+00
5.656490325927734375e+00
5.787149429321289062e+00
5.704344749450683594e+00
5.750899791717529297e+00
5.729796409606933594e+00
5.652120113372802734e+00
5.746162414550781250e+00
5.572199821472167969e+00
5.720000743865966797e+00
5.531892776489257812e+00
5.627773284912109375e+00
5.567561626434326172e+00
5.551835060119628906e+00
5.663839340209960938e+00
5.585729598999023438e+00
5.563123226165771484e+00
5.585926055908203125e+00
5.598220825195312500e+00
5.681609630584716797e+00
5.720859050750732422e+00
5.629554271697998047e+00
5.613004684448242188e+00
5.529431343078613281e+00
5.612837791442871094e+00
5.609348297119140625e+00
5.613702774047851562e+00
5.555410385131835938e+00
5.538692474365234375e+00
5.528814792633056641e+00
5.510818481445312500e+00
5.499301910400390625e+00
5.533070564270019531e+00
5.575753688812255859e+00
5.489814281463623047e+00
5.610646247863769531e+00
5.633290290832519531e+00
5.551237583160400391e+00
5.572172164916992188e+00
5.557764530181884766e+00
5.587225437164306641e+00
5.496905326843261719e+00
5.571643829345703125e+00
5.557055473327636719e+00
5.497820377349853516e+00
5.554136276245117188e+00
5.628802299499511719e+00
5.535272598266601562e+00
5.530667781829833984e+00
5.677128314971923828e+00
5.638276576995849609e+00
5.561591625213623047e+00
5.667005062103271484e+00
5.648517608642578125e+00
5.526474952697753906e+00
5.583457946777343750e+00
5.611529350280761719e+00
5.632445335388183594e+00
5.566517829895019531e+00
5.767818450927734375e+00
5.554680347442626953e+00
5.635002136230468750e+00
5.559501647949218750e+00
5.539524555206298828e+00
5.604733467102050781e+00
5.535315036773681641e+00
5.615409374237060547e+00
5.541584014892578125e+00
5.602427482604980469e+00
5.532115936279296875e+00
5.579440116882324219e+00
5.581471443176269531e+00
5.616099834442138672e+00
5.537662506103515625e+00
5.523650169372558594e+00
5.613858222961425781e+00
5.625140190124511719e+00
5.661737442016601562e+00
5.575477123260498047e+00
5.766902446746826172e+00
5.682765007019042969e+00
5.565158843994140625e+00
5.590251445770263672e+00
5.523784637451171875e+00
5.606452941894531250e+00
5.570077419281005859e+00
5.662148475646972656e+00
5.519530296325683594e+00
5.616036415100097656e+00
5.488592147827148438e+00
5.571702480316162109e+00
5.482534885406494141e+00
5.484660148620605469e+00
5.477901458740234375e+00
5.596310138702392578e+00
5.519674777984619141e+00
5.484726905822753906e+00
5.557401657104492188e+00
5.535426616668701172e+00
5.580865859985351562e+00
5.566961288452148438e+00
5.625274181365966797e+00
5.512726783752441406e+00
5.614436149597167969e+00
5.547022819519042969e+00
5.596908569335937500e+00
5.534759521484375000e+00
5.611841201782226562e+00
5.465422153472900391e+00
5.558510780334472656e+00
5.681364536285400391e+00
5.511919021606445312e+00
5.761337280273437500e+00
5.573278427124023438e+00
5.703841209411621094e+00
5.581751823425292969e+00
5.638603210449218750e+00
5.496341705322265625e+00
5.706480503082275391e+00
5.584013938903808594e+00
5.509122371673583984e+00
5.565168857574462891e+00
5.546164512634277344e+00
5.582827568054199219e+00
5.801617145538330078e+00
5.563500404357910156e+00
5.549355983734130859e+00
5.537861347198486328e+00
5.654716968536376953e+00
5.619813919067382812e+00
5.589360237121582031e+00
5.616632938385009766e+00
5.502130031585693359e+00
5.617721557617187500e+00
5.743908882141113281e+00
5.544581890106201172e+00
5.645989418029785156e+00
5.566674709320068359e+00
5.580149173736572266e+00
5.588053226470947266e+00
5.713009834289550781e+00
5.571084022521972656e+00
5.577778816223144531e+00
5.614755630493164062e+00
5.603862762451171875e+00
5.523609638214111328e+00
5.618910789489746094e+00
5.635172843933105469e+00
5.661534309387207031e+00
5.634591579437255859e+00
5.529575347900390625e+00
5.553442001342773438e+00
5.556559562683105469e+00
5.502499580383300781e+00
5.546490192413330078e+00
5.613940715789794922e+00
5.693003177642822266e+00
5.708630561828613281e+00
5.602344512939453125e+00
5.571354389190673828e+00
5.558805942535400391e+00
5.495780944824218750e+00
5.703754425048828125e+00
5.635336875915527344e+00
5.620378017425537109e+00
5.541029930114746094e+00
5.565188407897949219e+00
5.581219673156738281e+00
5.608986377716064453e+00
5.515784263610839844e+00
5.666420459747314453e+00
5.491863727569580078e+00
5.564740180969238281e+00
5.584641456604003906e+00
5.560395240783691406e+00
5.664035320281982422e+00
5.539886951446533203e+00
5.602227210998535156e+00
5.487011909484863281e+00
5.515112400054931641e+00
5.605494499206542969e+00
5.568219184875488281e+00
5.592247009277343750e+00
5.522816658020019531e+00
5.497146606445312500e+00
5.672440052032470703e+00
5.553143978118896484e+00
5.483629703521728516e+00
5.464822769165039062e+00
5.626067638397216797e+00
5.588574409484863281e+00
5.455661296844482422e+00
5.539934158325195312e+00
5.528441429138183594e+00
5.532797813415527344e+00
5.637551307678222656e+00
5.459960937500000000e+00
5.542286396026611328e+00
5.616512298583984375e+00
5.587163448333740234e+00
5.464375495910644531e+00
5.516303062438964844e+00
5.585724830627441406e+00
5.608881950378417969e+00
5.474786281585693359e+00
5.497058868408203125e+00
5.593150138854980469e+00
5.618842124938964844e+00
5.550893783569335938e+00
5.610455513000488281e+00
5.521685600280761719e+00
5.685007095336914062e+00
5.531455993652343750e+00
5.494371414184570312e+00
5.509287357330322266e+00
5.692143440246582031e+00
5.601776123046875000e+00
5.514161109924316406e+00
5.570891380310058594e+00
5.562563896179199219e+00
5.542560577392578125e+00
5.552421569824218750e+00
5.562785625457763672e+00
5.642953395843505859e+00
5.524882793426513672e+00
5.606361389160156250e+00
5.545225143432617188e+00
5.487308502197265625e+00
5.492428302764892578e+00
5.624762535095214844e+00
5.541771888732910156e+00
5.578441619873046875e+00
5.512707710266113281e+00
5.624282360076904297e+00
5.480755805969238281e+00
5.520043849945068359e+00
5.596658706665039062e+00
5.675889968872070312e+00
5.515339851379394531e+00
5.620214939117431641e+00
5.568205356597900391e+00
5.637151241302490234e+00
5.568197250366210938e+00
5.563792228698730469e+00
5.510150909423828125e+00
5.499322891235351562e+00
5.591477394104003906e+00
5.612088203430175781e+00
5.603731632232666016e+00
5.583164691925048828e+00
5.537909507751464844e+00
5.502718925476074219e+00
5.533866405487060547e+00
5.491878986358642578e+00
5.716732978820800781e+00
5.561145782470703125e+00
5.546535015106201172e+00
5.755901813507080078e+00
5.615280151367187500e+00
5.614735126495361328e+00
5.564512252807617188e+00
5.608444213867187500e+00
5.534735679626464844e+00
5.590425014495849609e+00
5.617189884185791016e+00
5.597233295440673828e+00
5.508917808532714844e+00
5.672500133514404297e+00
5.478324890136718750e+00
5.485388755798339844e+00
5.754688739776611328e+00
5.524188041687011719e+00
5.583067893981933594e+00
5.766365528106689453e+00
5.509319305419921875e+00
5.529412269592285156e+00
5.566060066223144531e+00
5.552274227142333984e+00
5.719851016998291016e+00
5.872805118560791016e+00
5.588094234466552734e+00
5.507843971252441406e+00
5.605609893798828125e+00
5.615463256835937500e+00
5.561131000518798828e+00
5.716476440429687500e+00
5.515911102294921875e+00
5.564316749572753906e+00
5.569632530212402344e+00
5.558052062988281250e+00
5.508782863616943359e+00
5.594096660614013672e+00
5.570725440979003906e+00
5.636742591857910156e+00
5.722530364990234375e+00
5.591999053955078125e+00
5.588364124298095703e+00
5.620271205902099609e+00
5.667632102966308594e+00
5.564970493316650391e+00
5.591708183288574219e+00
5.466064929962158203e+00
5.550097465515136719e+00
5.507286548614501953e+00
5.581332206726074219e+00
5.501731872558593750e+00
5.498503684997558594e+00
5.458429336547851562e+00
5.516213417053222656e+00
5.518343925476074219e+00
5.689332962036132812e+00
5.555595397949218750e+00
5.680607795715332031e+00
5.552348136901855469e+00
5.634241104125976562e+00
5.650384426116943359e+00
5.535285472869873047e+00
5.642534255981445312e+00
5.595037937164306641e+00
5.553596496582031250e+00
5.518292903900146484e+00
5.669273376464843750e+00
5.600831985473632812e+00
5.497441291809082031e+00
5.520346641540527344e+00
5.637260437011718750e+00
5.640418529510498047e+00
5.498719692230224609e+00
5.488591670989990234e+00
5.555624961853027344e+00
5.599471569061279297e+00
5.573013782501220703e+00
5.508818149566650391e+00
5.513916969299316406e+00
5.513075828552246094e+00
5.536111831665039062e+00
5.556511402130126953e+00
5.562218189239501953e+00
5.578908443450927734e+00
5.582829475402832031e+00
5.513754844665527344e+00
5.556509017944335938e+00
5.543274402618408203e+00
5.665182113647460938e+00
5.594944953918457031e+00
5.668892860412597656e+00
5.553899765014648438e+00
5.527904510498046875e+00
5.565186977386474609e+00
5.591592788696289062e+00
5.534251689910888672e+00
5.611906051635742188e+00
5.501150608062744141e+00
5.538751602172851562e+00
5.542974472045898438e+00
5.551258087158203125e+00
5.570920944213867188e+00
5.570904254913330078e+00
5.607811450958251953e+00
5.583671092987060547e+00
5.434877395629882812e+00
5.583520889282226562e+00
5.621417045593261719e+00
5.635457515716552734e+00
5.486655235290527344e+00
5.627825736999511719e+00
5.664115428924560547e+00
5.554090023040771484e+00
5.581196784973144531e+00
5.556439399719238281e+00
5.528157711029052734e+00
5.509567260742187500e+00
5.858088970184326172e+00
5.539887428283691406e+00
5.700203418731689453e+00
5.635898590087890625e+00
5.551796913146972656e+00
5.584856033325195312e+00
5.868203163146972656e+00
5.559827804565429688e+00
5.519038200378417969e+00
5.570599079132080078e+00
5.562911033630371094e+00
5.589916706085205078e+00
5.477829933166503906e+00
5.491391181945800781e+00
5.643724918365478516e+00
5.549844264984130859e+00
5.645080089569091797e+00
5.548235893249511719e+00
5.571621894836425781e+00
5.673403739929199219e+00
5.552736282348632812e+00
5.527588844299316406e+00
5.578352928161621094e+00
5.478463649749755859e+00
5.539430618286132812e+00
5.704138278961181641e+00
5.578797340393066406e+00
5.539973735809326172e+00
5.512739181518554688e+00
5.504163742065429688e+00
5.575160980224609375e+00
5.492124080657958984e+00
5.564856529235839844e+00
5.479544162750244141e+00
5.658217906951904297e+00
5.522070884704589844e+00
5.536738872528076172e+00
5.557052135467529297e+00
5.684751987457275391e+00
5.428285121917724609e+00
5.534689903259277344e+00
5.617560386657714844e+00
5.551354885101318359e+00
5.608396530151367188e+00
5.545849323272705078e+00
5.632278442382812500e+00
5.584091186523437500e+00
5.548898696899414062e+00
5.532006263732910156e+00
5.706672191619873047e+00
5.683000087738037109e+00
5.518445968627929688e+00
5.586915493011474609e+00
5.643791198730468750e+00
5.595320224761962891e+00
5.548918724060058594e+00
5.596898078918457031e+00
5.634469032287597656e+00
