1.611807250976562500e+02
1.479952545166015625e+02
1.425047912597656250e+02
1.410233154296875000e+02
1.382668457031250000e+02
1.377155151367187500e+02
1.367561187744140625e+02
1.362922363281250000e+02
1.357807159423828125e+02
1.354465637207031250e+02
1.351716308593750000e+02
1.348545074462890625e+02
1.342716064453125000e+02
1.340384826660156250e+02
1.338341217041015625e+02
1.336200103759765625e+02
1.335354309082031250e+02
1.333859863281250000e+02
1.331541595458984375e+02
1.329126892089843750e+02
1.325366821289062500e+02
1.323729858398437500e+02
1.322580413818359375e+02
1.320782775878906250e+02
1.320761108398437500e+02
1.314826507568359375e+02
1.311243591308593750e+02
1.306001586914062500e+02
1.303288726806640625e+02
1.303591308593750000e+02
1.298916625976562500e+02
1.297283935546875000e+02
1.290515747070312500e+02
1.285588684082031250e+02
1.282150573730468750e+02
1.281092376708984375e+02
1.282925262451171875e+02
1.280964050292968750e+02
1.280274810791015625e+02
1.276379547119140625e+02
1.283343963623046875e+02
1.271527709960937500e+02
1.269904632568359375e+02
1.276667861938476562e+02
1.271639099121093750e+02
1.268038330078125000e+02
1.265768661499023438e+02
1.269667053222656250e+02
1.270839767456054688e+02
1.261084213256835938e+02
1.264515686035156250e+02
1.263119201660156250e+02
1.256747207641601562e+02
1.255126953125000000e+02
1.263094329833984375e+02
1.259437561035156250e+02
1.259845123291015625e+02
1.258632965087890625e+02
1.263110656738281250e+02
1.254535217285156250e+02
1.252974243164062500e+02
1.253259201049804688e+02
1.252912216186523438e+02
1.252431030273437500e+02
1.246432037353515625e+02
1.254315643310546875e+02
1.252148437500000000e+02
1.254066314697265625e+02
1.258462219238281250e+02
1.248342285156250000e+02
1.250956573486328125e+02
1.251438140869140625e+02
1.244458923339843750e+02
1.249477920532226562e+02
1.241719894409179688e+02
1.242795562744140625e+02
1.240939636230468750e+02
1.243694763183593750e+02
1.248044738769531250e+02
1.234818038940429688e+02
1.238154067993164062e+02
1.243503417968750000e+02
1.243295135498046875e+02
1.243861389160156250e+02
1.241153564453125000e+02
1.238600921630859375e+02
1.239512710571289062e+02
1.240785522460937500e+02
1.239870605468750000e+02
1.239550323486328125e+02
1.240880737304687500e+02
1.232372283935546875e+02
1.240549316406250000e+02
1.232098922729492188e+02
1.236679992675781250e+02
1.242360610961914062e+02
1.232382812500000000e+02
1.237344818115234375e+02
1.236903381347656250e+02
1.230590057373046875e+02
1.232732238769531250e+02
1.223299560546875000e+02
1.231336212158203125e+02
1.234556121826171875e+02
1.231044387817382812e+02
1.232395477294921875e+02
1.226314544677734375e+02
1.233924865722656250e+02
1.239262619018554688e+02
1.232740173339843750e+02
1.227111206054687500e+02
1.232860717773437500e+02
1.231368408203125000e+02
1.229137115478515625e+02
1.237806549072265625e+02
1.229934158325195312e+02
1.231572265625000000e+02
1.225518493652343750e+02
1.225787048339843750e+02
1.229613494873046875e+02
1.231259460449218750e+02
1.224811096191406250e+02
1.221519393920898438e+02
1.227008056640625000e+02
1.231109313964843750e+02
1.229624023437500000e+02
1.217036132812500000e+02
1.221820373535156250e+02
1.223720550537109375e+02
1.228987121582031250e+02
1.223938293457031250e+02
1.221377410888671875e+02
1.226733551025390625e+02
1.232837524414062500e+02
1.217838897705078125e+02
1.216102828979492188e+02
1.228332824707031250e+02
1.222506713867187500e+02
1.224501037597656250e+02
1.219405517578125000e+02
1.227101898193359375e+02
1.226455993652343750e+02
1.221747741699218750e+02
1.223833847045898438e+02
1.222033996582031250e+02
1.227570800781250000e+02
1.214325790405273438e+02
1.222695083618164062e+02
1.216475219726562500e+02
1.220996017456054688e+02
1.221211700439453125e+02
1.215805664062500000e+02
1.218390197753906250e+02
1.215593643188476562e+02
1.220314865112304688e+02
1.216016387939453125e+02
1.219677886962890625e+02
1.212233276367187500e+02
1.217428588867187500e+02
1.212083663940429688e+02
1.223115386962890625e+02
1.213912353515625000e+02
1.219213104248046875e+02
1.221243743896484375e+02
1.217492294311523438e+02
1.216096725463867188e+02
1.212313079833984375e+02
1.208459854125976562e+02
1.208911285400390625e+02
1.213285675048828125e+02
1.220392608642578125e+02
1.216467132568359375e+02
1.212092742919921875e+02
1.213752975463867188e+02
1.216396942138671875e+02
1.216741485595703125e+02
1.221753540039062500e+02
1.215970611572265625e+02
1.213899993896484375e+02
1.214434432983398438e+02
1.211522674560546875e+02
1.215763549804687500e+02
1.209686584472656250e+02
1.226471786499023438e+02
1.210744018554687500e+02
1.217325668334960938e+02
1.209403839111328125e+02
1.207411956787109375e+02
1.207738189697265625e+02
1.202625579833984375e+02
1.205051574707031250e+02
1.212240371704101562e+02
1.214498367309570312e+02
1.217886810302734375e+02
1.205897674560546875e+02
1.211804656982421875e+02
1.213306121826171875e+02
1.204105224609375000e+02
1.222444915771484375e+02
1.208880386352539062e+02
1.209407577514648438e+02
1.205584869384765625e+02
1.213054046630859375e+02
1.210074768066406250e+02
1.201588134765625000e+02
1.210116729736328125e+02
1.203708724975585938e+02
1.217038116455078125e+02
1.210222091674804688e+02
1.217491149902343750e+02
1.207840881347656250e+02
1.204219818115234375e+02
1.212684936523437500e+02
1.208860855102539062e+02
1.210233612060546875e+02
1.207188262939453125e+02
1.205562820434570312e+02
1.204343490600585938e+02
1.205452575683593750e+02
1.210865478515625000e+02
1.207389831542968750e+02
1.209098587036132812e+02
1.206929626464843750e+02
1.203608856201171875e+02
1.207026214599609375e+02
1.214156723022460938e+02
1.209538574218750000e+02
1.208320693969726562e+02
1.217984161376953125e+02
1.208865432739257812e+02
1.199775695800781250e+02
1.208709716796875000e+02
1.201103210449218750e+02
1.212054748535156250e+02
1.210729904174804688e+02
1.210981369018554688e+02
1.206499481201171875e+02
1.208828125000000000e+02
1.200756378173828125e+02
1.208494110107421875e+02
1.210802154541015625e+02
1.211461029052734375e+02
1.211520385742187500e+02
1.205965576171875000e+02
1.196298217773437500e+02
1.213540496826171875e+02
1.205381774902343750e+02
1.210189514160156250e+02
1.200592956542968750e+02
1.210115509033203125e+02
1.201862716674804688e+02
1.204389801025390625e+02
1.202070465087890625e+02
1.206109466552734375e+02
1.212359771728515625e+02
1.205583114624023438e+02
1.204300384521484375e+02
1.207322540283203125e+02
1.208825683593750000e+02
1.207085876464843750e+02
1.205532073974609375e+02
1.207617263793945312e+02
1.210742034912109375e+02
1.208653945922851562e+02
1.211720886230468750e+02
1.211563796997070312e+02
1.202567672729492188e+02
1.206074981689453125e+02
1.208168792724609375e+02
1.206253509521484375e+02
1.201937713623046875e+02
1.199984207153320312e+02
1.210674514770507812e+02
1.210522613525390625e+02
1.206660156250000000e+02
1.207431488037109375e+02
1.203654937744140625e+02
1.196625366210937500e+02
1.212154159545898438e+02
1.201811523437500000e+02
1.204602661132812500e+02
1.206952209472656250e+02
1.198683929443359375e+02
1.203988189697265625e+02
1.205633697509765625e+02
1.202871627807617188e+02
1.207442703247070312e+02
1.192029724121093750e+02
1.207925643920898438e+02
1.205094528198242188e+02
1.206163635253906250e+02
1.199360504150390625e+02
1.200902099609375000e+02
1.203793182373046875e+02
1.205670776367187500e+02
1.202851638793945312e+02
1.200969390869140625e+02
1.202441787719726562e+02
1.210901794433593750e+02
1.200148086547851562e+02
1.204819335937500000e+02
1.194328918457031250e+02
1.196104583740234375e+02
1.205273818969726562e+02
1.205193176269531250e+02
1.206510620117187500e+02
1.205036163330078125e+02
1.209459075927734375e+02
1.194771118164062500e+02
1.198551483154296875e+02
1.198352203369140625e+02
1.205196075439453125e+02
1.194593353271484375e+02
1.205631637573242188e+02
1.200506439208984375e+02
1.204260559082031250e+02
1.199173583984375000e+02
1.206919555664062500e+02
1.200300140380859375e+02
1.204884490966796875e+02
1.199853210449218750e+02
1.211980895996093750e+02
1.200439376831054688e+02
1.201225128173828125e+02
1.205259399414062500e+02
1.214128723144531250e+02
1.197333984375000000e+02
1.202617416381835938e+02
1.210767974853515625e+02
1.195533294677734375e+02
1.210519104003906250e+02
1.208442687988281250e+02
1.198031845092773438e+02
1.210570220947265625e+02
1.210691070556640625e+02
1.192327651977539062e+02
1.199664611816406250e+02
1.206876831054687500e+02
1.203690643310546875e+02
1.190788421630859375e+02
1.205090942382812500e+02
1.199719085693359375e+02
1.195150756835937500e+02
1.197913513183593750e+02
1.208543777465820312e+02
1.193833465576171875e+02
1.194974060058593750e+02
1.194774780273437500e+02
1.197367706298828125e+02
1.205904083251953125e+02
1.207205657958984375e+02
1.192986450195312500e+02
1.205913238525390625e+02
1.206921310424804688e+02
1.198471679687500000e+02
1.192437820434570312e+02
1.194639282226562500e+02
1.198638534545898438e+02
1.194028167724609375e+02
1.201188507080078125e+02
1.203812255859375000e+02
1.194692306518554688e+02
1.202055816650390625e+02
1.208168640136718750e+02
1.197520828247070312e+02
1.194386901855468750e+02
1.200771713256835938e+02
1.201757125854492188e+02
1.197833404541015625e+02
1.194920654296875000e+02
1.209804229736328125e+02
1.199042434692382812e+02
1.205291595458984375e+02
1.193318786621093750e+02
1.192798156738281250e+02
1.201404342651367188e+02
1.206326522827148438e+02
1.200394973754882812e+02
1.199970855712890625e+02
1.200509338378906250e+02
1.207863464355468750e+02
1.197437286376953125e+02
1.200054397583007812e+02
1.191873321533203125e+02
1.197359161376953125e+02
1.197695312500000000e+02
1.186381301879882812e+02
1.197342529296875000e+02
1.195751724243164062e+02
1.192997131347656250e+02
1.194109497070312500e+02
1.196699676513671875e+02
1.201855163574218750e+02
1.199497985839843750e+02
1.201579208374023438e+02
1.206056747436523438e+02
1.205441055297851562e+02
1.199907531738281250e+02
1.202589569091796875e+02
1.199691925048828125e+02
1.211412277221679688e+02
1.203603286743164062e+02
1.194952697753906250e+02
1.192174377441406250e+02
1.203796310424804688e+02
1.204375305175781250e+02
1.197386016845703125e+02
1.195679016113281250e+02
1.202536926269531250e+02
1.199202423095703125e+02
1.199168624877929688e+02
1.198523559570312500e+02
1.203446655273437500e+02
1.198366546630859375e+02
1.191536331176757812e+02
1.203151168823242188e+02
1.200671691894531250e+02
1.193724212646484375e+02
1.196962585449218750e+02
1.199323883056640625e+02
1.194015731811523438e+02
1.204180984497070312e+02
1.196910247802734375e+02
1.198490676879882812e+02
1.198327026367187500e+02
1.198253250122070312e+02
1.194591522216796875e+02
1.196995925903320312e+02
1.191424713134765625e+02
1.192158508300781250e+02
1.187038879394531250e+02
1.204103775024414062e+02
1.186955337524414062e+02
1.203036727905273438e+02
1.205557708740234375e+02
1.196506195068359375e+02
1.199261169433593750e+02
1.197321319580078125e+02
1.203645629882812500e+02
1.191885375976562500e+02
1.197106933593750000e+02
1.202078704833984375e+02
1.198399200439453125e+02
1.198615112304687500e+02
1.205451202392578125e+02
1.199402999877929688e+02
1.202524871826171875e+02
1.192475585937500000e+02
1.202705917358398438e+02
1.192297668457031250e+02
1.193829498291015625e+02
1.199909896850585938e+02
1.196266021728515625e+02
1.200449066162109375e+02
1.200645751953125000e+02
1.193790130615234375e+02
1.193350067138671875e+02
1.195453491210937500e+02
1.198309326171875000e+02
1.201212539672851562e+02
1.196287384033203125e+02
1.196375122070312500e+02
1.188012847900390625e+02
1.195572967529296875e+02
1.201073837280273438e+02
1.196325912475585938e+02
1.195559387207031250e+02
1.199887619018554688e+02
1.191960601806640625e+02
1.203118896484375000e+02
1.208574142456054688e+02
1.197845993041992188e+02
1.195662612915039062e+02
1.197180404663085938e+02
1.208787994384765625e+02
1.203370361328125000e+02
1.185149002075195312e+02
1.200987701416015625e+02
1.191616439819335938e+02
1.201171188354492188e+02
1.197368774414062500e+02
1.200629730224609375e+02
1.197801742553710938e+02
1.191362609863281250e+02
1.193919830322265625e+02
1.196161499023437500e+02
1.195268859863281250e+02
1.188356475830078125e+02
1.206587905883789062e+02
1.206514129638671875e+02
1.194004211425781250e+02
1.201962585449218750e+02
1.193654785156250000e+02
1.193363189697265625e+02
1.198138809204101562e+02
1.188826217651367188e+02
1.199183502197265625e+02
1.201075592041015625e+02
1.195902404785156250e+02
1.199697265625000000e+02
1.196138305664062500e+02
1.203271484375000000e+02
1.195834732055664062e+02
1.194814682006835938e+02
1.201520462036132812e+02
1.191183013916015625e+02
1.193873977661132812e+02
1.185271682739257812e+02
1.195089416503906250e+02
1.194718246459960938e+02
1.198031921386718750e+02
1.197098541259765625e+02
1.204830169677734375e+02
1.191347503662109375e+02
1.192629394531250000e+02
1.203347167968750000e+02
1.198753967285156250e+02
1.193153533935546875e+02
1.200516510009765625e+02
1.198227005004882812e+02
1.209558410644531250e+02
1.192227783203125000e+02
1.191818771362304688e+02
1.201217041015625000e+02
1.192066345214843750e+02
1.198378906250000000e+02
1.206365203857421875e+02
1.198628234863281250e+02
1.203416976928710938e+02
1.188958129882812500e+02
1.194904251098632812e+02
1.195830612182617188e+02
1.188871536254882812e+02
1.184711151123046875e+02
1.204109954833984375e+02
1.197415771484375000e+02
1.195161361694335938e+02
1.189619140625000000e+02
1.199408416748046875e+02
1.200766601562500000e+02
1.207420120239257812e+02
1.191083221435546875e+02
1.195319519042968750e+02
1.194858245849609375e+02
1.198892059326171875e+02
1.186147613525390625e+02
1.194736175537109375e+02
1.202627563476562500e+02
1.202815856933593750e+02
1.192113494873046875e+02
1.197731323242187500e+02
1.195220794677734375e+02
1.188421478271484375e+02
1.194543457031250000e+02
1.191584014892578125e+02
1.190258789062500000e+02
1.194955596923828125e+02
1.195071716308593750e+02
1.196240844726562500e+02
1.192258987426757812e+02
1.189028015136718750e+02
1.196495437622070312e+02
1.198965759277343750e+02
1.193393249511718750e+02
1.197170333862304688e+02
1.206320648193359375e+02
1.191235809326171875e+02
1.192548141479492188e+02
1.191297073364257812e+02
1.192111282348632812e+02
1.195055084228515625e+02
1.191971435546875000e+02
1.198702239990234375e+02
1.193771591186523438e+02
1.196720428466796875e+02
1.192157135009765625e+02
1.192311248779296875e+02
1.193414154052734375e+02
1.198181533813476562e+02
1.195421524047851562e+02
1.198148651123046875e+02
1.195850219726562500e+02
1.198009490966796875e+02
1.202243499755859375e+02
1.195474014282226562e+02
1.187949066162109375e+02
1.191705017089843750e+02
1.198394165039062500e+02
1.198681182861328125e+02
1.190277862548828125e+02
1.202535552978515625e+02
1.192318572998046875e+02
1.194798583984375000e+02
1.197223663330078125e+02
1.189837875366210938e+02
1.194908065795898438e+02
1.195317535400390625e+02
1.193946990966796875e+02
1.197686920166015625e+02
1.197274475097656250e+02
1.193677749633789062e+02
1.199755935668945312e+02
1.178851928710937500e+02
1.187181243896484375e+02
1.188761444091796875e+02
1.194960632324218750e+02
1.198169097900390625e+02
1.196474075317382812e+02
1.194901657104492188e+02
1.202966003417968750e+02
1.194422454833984375e+02
1.184366912841796875e+02
1.202334823608398438e+02
1.190028228759765625e+02
1.192801895141601562e+02
1.199877777099609375e+02
1.198020019531250000e+02
1.194370651245117188e+02
1.199989166259765625e+02
1.205412139892578125e+02
1.195848083496093750e+02
1.189052429199218750e+02
1.198184967041015625e+02
1.195177993774414062e+02
1.194706878662109375e+02
1.209933242797851562e+02
1.186593704223632812e+02
1.190339202880859375e+02
1.194051971435546875e+02
1.191275100708007812e+02
1.199014739990234375e+02
1.195498199462890625e+02
1.201924972534179688e+02
1.188609924316406250e+02
1.195796356201171875e+02
1.193480453491210938e+02
1.201573486328125000e+02
1.188308639526367188e+02
1.191900634765625000e+02
1.197826309204101562e+02
1.194347381591796875e+02
1.191772918701171875e+02
1.193148193359375000e+02
1.196889190673828125e+02
1.188575439453125000e+02
1.193296813964843750e+02
1.186389007568359375e+02
1.189579010009765625e+02
1.191235351562500000e+02
1.199874725341796875e+02
1.198079071044921875e+02
1.196594085693359375e+02
1.189366149902343750e+02
1.193634185791015625e+02
1.193001708984375000e+02
1.200886993408203125e+02
1.185910491943359375e+02
1.194722442626953125e+02
1.195844039916992188e+02
1.194826507568359375e+02
1.196300659179687500e+02
1.197028045654296875e+02
1.185803070068359375e+02
1.189396209716796875e+02
1.189829711914062500e+02
1.196841812133789062e+02
1.195834732055664062e+02
1.194268341064453125e+02
1.196887817382812500e+02
1.193160095214843750e+02
1.190124435424804688e+02
1.188786621093750000e+02
1.197861938476562500e+02
1.187185821533203125e+02
1.192536315917968750e+02
1.192281646728515625e+02
1.192498016357421875e+02
1.183272399902343750e+02
1.198636016845703125e+02
1.193994140625000000e+02
1.192506866455078125e+02
1.193797607421875000e+02
1.190133895874023438e+02
1.203142089843750000e+02
1.197061004638671875e+02
1.189594192504882812e+02
1.189938583374023438e+02
1.196397552490234375e+02
1.198753356933593750e+02
1.198052444458007812e+02
1.200746994018554688e+02
1.193645782470703125e+02
1.194960174560546875e+02
1.194947052001953125e+02
1.197164230346679688e+02
1.192831573486328125e+02
1.187023773193359375e+02
1.198069381713867188e+02
1.193007507324218750e+02
1.185430374145507812e+02
1.192316894531250000e+02
1.181012954711914062e+02
1.201927337646484375e+02
1.188234710693359375e+02
1.190111236572265625e+02
1.199272613525390625e+02
1.186903228759765625e+02
1.193758621215820312e+02
1.190505218505859375e+02
1.188649291992187500e+02
1.192056808471679688e+02
1.194625396728515625e+02
1.185582427978515625e+02
1.188240966796875000e+02
1.194923400878906250e+02
1.199468841552734375e+02
1.179622039794921875e+02
1.196349868774414062e+02
1.204596557617187500e+02
1.191613616943359375e+02
1.194291000366210938e+02
1.192102661132812500e+02
1.195318450927734375e+02
1.190023651123046875e+02
1.197805633544921875e+02
1.199540405273437500e+02
1.192452545166015625e+02
1.191053161621093750e+02
1.196268463134765625e+02
1.197287292480468750e+02
1.195008010864257812e+02
1.187178192138671875e+02
1.191841735839843750e+02
1.191789093017578125e+02
1.189641952514648438e+02
1.178798065185546875e+02
1.185374145507812500e+02
1.192558059692382812e+02
1.190626373291015625e+02
1.192901611328125000e+02
1.188230361938476562e+02
1.192414855957031250e+02
1.188873901367187500e+02
1.190603637695312500e+02
1.188729095458984375e+02
1.188894500732421875e+02
1.195432052612304688e+02
1.188982925415039062e+02
1.189423675537109375e+02
1.190696411132812500e+02
1.196026992797851562e+02
1.186144332885742188e+02
1.184437561035156250e+02
1.191091003417968750e+02
1.196063079833984375e+02
1.197930526733398438e+02
1.194189147949218750e+02
1.191512451171875000e+02
1.192727966308593750e+02
1.190775299072265625e+02
1.197869033813476562e+02
1.195580978393554688e+02
1.188605651855468750e+02
1.186367492675781250e+02
1.189490661621093750e+02
1.183884735107421875e+02
1.194887390136718750e+02
1.191441497802734375e+02
1.201544952392578125e+02
1.190237731933593750e+02
1.194747009277343750e+02
1.187158508300781250e+02
1.186830749511718750e+02
1.190869598388671875e+02
1.195210266113281250e+02
1.194977798461914062e+02
1.200163879394531250e+02
1.199090881347656250e+02
1.187245941162109375e+02
1.188362121582031250e+02
1.192130279541015625e+02
1.183992767333984375e+02
1.196901855468750000e+02
1.198269653320312500e+02
1.199831390380859375e+02
1.192671966552734375e+02
1.193479080200195312e+02
1.194140167236328125e+02
1.192746734619140625e+02
1.195689697265625000e+02
1.202064971923828125e+02
1.190138092041015625e+02
1.188159484863281250e+02
1.196976013183593750e+02
1.189580841064453125e+02
1.199733963012695312e+02
1.186499557495117188e+02
1.197904815673828125e+02
1.191325225830078125e+02
1.193529510498046875e+02
1.198151321411132812e+02
1.196817779541015625e+02
1.195293273925781250e+02
1.194103851318359375e+02
1.198276367187500000e+02
1.197419967651367188e+02
1.196002044677734375e+02
1.196562652587890625e+02
1.182656173706054688e+02
1.192368850708007812e+02
1.187272491455078125e+02
1.199385223388671875e+02
1.194879760742187500e+02
1.190160980224609375e+02
1.194055480957031250e+02
1.195211410522460938e+02
1.186805114746093750e+02
1.186854095458984375e+02
1.186226501464843750e+02
1.190106201171875000e+02
1.198991012573242188e+02
1.198540649414062500e+02
1.190292587280273438e+02
1.191522979736328125e+02
1.193056335449218750e+02
1.194679107666015625e+02
1.186579437255859375e+02
1.196641387939453125e+02
1.191504364013671875e+02
1.194502944946289062e+02
1.191190032958984375e+02
1.188544769287109375e+02
1.190992431640625000e+02
1.196582794189453125e+02
1.188121032714843750e+02
1.187335662841796875e+02
1.197681884765625000e+02
1.188366317749023438e+02
1.193814239501953125e+02
1.187530975341796875e+02
1.191251525878906250e+02
1.193507995605468750e+02
1.181690521240234375e+02
1.194212799072265625e+02
1.201812896728515625e+02
1.199025115966796875e+02
1.186111602783203125e+02
1.194869308471679688e+02
1.197679595947265625e+02
1.190987854003906250e+02
1.190149383544921875e+02
1.191193847656250000e+02
1.195103073120117188e+02
1.191435241699218750e+02
1.190213623046875000e+02
1.188095550537109375e+02
1.189168548583984375e+02
1.194743270874023438e+02
1.191567077636718750e+02
1.188904113769531250e+02
1.190973968505859375e+02
1.201133270263671875e+02
1.192573547363281250e+02
1.195357666015625000e+02
1.199948196411132812e+02
1.189025421142578125e+02
1.189844818115234375e+02
1.190509796142578125e+02
1.193288955688476562e+02
1.197276306152343750e+02
1.190439147949218750e+02
1.187604141235351562e+02
1.188697204589843750e+02
1.188245773315429688e+02
1.192201995849609375e+02
1.185560302734375000e+02
1.188255920410156250e+02
1.196447219848632812e+02
1.191537017822265625e+02
1.190594635009765625e+02
1.188661041259765625e+02
1.192095947265625000e+02
1.200430603027343750e+02
1.187203445434570312e+02
1.195429840087890625e+02
1.188504333496093750e+02
1.185765838623046875e+02
1.187619934082031250e+02
1.188320236206054688e+02
1.185670776367187500e+02
1.190943908691406250e+02
1.187910690307617188e+02
1.193250656127929688e+02
1.185019073486328125e+02
1.192805023193359375e+02
1.186489257812500000e+02
1.193029022216796875e+02
1.191882705688476562e+02
1.196921920776367188e+02
1.190823059082031250e+02
1.194612731933593750e+02
1.186369705200195312e+02
1.189396972656250000e+02
1.197727127075195312e+02
1.189273529052734375e+02
1.198363494873046875e+02
1.189552993774414062e+02
1.194169921875000000e+02
1.188877487182617188e+02
1.185026397705078125e+02
1.186719665527343750e+02
1.191482391357421875e+02
1.193263320922851562e+02
1.194133911132812500e+02
1.192008285522460938e+02
1.190077133178710938e+02
1.189381027221679688e+02
1.191356430053710938e+02
1.200277404785156250e+02
1.187453002929687500e+02
1.184912109375000000e+02
1.200337448120117188e+02
1.193186492919921875e+02
1.191344680786132812e+02
1.180002899169921875e+02
1.184983215332031250e+02
1.195270843505859375e+02
1.191408233642578125e+02
1.187530670166015625e+02
1.188309631347656250e+02
1.190137481689453125e+02
1.190578155517578125e+02
1.186149291992187500e+02
1.187221298217773438e+02
1.184679946899414062e+02
1.188516845703125000e+02
1.192550430297851562e+02
1.195280532836914062e+02
1.187494354248046875e+02
1.191983947753906250e+02
1.196188812255859375e+02
1.183735351562500000e+02
1.190979461669921875e+02
1.189692840576171875e+02
1.182991638183593750e+02
1.196753997802734375e+02
1.189207458496093750e+02
1.184917907714843750e+02
1.190959320068359375e+02
1.194583129882812500e+02
1.191349945068359375e+02
1.190120544433593750e+02
1.193972930908203125e+02
1.191800689697265625e+02
1.186570281982421875e+02
1.193445587158203125e+02
1.183344573974609375e+02
1.189724731445312500e+02
1.183775329589843750e+02
1.189476318359375000e+02
1.191899108886718750e+02
1.194180145263671875e+02
1.196269989013671875e+02
1.188079910278320312e+02
1.190415649414062500e+02
1.187240447998046875e+02
1.190497665405273438e+02
1.185702285766601562e+02
1.192322998046875000e+02
1.192492446899414062e+02
