6.455188751220703125e+00
5.959912300109863281e+00
5.627257823944091797e+00
5.441441059112548828e+00
5.366784095764160156e+00
5.340027809143066406e+00
5.300631999969482422e+00
5.293781757354736328e+00
5.277512550354003906e+00
5.246162891387939453e+00
5.225303649902343750e+00
5.207803249359130859e+00
5.184663772583007812e+00
5.187390327453613281e+00
5.195194244384765625e+00
5.157264709472656250e+00
5.155851364135742188e+00
5.147485733032226562e+00
5.141844749450683594e+00
5.127631187438964844e+00
5.129749774932861328e+00
5.137713432312011719e+00
5.116649150848388672e+00
5.107767581939697266e+00
5.102875232696533203e+00
5.097108364105224609e+00
5.095012187957763672e+00
5.088221549987792969e+00
5.083535194396972656e+00
5.087603569030761719e+00
5.114259719848632812e+00
5.075806140899658203e+00
5.074558734893798828e+00
5.067090034484863281e+00
5.061779975891113281e+00
5.068711757659912109e+00
5.075148582458496094e+00
5.085110187530517578e+00
5.064900398254394531e+00
5.066230297088623047e+00
5.053635597229003906e+00
5.068202495574951172e+00
5.051188468933105469e+00
5.054183006286621094e+00
5.046389579772949219e+00
5.050466537475585938e+00
5.048895835876464844e+00
5.038404464721679688e+00
5.042376041412353516e+00
5.034942626953125000e+00
5.040214538574218750e+00
5.040653705596923828e+00
5.042516708374023438e+00
5.037019729614257812e+00
5.043613433837890625e+00
5.029161930084228516e+00
5.034221649169921875e+00
5.032636642456054688e+00
5.043040752410888672e+00
5.020313739776611328e+00
5.034738540649414062e+00
5.031830310821533203e+00
5.021055221557617188e+00
5.024179935455322266e+00
5.022630691528320312e+00
5.021856307983398438e+00
5.018094539642333984e+00
5.018226623535156250e+00
5.011243343353271484e+00
5.035131454467773438e+00
5.021113395690917969e+00
5.014452457427978516e+00
5.015118598937988281e+00
5.006756305694580078e+00
5.009381294250488281e+00
5.040287971496582031e+00
5.006014823913574219e+00
5.010833740234375000e+00
5.020596504211425781e+00
5.028099060058593750e+00
5.012303829193115234e+00
5.009212493896484375e+00
5.024949550628662109e+00
5.015089988708496094e+00
5.005881309509277344e+00
5.009953498840332031e+00
5.008416175842285156e+00
5.021215438842773438e+00
5.030515193939208984e+00
5.008542060852050781e+00
5.001924514770507812e+00
5.006701946258544922e+00
5.005273818969726562e+00
4.997952461242675781e+00
5.000349521636962891e+00
5.024563789367675781e+00
4.995340347290039062e+00
5.011283874511718750e+00
4.998500347137451172e+00
5.024194717407226562e+00
5.008833408355712891e+00
4.999628067016601562e+00
5.007731437683105469e+00
5.002254486083984375e+00
5.003280639648437500e+00
5.010073184967041016e+00
5.004272937774658203e+00
5.031154632568359375e+00
5.004242420196533203e+00
5.000208854675292969e+00
4.993984699249267578e+00
4.999054908752441406e+00
5.007380008697509766e+00
5.004106044769287109e+00
4.993583679199218750e+00
5.012680053710937500e+00
4.991983413696289062e+00
4.994017601013183594e+00
5.000144958496093750e+00
4.989442825317382812e+00
4.993341922760009766e+00
5.005940437316894531e+00
5.015846252441406250e+00
4.994889259338378906e+00
4.993515968322753906e+00
4.986886978149414062e+00
4.987023353576660156e+00
4.991017818450927734e+00
5.000193119049072266e+00
4.991409301757812500e+00
4.983172416687011719e+00
4.985554695129394531e+00
5.016858100891113281e+00
4.995403289794921875e+00
4.984003067016601562e+00
4.995804786682128906e+00
4.988185882568359375e+00
4.988331794738769531e+00
4.998862743377685547e+00
4.984793663024902344e+00
4.985830783843994141e+00
4.984285354614257812e+00
4.980614662170410156e+00
4.987992286682128906e+00
4.984875679016113281e+00
4.998727798461914062e+00
4.983140945434570312e+00
4.986660957336425781e+00
4.987881660461425781e+00
4.987035751342773438e+00
5.009563922882080078e+00
4.978410720825195312e+00
4.985023021697998047e+00
4.990668296813964844e+00
4.985534667968750000e+00
4.982915878295898438e+00
5.004259586334228516e+00
5.006492137908935547e+00
4.991073608398437500e+00
4.991035461425781250e+00
5.025732040405273438e+00
5.001981735229492188e+00
4.984528064727783203e+00
4.990441322326660156e+00
4.987656116485595703e+00
4.988470554351806641e+00
4.991038799285888672e+00
4.980766296386718750e+00
4.985769271850585938e+00
5.023491382598876953e+00
4.988771438598632812e+00
4.992802619934082031e+00
4.982840538024902344e+00
4.981001377105712891e+00
4.990758419036865234e+00
5.003175735473632812e+00
4.981788635253906250e+00
4.978457450866699219e+00
4.990245819091796875e+00
4.976832389831542969e+00
4.979706764221191406e+00
4.980464935302734375e+00
4.975737571716308594e+00
4.981178760528564453e+00
4.981331825256347656e+00
4.974453926086425781e+00
4.980135440826416016e+00
4.975490570068359375e+00
4.977022171020507812e+00
5.008658885955810547e+00
4.995538234710693359e+00
4.978847503662109375e+00
4.974699974060058594e+00
4.979134082794189453e+00
4.982262611389160156e+00
4.988130569458007812e+00
4.980430126190185547e+00
4.981297492980957031e+00
4.979271411895751953e+00
4.982831478118896484e+00
4.977645397186279297e+00
4.986100196838378906e+00
4.975535392761230469e+00
4.975464820861816406e+00
4.972602844238281250e+00
4.975257873535156250e+00
4.980242729187011719e+00
4.975656986236572266e+00
4.969254016876220703e+00
4.975883960723876953e+00
4.991786956787109375e+00
4.972147941589355469e+00
4.985922813415527344e+00
4.986081600189208984e+00
4.977288246154785156e+00
4.978613376617431641e+00
4.979022979736328125e+00
4.976521492004394531e+00
4.967324733734130859e+00
4.987371444702148438e+00
4.991252422332763672e+00
4.973478317260742188e+00
4.980665683746337891e+00
4.974660873413085938e+00
4.970004081726074219e+00
4.974624633789062500e+00
4.969880580902099609e+00
4.975859165191650391e+00
4.971709728240966797e+00
4.969336509704589844e+00
4.978518962860107422e+00
4.974391460418701172e+00
4.969884872436523438e+00
4.974720954895019531e+00
4.965115547180175781e+00
4.969195365905761719e+00
4.980388641357421875e+00
4.975647926330566406e+00
4.975616931915283203e+00
4.981518745422363281e+00
4.969328403472900391e+00
4.969118118286132812e+00
4.979811191558837891e+00
4.974907398223876953e+00
4.972527980804443359e+00
4.978545665740966797e+00
4.967807292938232422e+00
4.972432136535644531e+00
4.968751907348632812e+00
4.982389450073242188e+00
4.965032100677490234e+00
4.967617034912109375e+00
4.963534832000732422e+00
4.978243827819824219e+00
4.970198631286621094e+00
4.976577281951904297e+00
4.970439434051513672e+00
4.974446773529052734e+00
4.967207431793212891e+00
4.968173980712890625e+00
4.968054771423339844e+00
4.967941284179687500e+00
4.968362808227539062e+00
4.966778755187988281e+00
4.979865550994873047e+00
4.967886924743652344e+00
4.974256515502929688e+00
4.971450328826904297e+00
4.966801166534423828e+00
4.970608234405517578e+00
4.966908931732177734e+00
4.969131469726562500e+00
4.969360828399658203e+00
4.968954563140869141e+00
4.969894886016845703e+00
4.970306396484375000e+00
4.978828430175781250e+00
4.962979316711425781e+00
4.962290763854980469e+00
4.973028182983398438e+00
4.965964794158935547e+00
4.965662002563476562e+00
4.959633827209472656e+00
4.966172695159912109e+00
4.972115516662597656e+00
4.975253582000732422e+00
4.969812393188476562e+00
4.992449283599853516e+00
4.966065883636474609e+00
4.985175132751464844e+00
4.974498748779296875e+00
4.967368602752685547e+00
4.965608596801757812e+00
4.969173431396484375e+00
4.968107223510742188e+00
4.963403224945068359e+00
4.965106487274169922e+00
4.967708110809326172e+00
4.965446472167968750e+00
4.970446586608886719e+00
4.962334156036376953e+00
4.963755607604980469e+00
4.991069793701171875e+00
4.969892501831054688e+00
4.972264289855957031e+00
4.962212562561035156e+00
4.960595607757568359e+00
4.966279029846191406e+00
4.962730407714843750e+00
4.979043960571289062e+00
4.963988780975341797e+00
4.974024295806884766e+00
4.966636657714843750e+00
4.966442108154296875e+00
4.963827610015869141e+00
4.967195510864257812e+00
4.969509601593017578e+00
4.967395782470703125e+00
4.961446285247802734e+00
4.977447986602783203e+00
4.963053703308105469e+00
4.978384017944335938e+00
4.966581344604492188e+00
4.960910797119140625e+00
4.960553646087646484e+00
4.962649345397949219e+00
4.996445178985595703e+00
4.969353675842285156e+00
4.975244998931884766e+00
4.967674255371093750e+00
4.964746475219726562e+00
4.966510772705078125e+00
4.968561649322509766e+00
4.963218688964843750e+00
4.959985256195068359e+00
4.963166236877441406e+00
4.962793350219726562e+00
4.972849369049072266e+00
4.961168766021728516e+00
4.959909915924072266e+00
4.962882041931152344e+00
4.960984230041503906e+00
4.962912559509277344e+00
4.968636989593505859e+00
4.959973335266113281e+00
4.959914684295654297e+00
4.965492248535156250e+00
4.960424900054931641e+00
4.965573787689208984e+00
4.962677955627441406e+00
4.963525295257568359e+00
4.961947917938232422e+00
4.967397689819335938e+00
4.964247703552246094e+00
4.967506408691406250e+00
4.964197635650634766e+00
4.961660385131835938e+00
4.976826667785644531e+00
4.961473941802978516e+00
4.974449634552001953e+00
4.967821598052978516e+00
4.964249610900878906e+00
4.962800979614257812e+00
4.959919929504394531e+00
4.964621543884277344e+00
4.966334342956542969e+00
4.963727951049804688e+00
4.959936618804931641e+00
4.962296485900878906e+00
4.970140457153320312e+00
4.959598541259765625e+00
4.958939552307128906e+00
4.964526653289794922e+00
4.970291614532470703e+00
4.962437629699707031e+00
4.966916561126708984e+00
4.967661380767822266e+00
4.959022045135498047e+00
4.959204673767089844e+00
4.955786705017089844e+00
4.960248470306396484e+00
4.966433048248291016e+00
4.962493896484375000e+00
4.960892200469970703e+00
4.961957931518554688e+00
4.980319976806640625e+00
4.968215942382812500e+00
4.962925434112548828e+00
4.959576606750488281e+00
4.974579811096191406e+00
4.969323158264160156e+00
4.968819141387939453e+00
4.976552009582519531e+00
4.966693878173828125e+00
4.972316741943359375e+00
4.968679428100585938e+00
4.959633827209472656e+00
4.971569538116455078e+00
4.976307392120361328e+00
4.968109130859375000e+00
4.959255218505859375e+00
4.966678619384765625e+00
4.960080146789550781e+00
4.972765922546386719e+00
4.960571765899658203e+00
4.968250274658203125e+00
4.964034080505371094e+00
4.963809013366699219e+00
4.961287498474121094e+00
4.965787410736083984e+00
4.976174354553222656e+00
4.982157707214355469e+00
4.966162681579589844e+00
4.961279392242431641e+00
4.965662479400634766e+00
4.961366653442382812e+00
4.957780361175537109e+00
4.958734512329101562e+00
4.957199096679687500e+00
4.972815513610839844e+00
4.958508491516113281e+00
4.961875915527343750e+00
4.965039253234863281e+00
4.955428123474121094e+00
4.963528633117675781e+00
4.965630531311035156e+00
4.958466053009033203e+00
4.959783554077148438e+00
4.963578224182128906e+00
4.958970069885253906e+00
4.959999084472656250e+00
4.962611198425292969e+00
4.961380958557128906e+00
4.959470748901367188e+00
4.959658622741699219e+00
4.958948612213134766e+00
4.960116863250732422e+00
4.956768989562988281e+00
4.962224006652832031e+00
4.961707115173339844e+00
4.954945087432861328e+00
4.960793495178222656e+00
4.967796325683593750e+00
4.958235263824462891e+00
4.959852695465087891e+00
4.957105636596679688e+00
4.956181049346923828e+00
4.956258296966552734e+00
4.958750247955322266e+00
4.969225406646728516e+00
4.958287715911865234e+00
4.995144367218017578e+00
4.971518039703369141e+00
4.963060379028320312e+00
4.965239524841308594e+00
4.966233253479003906e+00
4.964386463165283203e+00
4.960067272186279297e+00
4.960433959960937500e+00
4.956305027008056641e+00
4.957986831665039062e+00
4.965723991394042969e+00
4.958425521850585938e+00
4.961986541748046875e+00
4.963287830352783203e+00
4.962601661682128906e+00
4.957328796386718750e+00
4.963807106018066406e+00
4.959151744842529297e+00
4.978080272674560547e+00
4.960666179656982422e+00
4.957038879394531250e+00
4.964426040649414062e+00
4.962140560150146484e+00
4.959057331085205078e+00
4.957989692687988281e+00
4.966270446777343750e+00
4.977909088134765625e+00
4.962332248687744141e+00
4.957616329193115234e+00
4.957763671875000000e+00
4.991499900817871094e+00
4.970030784606933594e+00
4.962327480316162109e+00
4.961933135986328125e+00
4.959425449371337891e+00
4.962181568145751953e+00
4.961731910705566406e+00
4.962273120880126953e+00
4.962015628814697266e+00
4.955888271331787109e+00
4.977390289306640625e+00
4.958448410034179688e+00
4.964636802673339844e+00
4.954875946044921875e+00
4.968804359436035156e+00
4.967451572418212891e+00
4.956357002258300781e+00
4.969041824340820312e+00
4.959324359893798828e+00
4.955061435699462891e+00
4.963300704956054688e+00
4.961554527282714844e+00
4.958549499511718750e+00
4.957242965698242188e+00
4.961327552795410156e+00
4.962493896484375000e+00
4.955495834350585938e+00
4.962416648864746094e+00
4.957847595214843750e+00
4.967931747436523438e+00
4.965049743652343750e+00
4.954935073852539062e+00
4.979111671447753906e+00
4.960347175598144531e+00
4.959455966949462891e+00
4.967848300933837891e+00
4.953000545501708984e+00
4.957663536071777344e+00
4.961686134338378906e+00
4.965609073638916016e+00
4.964469909667968750e+00
4.965101718902587891e+00
4.956861019134521484e+00
4.957326889038085938e+00
4.957544326782226562e+00
4.966673374176025391e+00
4.961746215820312500e+00
4.953297615051269531e+00
4.951016426086425781e+00
4.955865859985351562e+00
4.973923683166503906e+00
4.954570293426513672e+00
4.968679428100585938e+00
4.957143306732177734e+00
4.956508159637451172e+00
4.955080509185791016e+00
4.959968566894531250e+00
4.955599308013916016e+00
4.965690135955810547e+00
4.953439712524414062e+00
4.957031250000000000e+00
4.961820602416992188e+00
4.954358577728271484e+00
4.963959693908691406e+00
4.957619667053222656e+00
4.953862190246582031e+00
4.953681945800781250e+00
4.953626155853271484e+00
4.955969333648681641e+00
4.952693462371826172e+00
4.953377723693847656e+00
4.956076145172119141e+00
4.956823348999023438e+00
4.959836483001708984e+00
4.965512752532958984e+00
4.952099800109863281e+00
4.959480762481689453e+00
4.955327987670898438e+00
4.953804016113281250e+00
4.966335773468017578e+00
4.960344314575195312e+00
4.958371639251708984e+00
4.966691017150878906e+00
4.953347206115722656e+00
4.955093860626220703e+00
4.952700138092041016e+00
4.963758468627929688e+00
4.966494560241699219e+00
4.956127166748046875e+00
4.952700614929199219e+00
4.955568313598632812e+00
4.956588745117187500e+00
4.952778339385986328e+00
4.963670253753662109e+00
4.963221549987792969e+00
4.954786300659179688e+00
4.972976207733154297e+00
4.967231273651123047e+00
4.954038619995117188e+00
4.954226493835449219e+00
4.958908081054687500e+00
4.959815979003906250e+00
4.967480659484863281e+00
4.955636978149414062e+00
4.956870555877685547e+00
4.956062793731689453e+00
4.955669403076171875e+00
4.956287384033203125e+00
4.957558155059814453e+00
4.950469017028808594e+00
4.954457283020019531e+00
4.951371669769287109e+00
4.950299263000488281e+00
4.954618453979492188e+00
4.954039573669433594e+00
4.954981327056884766e+00
4.965409278869628906e+00
4.951666831970214844e+00
4.953330516815185547e+00
4.953094005584716797e+00
4.953949451446533203e+00
4.957306385040283203e+00
4.953958511352539062e+00
4.953241348266601562e+00
4.951122760772705078e+00
4.953718662261962891e+00
4.951577663421630859e+00
4.953025817871093750e+00
4.954663753509521484e+00
4.982672691345214844e+00
4.951153755187988281e+00
4.959884643554687500e+00
4.957155704498291016e+00
4.952756404876708984e+00
4.958233356475830078e+00
4.973186969757080078e+00
4.961158752441406250e+00
4.957377910614013672e+00
4.956240653991699219e+00
4.954910278320312500e+00
4.957593441009521484e+00
4.956376075744628906e+00
4.979075908660888672e+00
4.980689048767089844e+00
4.952225685119628906e+00
4.956581115722656250e+00
4.955792427062988281e+00
4.958978176116943359e+00
4.959269523620605469e+00
4.964530467987060547e+00
4.958432674407958984e+00
4.954161167144775391e+00
4.952499389648437500e+00
4.957403182983398438e+00
4.958330631256103516e+00
4.951451778411865234e+00
4.989817619323730469e+00
4.961414337158203125e+00
4.950058460235595703e+00
4.952630043029785156e+00
4.953458786010742188e+00
4.960446357727050781e+00
4.953351020812988281e+00
4.951605319976806641e+00
4.953897953033447266e+00
4.961308002471923828e+00
4.953081130981445312e+00
4.974583148956298828e+00
4.970365047454833984e+00
4.951506614685058594e+00
4.955611228942871094e+00
4.958648681640625000e+00
4.955640316009521484e+00
4.958045482635498047e+00
4.955080986022949219e+00
4.951465129852294922e+00
4.956750869750976562e+00
4.951410293579101562e+00
4.952083110809326172e+00
4.957216262817382812e+00
4.966515541076660156e+00
4.965987682342529297e+00
4.956275939941406250e+00
4.957321166992187500e+00
4.973384857177734375e+00
4.958789348602294922e+00
4.956203460693359375e+00
4.961210727691650391e+00
4.953886985778808594e+00
4.951574325561523438e+00
4.970714569091796875e+00
4.953023433685302734e+00
4.959803581237792969e+00
4.972141265869140625e+00
4.960447311401367188e+00
4.960575580596923828e+00
4.957216739654541016e+00
4.955961704254150391e+00
4.951645374298095703e+00
4.953704833984375000e+00
4.954893112182617188e+00
4.951553821563720703e+00
4.951431751251220703e+00
4.953213691711425781e+00
4.961550712585449219e+00
4.955292701721191406e+00
4.955003738403320312e+00
4.952165603637695312e+00
4.949795722961425781e+00
4.953611373901367188e+00
4.955132484436035156e+00
4.951995849609375000e+00
4.954080581665039062e+00
4.955700874328613281e+00
4.953981876373291016e+00
4.949596405029296875e+00
4.952720642089843750e+00
4.968847751617431641e+00
4.952087879180908203e+00
4.951152324676513672e+00
4.969041347503662109e+00
4.950016975402832031e+00
4.951304435729980469e+00
4.951973438262939453e+00
4.948883056640625000e+00
4.952654838562011719e+00
4.951188087463378906e+00
4.971819877624511719e+00
4.950971603393554688e+00
4.949700832366943359e+00
4.954191207885742188e+00
4.953409671783447266e+00
4.951139450073242188e+00
4.950283050537109375e+00
4.955722808837890625e+00
4.950186252593994141e+00
4.951160907745361328e+00
4.950443744659423828e+00
4.985282897949218750e+00
4.953779220581054688e+00
4.966064453125000000e+00
4.954705715179443359e+00
4.949862480163574219e+00
4.957225799560546875e+00
4.956522941589355469e+00
4.954621315002441406e+00
4.951701164245605469e+00
4.953341007232666016e+00
4.952044963836669922e+00
4.957628726959228516e+00
4.955817699432373047e+00
4.952383041381835938e+00
4.962873935699462891e+00
4.952803611755371094e+00
4.952836513519287109e+00
4.957777976989746094e+00
4.950139999389648438e+00
4.947458267211914062e+00
4.957615852355957031e+00
4.959547042846679688e+00
4.955587863922119141e+00
4.950350284576416016e+00
4.958001136779785156e+00
4.950967311859130859e+00
4.967357635498046875e+00
4.950046062469482422e+00
4.946744918823242188e+00
4.953402996063232422e+00
4.950042247772216797e+00
4.967040061950683594e+00
4.949753761291503906e+00
4.952908039093017578e+00
4.953522682189941406e+00
4.956559181213378906e+00
4.951780796051025391e+00
4.949327468872070312e+00
4.958037376403808594e+00
4.961670398712158203e+00
4.966789245605468750e+00
4.949249267578125000e+00
4.959117889404296875e+00
4.957992553710937500e+00
4.946769714355468750e+00
4.960604190826416016e+00
4.952144145965576172e+00
4.956576824188232422e+00
4.956991195678710938e+00
4.962930679321289062e+00
4.953590393066406250e+00
4.952589035034179688e+00
4.949362754821777344e+00
4.960531234741210938e+00
4.952491760253906250e+00
4.955339431762695312e+00
4.950420379638671875e+00
4.952871799468994141e+00
4.991972446441650391e+00
4.946504592895507812e+00
4.949831962585449219e+00
4.951429367065429688e+00
4.953352451324462891e+00
4.952171802520751953e+00
4.957664966583251953e+00
4.949994564056396484e+00
4.948312282562255859e+00
4.977329254150390625e+00
4.952003955841064453e+00
4.949373245239257812e+00
4.951798915863037109e+00
4.953087806701660156e+00
4.949049949645996094e+00
4.955448150634765625e+00
4.949733734130859375e+00
4.962253570556640625e+00
4.952316761016845703e+00
4.947594165802001953e+00
4.951341152191162109e+00
4.949510574340820312e+00
4.951467037200927734e+00
4.955962181091308594e+00
4.953243255615234375e+00
4.949295997619628906e+00
4.950924873352050781e+00
4.953126430511474609e+00
4.958552837371826172e+00
4.950932025909423828e+00
4.949650287628173828e+00
4.948942184448242188e+00
4.953849315643310547e+00
4.951270103454589844e+00
4.954909324645996094e+00
4.966156005859375000e+00
4.957244873046875000e+00
4.947707176208496094e+00
4.954656600952148438e+00
4.950669288635253906e+00
4.948940277099609375e+00
4.960483551025390625e+00
4.948724269866943359e+00
4.978680133819580078e+00
4.954217433929443359e+00
4.952589988708496094e+00
4.956066608428955078e+00
4.951243400573730469e+00
4.949232101440429688e+00
4.949212074279785156e+00
4.949527740478515625e+00
4.956560134887695312e+00
4.955268859863281250e+00
4.952670097351074219e+00
4.970971584320068359e+00
4.962194919586181641e+00
4.969189167022705078e+00
4.949485778808593750e+00
4.950318336486816406e+00
4.952013492584228516e+00
4.951405525207519531e+00
4.951045513153076172e+00
4.959190368652343750e+00
4.953482627868652344e+00
4.950778007507324219e+00
4.950311660766601562e+00
4.952878952026367188e+00
4.954339027404785156e+00
4.949240684509277344e+00
4.959397315979003906e+00
4.951541900634765625e+00
4.950205802917480469e+00
4.952198982238769531e+00
4.991442203521728516e+00
4.948934555053710938e+00
4.949178218841552734e+00
4.951434612274169922e+00
4.946796417236328125e+00
4.953690528869628906e+00
4.951288223266601562e+00
4.950874805450439453e+00
4.950530529022216797e+00
4.949744224548339844e+00
4.948126792907714844e+00
4.950510978698730469e+00
4.948228359222412109e+00
4.950866699218750000e+00
4.946038246154785156e+00
4.954291343688964844e+00
4.958478450775146484e+00
4.951548576354980469e+00
4.952373504638671875e+00
4.952474117279052734e+00
4.946123123168945312e+00
4.952612400054931641e+00
4.945532321929931641e+00
4.950461387634277344e+00
4.955394744873046875e+00
4.955163002014160156e+00
4.945874691009521484e+00
4.945453643798828125e+00
4.962557315826416016e+00
4.950865268707275391e+00
4.949571609497070312e+00
4.950878143310546875e+00
4.944573879241943359e+00
4.957316875457763672e+00
4.946826457977294922e+00
4.952137470245361328e+00
4.953624725341796875e+00
4.950401782989501953e+00
4.954200744628906250e+00
4.950054645538330078e+00
4.948657989501953125e+00
4.947429656982421875e+00
4.945460319519042969e+00
4.948466300964355469e+00
4.950835704803466797e+00
4.946155548095703125e+00
4.950713634490966797e+00
4.949785709381103516e+00
4.953398704528808594e+00
4.953355789184570312e+00
4.951382637023925781e+00
4.956229686737060547e+00
4.957249164581298828e+00
4.946890830993652344e+00
4.948553562164306641e+00
4.953602790832519531e+00
4.953473091125488281e+00
4.953434944152832031e+00
4.952413558959960938e+00
4.965129375457763672e+00
4.949753761291503906e+00
4.951835155487060547e+00
4.948358535766601562e+00
4.948105812072753906e+00
4.981980800628662109e+00
4.948022842407226562e+00
4.953947067260742188e+00
4.947408199310302734e+00
4.950351238250732422e+00
4.946639060974121094e+00
4.948647022247314453e+00
4.950222969055175781e+00
4.947964191436767578e+00
4.947089672088623047e+00
4.949023246765136719e+00
4.951217174530029297e+00
4.947651386260986328e+00
4.951570987701416016e+00
4.944807052612304688e+00
4.946571826934814453e+00
4.946235656738281250e+00
4.953738689422607422e+00
4.954138278961181641e+00
4.945180892944335938e+00
4.962273597717285156e+00
4.949905395507812500e+00
4.947351455688476562e+00
4.948873519897460938e+00
4.948615550994873047e+00
4.950915813446044922e+00
4.946939468383789062e+00
4.967075347900390625e+00
4.948442459106445312e+00
4.948192119598388672e+00
4.951249122619628906e+00
4.951198577880859375e+00
4.944445610046386719e+00
4.951569080352783203e+00
4.949909210205078125e+00
4.968322753906250000e+00
4.947238922119140625e+00
4.951388835906982422e+00
4.951959609985351562e+00
4.946544170379638672e+00
4.948709487915039062e+00
4.956238746643066406e+00
4.950855731964111328e+00
4.951714992523193359e+00
4.949186325073242188e+00
4.955078125000000000e+00
4.946298122406005859e+00
4.951720237731933594e+00
4.947649478912353516e+00
4.950731277465820312e+00
4.951182365417480469e+00
4.948617935180664062e+00
4.950490951538085938e+00
4.949094772338867188e+00
4.969177246093750000e+00
4.952239036560058594e+00
