6.826507568359375000e+00
6.573645114898681641e+00
6.508214950561523438e+00
6.286984920501708984e+00
6.275132179260253906e+00
6.228117465972900391e+00
6.065791606903076172e+00
5.980724334716796875e+00
5.929599285125732422e+00
5.943702697753906250e+00
5.866157531738281250e+00
5.980535507202148438e+00
5.896244049072265625e+00
5.809689521789550781e+00
6.103005409240722656e+00
5.891973495483398438e+00
5.854474067687988281e+00
5.940199851989746094e+00
5.846770286560058594e+00
5.806502342224121094e+00
5.755311489105224609e+00
6.114594936370849609e+00
5.769085884094238281e+00
5.879434585571289062e+00
5.782378196716308594e+00
5.778650283813476562e+00
5.777653694152832031e+00
5.751432895660400391e+00
5.704414844512939453e+00
6.030043601989746094e+00
5.737516403198242188e+00
5.694659233093261719e+00
5.709403514862060547e+00
5.953014373779296875e+00
5.721654891967773438e+00
5.640600204467773438e+00
5.709273338317871094e+00
5.824661731719970703e+00
5.857725143432617188e+00
6.010967254638671875e+00
5.652087211608886719e+00
5.842192173004150391e+00
5.947902202606201172e+00
5.933938980102539062e+00
5.703393936157226562e+00
5.667070388793945312e+00
5.645257472991943359e+00
5.683526039123535156e+00
5.649897575378417969e+00
5.782091140747070312e+00
5.973962783813476562e+00
5.625102996826171875e+00
5.625054836273193359e+00
5.681126594543457031e+00
5.964751720428466797e+00
5.656594276428222656e+00
5.691959381103515625e+00
5.703110218048095703e+00
5.627562046051025391e+00
5.545748710632324219e+00
5.593596458435058594e+00
5.539059162139892578e+00
5.553839683532714844e+00
6.242988109588623047e+00
5.673551082611083984e+00
5.697877883911132812e+00
5.607772827148437500e+00
5.535346508026123047e+00
5.584749698638916016e+00
5.782356262207031250e+00
5.575263977050781250e+00
5.695597648620605469e+00
5.585504531860351562e+00
5.592556953430175781e+00
5.658826828002929688e+00
5.662394523620605469e+00
5.546998977661132812e+00
5.552421092987060547e+00
5.756733894348144531e+00
5.713745117187500000e+00
5.522173881530761719e+00
5.537164688110351562e+00
5.640628814697265625e+00
5.589261531829833984e+00
5.691536426544189453e+00
5.522139549255371094e+00
6.097009181976318359e+00
5.544428825378417969e+00
5.589579105377197266e+00
5.564541339874267578e+00
5.533226490020751953e+00
5.654150009155273438e+00
5.483118534088134766e+00
5.539349079132080078e+00
5.843200683593750000e+00
5.538355827331542969e+00
5.569524288177490234e+00
5.573729038238525391e+00
5.780895233154296875e+00
5.531906127929687500e+00
5.572086811065673828e+00
5.561430931091308594e+00
5.817341327667236328e+00
5.900618553161621094e+00
5.533492565155029297e+00
5.555129528045654297e+00
5.602378845214843750e+00
5.545899391174316406e+00
5.654347419738769531e+00
5.564601421356201172e+00
5.539696693420410156e+00
5.533129692077636719e+00
5.476411342620849609e+00
5.599213600158691406e+00
5.502721786499023438e+00
5.534859657287597656e+00
5.520974636077880859e+00
5.833136081695556641e+00
5.470735073089599609e+00
5.525412082672119141e+00
5.589987754821777344e+00
5.558245182037353516e+00
5.554155826568603516e+00
5.519460678100585938e+00
5.530107498168945312e+00
5.461845874786376953e+00
5.506204128265380859e+00
5.517307281494140625e+00
5.700775146484375000e+00
5.491974353790283203e+00
5.619635581970214844e+00
5.510862350463867188e+00
5.419526576995849609e+00
5.507886409759521484e+00
5.552318096160888672e+00
5.472283840179443359e+00
5.576757907867431641e+00
5.494223594665527344e+00
5.630917549133300781e+00
5.504468441009521484e+00
5.572052001953125000e+00
5.559673786163330078e+00
5.460468292236328125e+00
5.521561145782470703e+00
5.582025051116943359e+00
5.445534229278564453e+00
5.646820068359375000e+00
5.625218391418457031e+00
5.698182106018066406e+00
5.487198829650878906e+00
5.480267047882080078e+00
5.655542850494384766e+00
5.657908439636230469e+00
5.462984561920166016e+00
6.021525382995605469e+00
5.495865345001220703e+00
5.608203887939453125e+00
5.787404060363769531e+00
5.569539070129394531e+00
5.490680217742919922e+00
5.514430999755859375e+00
5.518495559692382812e+00
5.512234210968017578e+00
5.445256233215332031e+00
5.502460479736328125e+00
5.574385643005371094e+00
5.454137802124023438e+00
5.475534915924072266e+00
5.562704563140869141e+00
5.589766502380371094e+00
5.511791706085205078e+00
5.552334785461425781e+00
5.558467388153076172e+00
5.490509986877441406e+00
5.583374023437500000e+00
5.489628314971923828e+00
5.447624683380126953e+00
5.435909271240234375e+00
5.581334590911865234e+00
5.562335014343261719e+00
5.596685886383056641e+00
5.611453056335449219e+00
5.481962680816650391e+00
5.635497093200683594e+00
5.450969696044921875e+00
5.531721591949462891e+00
5.446556091308593750e+00
5.740736007690429688e+00
5.549056053161621094e+00
5.490173339843750000e+00
5.402977466583251953e+00
5.556733608245849609e+00
5.537359714508056641e+00
5.479341983795166016e+00
5.558166980743408203e+00
5.461900234222412109e+00
5.418443202972412109e+00
5.514131546020507812e+00
5.524570941925048828e+00
5.420340538024902344e+00
5.509251117706298828e+00
5.470716476440429688e+00
5.506060123443603516e+00
5.454838752746582031e+00
5.479530811309814453e+00
5.418025016784667969e+00
5.462223529815673828e+00
5.745121002197265625e+00
5.602486133575439453e+00
5.671317100524902344e+00
5.420030593872070312e+00
5.462797164916992188e+00
5.443991184234619141e+00
5.442790985107421875e+00
5.519871234893798828e+00
5.488925933837890625e+00
5.634179115295410156e+00
5.472393989562988281e+00
5.455312728881835938e+00
5.386311531066894531e+00
5.397713661193847656e+00
5.550098896026611328e+00
5.570701599121093750e+00
5.441615104675292969e+00
5.484095573425292969e+00
5.553328037261962891e+00
5.824394702911376953e+00
5.526263236999511719e+00
5.405712127685546875e+00
5.653166770935058594e+00
5.456239700317382812e+00
5.436741352081298828e+00
5.482294559478759766e+00
5.471795558929443359e+00
5.553126811981201172e+00
5.461803436279296875e+00
5.580997467041015625e+00
5.545471191406250000e+00
5.448499202728271484e+00
5.486255168914794922e+00
5.460047721862792969e+00
5.522303581237792969e+00
5.462778568267822266e+00
5.470216751098632812e+00
5.496985912322998047e+00
5.499764919281005859e+00
5.477177619934082031e+00
5.388405323028564453e+00
5.513172626495361328e+00
5.376889228820800781e+00
5.581192016601562500e+00
5.529784202575683594e+00
5.431211471557617188e+00
5.378196239471435547e+00
5.418530464172363281e+00
5.422122955322265625e+00
5.440348625183105469e+00
5.475141525268554688e+00
5.733968257904052734e+00
5.504812240600585938e+00
5.534963607788085938e+00
5.399639129638671875e+00
5.393073558807373047e+00
5.646059036254882812e+00
5.501501083374023438e+00
5.396100521087646484e+00
5.580071449279785156e+00
5.408163547515869141e+00
5.529777526855468750e+00
5.400888919830322266e+00
5.554747581481933594e+00
5.546474933624267578e+00
5.397030353546142578e+00
5.370839118957519531e+00
5.426854610443115234e+00
5.342023372650146484e+00
5.392979145050048828e+00
5.566994667053222656e+00
5.437323570251464844e+00
5.520728588104248047e+00
5.513875007629394531e+00
5.727856636047363281e+00
5.533629417419433594e+00
5.429428100585937500e+00
5.438219547271728516e+00
5.440855979919433594e+00
5.488848686218261719e+00
5.485333919525146484e+00
5.380547523498535156e+00
5.426295280456542969e+00
5.388478279113769531e+00
5.454595565795898438e+00
5.493012428283691406e+00
5.594102382659912109e+00
5.482540607452392578e+00
5.474826335906982422e+00
5.429820060729980469e+00
5.470457077026367188e+00
5.445392131805419922e+00
5.462754249572753906e+00
5.352536201477050781e+00
5.399026870727539062e+00
5.679327011108398438e+00
5.601011276245117188e+00
5.390697479248046875e+00
5.598569869995117188e+00
5.429520130157470703e+00
5.429453372955322266e+00
5.464323043823242188e+00
5.425196170806884766e+00
5.503685951232910156e+00
5.558764457702636719e+00
5.492581367492675781e+00
5.507597923278808594e+00
5.524149894714355469e+00
5.471268653869628906e+00
5.406265735626220703e+00
5.623741149902343750e+00
5.484498977661132812e+00
5.536279678344726562e+00
5.384279251098632812e+00
5.449267864227294922e+00
5.397133827209472656e+00
5.641839981079101562e+00
5.490690708160400391e+00
5.448135852813720703e+00
5.443556308746337891e+00
5.680068969726562500e+00
5.414800167083740234e+00
5.445972442626953125e+00
5.452444553375244141e+00
5.480160236358642578e+00
5.387308597564697266e+00
5.409248352050781250e+00
5.496143817901611328e+00
5.462841510772705078e+00
5.466621875762939453e+00
5.594044685363769531e+00
5.514791011810302734e+00
5.477016925811767578e+00
5.414248466491699219e+00
5.622357368469238281e+00
5.374107360839843750e+00
5.494345664978027344e+00
5.464287281036376953e+00
5.388586997985839844e+00
5.421171665191650391e+00
5.463956832885742188e+00
5.456968784332275391e+00
5.392859458923339844e+00
5.414310455322265625e+00
5.558720588684082031e+00
5.441374778747558594e+00
5.410983562469482422e+00
5.472542762756347656e+00
5.448632717132568359e+00
5.393218517303466797e+00
5.583090782165527344e+00
5.401747703552246094e+00
5.514584541320800781e+00
5.403131484985351562e+00
5.457493305206298828e+00
5.411078929901123047e+00
5.374405860900878906e+00
5.391399383544921875e+00
5.386186599731445312e+00
5.880520343780517578e+00
5.411612510681152344e+00
5.496174335479736328e+00
5.393121719360351562e+00
5.542759895324707031e+00
5.479158878326416016e+00
5.579966545104980469e+00
5.391166210174560547e+00
5.431391716003417969e+00
5.460655212402343750e+00
5.419160366058349609e+00
5.406191825866699219e+00
5.414654731750488281e+00
5.413825511932373047e+00
5.389047622680664062e+00
5.361579895019531250e+00
5.413255691528320312e+00
5.425232887268066406e+00
5.411942958831787109e+00
5.408023834228515625e+00
5.384330749511718750e+00
5.385086059570312500e+00
5.485281944274902344e+00
5.419746875762939453e+00
5.501493930816650391e+00
5.443556785583496094e+00
5.411755561828613281e+00
5.496796131134033203e+00
5.423508167266845703e+00
5.387352943420410156e+00
5.397739410400390625e+00
5.413569450378417969e+00
5.488318443298339844e+00
5.557688236236572266e+00
5.423708438873291016e+00
5.447479248046875000e+00
5.337038040161132812e+00
5.619491577148437500e+00
5.385231018066406250e+00
5.622776985168457031e+00
5.468378543853759766e+00
5.392265796661376953e+00
5.520383834838867188e+00
5.363546848297119141e+00
5.456609249114990234e+00
5.500363349914550781e+00
5.502240657806396484e+00
5.463575363159179688e+00
5.389590740203857422e+00
5.419700622558593750e+00
5.415366649627685547e+00
5.423163414001464844e+00
5.486395835876464844e+00
5.372025489807128906e+00
5.464550971984863281e+00
5.664895057678222656e+00
5.529448986053466797e+00
5.412676811218261719e+00
5.417068958282470703e+00
5.371236801147460938e+00
5.529887199401855469e+00
5.468960762023925781e+00
5.429780960083007812e+00
5.395531654357910156e+00
5.437231063842773438e+00
5.538155078887939453e+00
5.433522224426269531e+00
5.409100055694580078e+00
5.429178237915039062e+00
5.482037067413330078e+00
5.352616310119628906e+00
5.331726074218750000e+00
5.551299571990966797e+00
5.423233985900878906e+00
5.397877693176269531e+00
5.398315906524658203e+00
5.427712917327880859e+00
5.408531188964843750e+00
5.423437595367431641e+00
5.371221065521240234e+00
5.468824863433837891e+00
5.441174983978271484e+00
5.463067054748535156e+00
5.607131958007812500e+00
5.367898941040039062e+00
5.343107223510742188e+00
5.601398944854736328e+00
5.415087223052978516e+00
5.382772445678710938e+00
5.409917354583740234e+00
5.472778320312500000e+00
5.318128585815429688e+00
5.376181125640869141e+00
5.384731292724609375e+00
5.331413745880126953e+00
5.381217002868652344e+00
5.367971420288085938e+00
5.345420360565185547e+00
5.408290863037109375e+00
5.369041442871093750e+00
5.422169685363769531e+00
5.636838912963867188e+00
5.474191665649414062e+00
5.406589984893798828e+00
5.581565856933593750e+00
5.356936454772949219e+00
5.363894939422607422e+00
5.312229156494140625e+00
5.414454936981201172e+00
5.479055404663085938e+00
5.323995590209960938e+00
5.378118038177490234e+00
5.422868728637695312e+00
5.386559963226318359e+00
5.442796707153320312e+00
5.448596000671386719e+00
5.492829799652099609e+00
5.479243278503417969e+00
5.440393447875976562e+00
5.407275676727294922e+00
5.408812522888183594e+00
5.381696224212646484e+00
5.375546455383300781e+00
5.366001129150390625e+00
5.377013683319091797e+00
5.389614105224609375e+00
5.392049312591552734e+00
5.347448348999023438e+00
5.525491714477539062e+00
5.554046154022216797e+00
5.404984474182128906e+00
5.476305007934570312e+00
5.500154972076416016e+00
5.409358024597167969e+00
5.432545661926269531e+00
5.388740062713623047e+00
5.430102348327636719e+00
5.343322277069091797e+00
5.370825767517089844e+00
5.559909343719482422e+00
5.387080192565917969e+00
5.514150619506835938e+00
5.441893577575683594e+00
5.404111862182617188e+00
5.329743385314941406e+00
5.438719272613525391e+00
5.337297916412353516e+00
5.382988929748535156e+00
5.350603580474853516e+00
5.358543872833251953e+00
5.405107975006103516e+00
5.485342025756835938e+00
5.406094551086425781e+00
5.405568122863769531e+00
5.365434646606445312e+00
5.415047645568847656e+00
5.392254829406738281e+00
5.370356082916259766e+00
5.340160846710205078e+00
5.598319053649902344e+00
5.540249824523925781e+00
5.609876155853271484e+00
5.417630672454833984e+00
5.341610431671142578e+00
5.376311779022216797e+00
5.411450862884521484e+00
5.519520759582519531e+00
5.436436176300048828e+00
5.463030815124511719e+00
5.428087234497070312e+00
5.422244071960449219e+00
5.402210235595703125e+00
5.393809795379638672e+00
5.374614238739013672e+00
5.571761131286621094e+00
5.344583034515380859e+00
5.447134971618652344e+00
5.390058994293212891e+00
5.382016181945800781e+00
5.501001834869384766e+00
5.592246532440185547e+00
5.306593894958496094e+00
5.441572189331054688e+00
5.361039161682128906e+00
5.434848308563232422e+00
5.416911125183105469e+00
5.383811473846435547e+00
5.450627326965332031e+00
5.413470268249511719e+00
5.410714149475097656e+00
5.382805824279785156e+00
5.360501289367675781e+00
5.394098758697509766e+00
5.490122318267822266e+00
5.391793727874755859e+00
5.390209674835205078e+00
5.354291915893554688e+00
5.426571369171142578e+00
5.406834602355957031e+00
5.475252151489257812e+00
5.299707889556884766e+00
5.381287097930908203e+00
5.383164405822753906e+00
5.416979789733886719e+00
5.374291419982910156e+00
5.364771842956542969e+00
5.380456924438476562e+00
5.405792713165283203e+00
5.375437736511230469e+00
5.436421871185302734e+00
5.328489303588867188e+00
5.445652008056640625e+00
5.442849636077880859e+00
5.382338523864746094e+00
5.405060768127441406e+00
5.383852005004882812e+00
5.411140918731689453e+00
5.418138027191162109e+00
5.334828853607177734e+00
5.471260070800781250e+00
5.422667503356933594e+00
5.379127979278564453e+00
5.437252044677734375e+00
5.536366462707519531e+00
5.390269756317138672e+00
5.479403495788574219e+00
5.620500564575195312e+00
5.374211788177490234e+00
5.369808197021484375e+00
5.441636562347412109e+00
5.429790973663330078e+00
5.336279392242431641e+00
5.396701812744140625e+00
5.343671798706054688e+00
5.513365268707275391e+00
5.447221279144287109e+00
5.395927429199218750e+00
5.382265567779541016e+00
5.472239017486572266e+00
5.344786643981933594e+00
5.335176944732666016e+00
5.440319061279296875e+00
5.361661911010742188e+00
5.376250267028808594e+00
5.507625579833984375e+00
5.747309684753417969e+00
5.587276458740234375e+00
5.399521350860595703e+00
5.462957859039306641e+00
5.375649452209472656e+00
5.442587852478027344e+00
5.402663230895996094e+00
5.355152130126953125e+00
5.456064224243164062e+00
5.416387081146240234e+00
5.383056163787841797e+00
5.420860290527343750e+00
5.399648666381835938e+00
5.408946990966796875e+00
5.422006607055664062e+00
5.446340560913085938e+00
5.391341209411621094e+00
5.365269660949707031e+00
5.340923309326171875e+00
5.358254909515380859e+00
5.516523361206054688e+00
5.306567192077636719e+00
5.569398880004882812e+00
5.416666030883789062e+00
5.404075622558593750e+00
5.430728435516357422e+00
5.354358673095703125e+00
5.362840652465820312e+00
5.352835178375244141e+00
5.348284244537353516e+00
5.511511325836181641e+00
5.386847496032714844e+00
5.374631404876708984e+00
5.380188465118408203e+00
5.340888977050781250e+00
5.430198669433593750e+00
5.335275650024414062e+00
5.335009098052978516e+00
5.431246280670166016e+00
5.563281536102294922e+00
5.514126777648925781e+00
5.352553844451904297e+00
5.350972175598144531e+00
5.399147510528564453e+00
5.320909976959228516e+00
5.491072654724121094e+00
5.383611679077148438e+00
5.345070838928222656e+00
5.411193847656250000e+00
5.475480079650878906e+00
5.444668292999267578e+00
5.362069129943847656e+00
5.368301391601562500e+00
5.349382400512695312e+00
5.494452476501464844e+00
5.423307418823242188e+00
5.425510406494140625e+00
5.305178642272949219e+00
5.489223480224609375e+00
5.318966388702392578e+00
5.372845649719238281e+00
5.359666824340820312e+00
5.402216911315917969e+00
5.404910087585449219e+00
5.329186439514160156e+00
5.458670616149902344e+00
5.390439987182617188e+00
5.452072143554687500e+00
5.416700839996337891e+00
5.588867187500000000e+00
5.416795730590820312e+00
5.382728576660156250e+00
5.352346420288085938e+00
5.327389240264892578e+00
5.435183048248291016e+00
5.319137573242187500e+00
5.329162597656250000e+00
5.398847579956054688e+00
5.321276664733886719e+00
5.602857112884521484e+00
5.310664653778076172e+00
5.488407135009765625e+00
5.391400337219238281e+00
5.402754783630371094e+00
5.389952182769775391e+00
5.364628314971923828e+00
5.365775108337402344e+00
5.361406803131103516e+00
5.451838970184326172e+00
5.515069007873535156e+00
5.403234958648681641e+00
5.426657199859619141e+00
5.572746276855468750e+00
5.406147003173828125e+00
5.413901329040527344e+00
5.466236591339111328e+00
5.382469177246093750e+00
5.345545291900634766e+00
5.438838005065917969e+00
5.448724746704101562e+00
5.595950126647949219e+00
5.429058074951171875e+00
5.580691814422607422e+00
5.401209831237792969e+00
5.623149394989013672e+00
5.367911338806152344e+00
5.357558250427246094e+00
5.314951896667480469e+00
5.465077400207519531e+00
5.452874660491943359e+00
5.537115097045898438e+00
5.382644176483154297e+00
5.360622406005859375e+00
5.403676509857177734e+00
5.357209682464599609e+00
5.414760589599609375e+00
5.362366199493408203e+00
5.356321334838867188e+00
5.368066310882568359e+00
5.355818748474121094e+00
5.334228992462158203e+00
5.429527282714843750e+00
5.376895427703857422e+00
5.419703960418701172e+00
5.456079959869384766e+00
5.376856803894042969e+00
5.311916351318359375e+00
5.423580169677734375e+00
5.363116264343261719e+00
5.387952327728271484e+00
5.393732547760009766e+00
5.587433815002441406e+00
5.452557086944580078e+00
5.373054981231689453e+00
5.376881599426269531e+00
5.354286193847656250e+00
5.449932098388671875e+00
5.376321792602539062e+00
5.649535179138183594e+00
5.368172168731689453e+00
5.534934997558593750e+00
5.426362991333007812e+00
5.458085060119628906e+00
5.564557075500488281e+00
5.373087406158447266e+00
5.359616279602050781e+00
5.415959358215332031e+00
5.433305740356445312e+00
5.400418758392333984e+00
5.507201194763183594e+00
5.414218425750732422e+00
5.383098602294921875e+00
5.389706611633300781e+00
5.397825717926025391e+00
5.406859874725341797e+00
5.414143562316894531e+00
5.315412521362304688e+00
5.433277130126953125e+00
5.453734874725341797e+00
5.331823825836181641e+00
5.380208969116210938e+00
5.345407009124755859e+00
5.403024673461914062e+00
5.424362182617187500e+00
5.314838886260986328e+00
5.489493370056152344e+00
5.352096557617187500e+00
5.356156349182128906e+00
5.427858829498291016e+00
5.473378181457519531e+00
5.354716300964355469e+00
5.423661231994628906e+00
5.358359336853027344e+00
5.372248172760009766e+00
5.347183704376220703e+00
5.335610389709472656e+00
5.318756580352783203e+00
5.381591320037841797e+00
5.348095893859863281e+00
5.419429779052734375e+00
5.414633750915527344e+00
5.371054649353027344e+00
5.372330665588378906e+00
5.366089344024658203e+00
5.315397739410400391e+00
5.330801963806152344e+00
5.427528381347656250e+00
5.357721805572509766e+00
5.411476135253906250e+00
5.447302818298339844e+00
5.334973335266113281e+00
5.409317016601562500e+00
5.465919494628906250e+00
5.376225471496582031e+00
5.398684024810791016e+00
5.418725013732910156e+00
5.338008880615234375e+00
5.344833850860595703e+00
5.421560287475585938e+00
5.380329132080078125e+00
5.341141223907470703e+00
5.360538482666015625e+00
5.457430839538574219e+00
5.419210433959960938e+00
5.373724460601806641e+00
5.436740875244140625e+00
5.359528541564941406e+00
5.354701519012451172e+00
5.331786155700683594e+00
5.498890876770019531e+00
5.383884906768798828e+00
5.447195053100585938e+00
5.323552131652832031e+00
5.330579757690429688e+00
5.361045837402343750e+00
5.379695415496826172e+00
5.288485527038574219e+00
5.351099014282226562e+00
5.333817481994628906e+00
5.367929935455322266e+00
5.384717941284179688e+00
5.380472183227539062e+00
5.486747741699218750e+00
5.350743293762207031e+00
5.416891098022460938e+00
5.318738937377929688e+00
5.421221733093261719e+00
5.454223155975341797e+00
5.427464485168457031e+00
5.346414566040039062e+00
5.371166229248046875e+00
5.504366874694824219e+00
5.335225582122802734e+00
5.667300224304199219e+00
5.391061305999755859e+00
5.354339122772216797e+00
5.337245941162109375e+00
5.380382537841796875e+00
5.347867012023925781e+00
5.459574699401855469e+00
5.467306613922119141e+00
5.413634300231933594e+00
5.344347000122070312e+00
5.406040668487548828e+00
5.319485187530517578e+00
5.363856792449951172e+00
5.281042575836181641e+00
5.378158569335937500e+00
5.408603668212890625e+00
5.382876396179199219e+00
5.387544631958007812e+00
5.326433181762695312e+00
5.342011928558349609e+00
5.423637390136718750e+00
5.353938102722167969e+00
5.363429546356201172e+00
5.374995708465576172e+00
5.317218303680419922e+00
5.427474975585937500e+00
5.420238494873046875e+00
5.346459865570068359e+00
5.298402309417724609e+00
5.412519454956054688e+00
5.456277847290039062e+00
5.443101882934570312e+00
5.314405441284179688e+00
5.286901950836181641e+00
5.411746978759765625e+00
5.540499687194824219e+00
5.370149612426757812e+00
5.463319778442382812e+00
5.359002113342285156e+00
5.406592845916748047e+00
5.356726169586181641e+00
5.412261009216308594e+00
5.429745674133300781e+00
5.392000198364257812e+00
5.420098781585693359e+00
5.323827743530273438e+00
5.432136535644531250e+00
5.343929767608642578e+00
5.332750797271728516e+00
5.443324089050292969e+00
5.359539508819580078e+00
5.335381984710693359e+00
5.475183486938476562e+00
5.323350906372070312e+00
5.302450180053710938e+00
5.723848819732666016e+00
5.339584827423095703e+00
5.421832084655761719e+00
5.326668739318847656e+00
5.310894489288330078e+00
5.333685874938964844e+00
5.392906188964843750e+00
5.387404441833496094e+00
5.437819480895996094e+00
5.401648044586181641e+00
5.352312088012695312e+00
5.328183174133300781e+00
5.318140983581542969e+00
5.356046676635742188e+00
5.280740737915039062e+00
5.374502182006835938e+00
5.306760787963867188e+00
5.353792667388916016e+00
5.293745040893554688e+00
5.344442844390869141e+00
5.388313293457031250e+00
5.326066493988037109e+00
5.359514713287353516e+00
5.320245742797851562e+00
5.462924003601074219e+00
5.417750835418701172e+00
5.361076831817626953e+00
5.540259838104248047e+00
5.363598823547363281e+00
5.318019390106201172e+00
5.514803886413574219e+00
5.321009635925292969e+00
5.320428371429443359e+00
5.382182121276855469e+00
5.442879676818847656e+00
5.340030193328857422e+00
5.349457263946533203e+00
5.401063442230224609e+00
5.404444694519042969e+00
5.364220142364501953e+00
5.397197723388671875e+00
5.538553237915039062e+00
5.369531154632568359e+00
5.420044898986816406e+00
5.311652660369873047e+00
5.438533782958984375e+00
5.390091419219970703e+00
5.323532104492187500e+00
5.312867164611816406e+00
5.397755622863769531e+00
5.340290546417236328e+00
5.295485973358154297e+00
5.438209533691406250e+00
5.443795680999755859e+00
5.425660610198974609e+00
5.506351470947265625e+00
5.348783016204833984e+00
5.318735122680664062e+00
5.299153327941894531e+00
5.356620788574218750e+00
5.336596965789794922e+00
5.375985622406005859e+00
5.409624576568603516e+00
5.372954845428466797e+00
5.358950614929199219e+00
5.427493095397949219e+00
5.474962711334228516e+00
5.394970893859863281e+00
5.369997978210449219e+00
5.399661064147949219e+00
5.350953102111816406e+00
