6.811862945556640625e+00
6.592821598052978516e+00
6.367022991180419922e+00
6.224132537841796875e+00
6.205769062042236328e+00
6.204553604125976562e+00
6.163917064666748047e+00
6.149090766906738281e+00
6.129894733428955078e+00
6.184054374694824219e+00
6.065266132354736328e+00
6.194599628448486328e+00
6.130674839019775391e+00
6.017453193664550781e+00
6.102364063262939453e+00
6.143443107604980469e+00
6.035798072814941406e+00
6.049613475799560547e+00
6.033865451812744141e+00
5.929649829864501953e+00
5.949237823486328125e+00
6.068579673767089844e+00
5.948856830596923828e+00
6.404002189636230469e+00
6.122033119201660156e+00
6.052336692810058594e+00
5.974686622619628906e+00
6.006598949432373047e+00
5.970551490783691406e+00
6.102440357208251953e+00
5.974420547485351562e+00
5.907982826232910156e+00
5.941377162933349609e+00
5.981966018676757812e+00
5.969256877899169922e+00
5.923300266265869141e+00
5.939784049987792969e+00
5.962292671203613281e+00
5.898747444152832031e+00
5.849658012390136719e+00
5.869040966033935547e+00
6.184095859527587891e+00
5.802641868591308594e+00
5.825416564941406250e+00
5.772322654724121094e+00
5.816356658935546875e+00
5.791345596313476562e+00
5.799617767333984375e+00
5.900470256805419922e+00
6.048217773437500000e+00
5.872922897338867188e+00
5.839957237243652344e+00
5.891048908233642578e+00
5.825731277465820312e+00
5.810244083404541016e+00
5.904744148254394531e+00
5.911012649536132812e+00
5.791494846343994141e+00
5.824136734008789062e+00
5.848921775817871094e+00
5.956143856048583984e+00
5.760155200958251953e+00
5.748364448547363281e+00
5.783580303192138672e+00
5.827846527099609375e+00
5.794588565826416016e+00
5.708981513977050781e+00
5.731294631958007812e+00
5.960220813751220703e+00
6.013301849365234375e+00
5.942387580871582031e+00
5.842196941375732422e+00
5.912299633026123047e+00
5.788412570953369141e+00
5.856437683105468750e+00
5.750200271606445312e+00
5.726783752441406250e+00
5.818222999572753906e+00
5.973176002502441406e+00
5.815065860748291016e+00
5.710270404815673828e+00
5.806770801544189453e+00
5.788851261138916016e+00
5.892118453979492188e+00
5.787086486816406250e+00
5.817870140075683594e+00
5.904649734497070312e+00
5.877754211425781250e+00
5.697190284729003906e+00
5.759182929992675781e+00
5.865174293518066406e+00
5.787758827209472656e+00
5.766345500946044922e+00
5.695586204528808594e+00
5.900643348693847656e+00
5.752684593200683594e+00
5.884408950805664062e+00
5.812796592712402344e+00
5.735504627227783203e+00
5.818315029144287109e+00
5.752918720245361328e+00
5.696404457092285156e+00
5.744669437408447266e+00
5.895536422729492188e+00
5.828366756439208984e+00
5.836465835571289062e+00
5.805822372436523438e+00
5.758782386779785156e+00
5.674493312835693359e+00
5.775057315826416016e+00
5.684082984924316406e+00
5.685605049133300781e+00
5.733472824096679688e+00
5.761172771453857422e+00
5.856911182403564453e+00
5.885019302368164062e+00
5.839550495147705078e+00
5.782356739044189453e+00
5.827673435211181641e+00
5.787853717803955078e+00
5.621627330780029297e+00
5.712691307067871094e+00
5.676149368286132812e+00
5.733196258544921875e+00
5.717381477355957031e+00
5.810267448425292969e+00
5.708405494689941406e+00
5.719833374023437500e+00
5.758652687072753906e+00
5.632334709167480469e+00
5.628602981567382812e+00
5.688142299652099609e+00
5.785562992095947266e+00
5.759902477264404297e+00
5.767446994781494141e+00
5.660965919494628906e+00
5.682960510253906250e+00
5.719977378845214844e+00
5.845490932464599609e+00
5.896096706390380859e+00
5.683970451354980469e+00
5.776568412780761719e+00
5.805392742156982422e+00
5.732151985168457031e+00
5.673206329345703125e+00
5.905455112457275391e+00
5.657209396362304688e+00
5.730195999145507812e+00
5.829227924346923828e+00
5.662546634674072266e+00
5.661010742187500000e+00
5.730279922485351562e+00
5.655553817749023438e+00
5.737948417663574219e+00
5.622810840606689453e+00
5.644023895263671875e+00
5.679768562316894531e+00
5.645771026611328125e+00
5.557708740234375000e+00
5.626472473144531250e+00
5.801456928253173828e+00
5.659844398498535156e+00
5.771531105041503906e+00
5.675551891326904297e+00
5.686993598937988281e+00
5.544738769531250000e+00
5.703033924102783203e+00
5.697177410125732422e+00
5.640697956085205078e+00
5.701153278350830078e+00
5.709583759307861328e+00
5.636446475982666016e+00
5.822235584259033203e+00
5.637184143066406250e+00
5.832697391510009766e+00
5.833827018737792969e+00
5.698444366455078125e+00
5.680759429931640625e+00
5.639731407165527344e+00
5.674897193908691406e+00
5.763076305389404297e+00
5.679210662841796875e+00
5.871487140655517578e+00
5.690167427062988281e+00
5.661634445190429688e+00
5.688194274902343750e+00
5.753424644470214844e+00
5.681088447570800781e+00
5.684313774108886719e+00
5.628345489501953125e+00
5.703730583190917969e+00
5.667192935943603516e+00
5.683108329772949219e+00
5.652080535888671875e+00
5.661104202270507812e+00
5.666511058807373047e+00
5.692574501037597656e+00
5.660072326660156250e+00
5.666074752807617188e+00
5.582900047302246094e+00
5.721226215362548828e+00
5.803080558776855469e+00
5.655784606933593750e+00
5.582007408142089844e+00
5.549404621124267578e+00
5.687672138214111328e+00
5.616395950317382812e+00
5.662344455718994141e+00
5.690026283264160156e+00
5.650369167327880859e+00
5.702777862548828125e+00
5.659566879272460938e+00
5.705302715301513672e+00
5.640558719635009766e+00
5.821346282958984375e+00
5.651485443115234375e+00
5.740694046020507812e+00
5.584210395812988281e+00
5.711048126220703125e+00
5.597922325134277344e+00
5.839673042297363281e+00
5.555695533752441406e+00
5.677863597869873047e+00
5.571720123291015625e+00
5.728705883026123047e+00
5.693969249725341797e+00
5.541960716247558594e+00
5.605350017547607422e+00
5.733535766601562500e+00
5.615942955017089844e+00
5.677214622497558594e+00
5.650928497314453125e+00
5.615738868713378906e+00
5.605688095092773438e+00
5.602213859558105469e+00
5.630457878112792969e+00
5.624352455139160156e+00
5.734117031097412109e+00
5.645373344421386719e+00
5.616439819335937500e+00
5.671967506408691406e+00
5.723567485809326172e+00
5.663832664489746094e+00
5.577287673950195312e+00
5.921765327453613281e+00
5.508157730102539062e+00
5.631732940673828125e+00
5.665706634521484375e+00
5.785291671752929688e+00
5.604839801788330078e+00
5.797816276550292969e+00
5.648521423339843750e+00
5.569759845733642578e+00
5.636672019958496094e+00
5.616017341613769531e+00
5.590857982635498047e+00
5.683872222900390625e+00
5.582498550415039062e+00
5.599242687225341797e+00
5.873499393463134766e+00
5.587010383605957031e+00
5.559897422790527344e+00
5.701776504516601562e+00
5.640777111053466797e+00
5.718423843383789062e+00
5.809912681579589844e+00
5.652872085571289062e+00
5.651635169982910156e+00
5.629883289337158203e+00
5.628695487976074219e+00
5.605154991149902344e+00
5.655553817749023438e+00
5.695801734924316406e+00
5.636674404144287109e+00
5.565870285034179688e+00
5.720477581024169922e+00
5.749075889587402344e+00
5.638631820678710938e+00
5.560261249542236328e+00
5.681370735168457031e+00
5.706539154052734375e+00
5.590835571289062500e+00
5.744215011596679688e+00
5.601956844329833984e+00
5.658202648162841797e+00
5.747093200683593750e+00
5.782650947570800781e+00
5.721183300018310547e+00
5.621540069580078125e+00
5.598983287811279297e+00
5.588695049285888672e+00
5.693264961242675781e+00
5.675192356109619141e+00
5.671770572662353516e+00
5.581196784973144531e+00
5.597123146057128906e+00
5.634485244750976562e+00
5.989521026611328125e+00
5.616210937500000000e+00
5.610209941864013672e+00
5.597931861877441406e+00
5.543627262115478516e+00
5.578815460205078125e+00
5.739239692687988281e+00
5.609359741210937500e+00
5.696352958679199219e+00
5.682679653167724609e+00
5.615773677825927734e+00
5.737213611602783203e+00
5.677632331848144531e+00
5.662730216979980469e+00
5.606323242187500000e+00
5.587206840515136719e+00
5.641551017761230469e+00
5.638404846191406250e+00
5.542737007141113281e+00
5.572767734527587891e+00
5.626901626586914062e+00
5.739773750305175781e+00
5.755579471588134766e+00
5.673808097839355469e+00
5.565820217132568359e+00
5.624543666839599609e+00
5.607389450073242188e+00
5.605614185333251953e+00
5.579775810241699219e+00
5.540791511535644531e+00
5.612286567687988281e+00
5.748558998107910156e+00
5.670331954956054688e+00
5.580344200134277344e+00
5.597283840179443359e+00
5.610477447509765625e+00
5.467879295349121094e+00
5.621704578399658203e+00
5.883089065551757812e+00
5.570299148559570312e+00
5.563528060913085938e+00
5.567728519439697266e+00
5.501424789428710938e+00
5.653162002563476562e+00
5.680765628814697266e+00
5.596014976501464844e+00
5.612016677856445312e+00
5.595856666564941406e+00
5.495578765869140625e+00
5.658756256103515625e+00
5.639328002929687500e+00
5.561812877655029297e+00
5.813722610473632812e+00
5.606507301330566406e+00
5.601047515869140625e+00
5.513777732849121094e+00
5.594202518463134766e+00
5.513183593750000000e+00
5.659534931182861328e+00
5.613845348358154297e+00
5.751923561096191406e+00
5.627107620239257812e+00
5.584601402282714844e+00
5.644776821136474609e+00
5.625803947448730469e+00
5.680175781250000000e+00
5.546262741088867188e+00
5.598776340484619141e+00
5.610580921173095703e+00
5.704891681671142578e+00
5.602038860321044922e+00
5.767729759216308594e+00
5.628613471984863281e+00
5.695379257202148438e+00
5.607888221740722656e+00
5.554942607879638672e+00
5.796917915344238281e+00
5.677534580230712891e+00
5.580350399017333984e+00
5.674448490142822266e+00
5.626529216766357422e+00
5.633212089538574219e+00
5.557258605957031250e+00
5.596352100372314453e+00
5.621774196624755859e+00
5.539262771606445312e+00
5.545291423797607422e+00
5.645168304443359375e+00
5.556087493896484375e+00
5.599800109863281250e+00
5.577867031097412109e+00
5.685404300689697266e+00
5.609202384948730469e+00
5.627181053161621094e+00
5.707325935363769531e+00
5.619997024536132812e+00
5.702201366424560547e+00
5.580183982849121094e+00
5.568937301635742188e+00
5.553342819213867188e+00
5.645985603332519531e+00
5.717031955718994141e+00
5.637333393096923828e+00
5.593729496002197266e+00
5.512762069702148438e+00
5.621737480163574219e+00
5.698131084442138672e+00
5.693403244018554688e+00
5.588272094726562500e+00
5.627602577209472656e+00
5.603064537048339844e+00
5.643507480621337891e+00
5.686535835266113281e+00
5.596481323242187500e+00
5.553345680236816406e+00
5.698937416076660156e+00
5.595104217529296875e+00
5.545731544494628906e+00
5.636684894561767578e+00
5.708745002746582031e+00
5.596147060394287109e+00
5.668174266815185547e+00
5.676587581634521484e+00
5.653841018676757812e+00
5.671105384826660156e+00
5.582921028137207031e+00
5.705499172210693359e+00
5.631309986114501953e+00
5.602487564086914062e+00
5.550757408142089844e+00
5.689577579498291016e+00
5.603274345397949219e+00
5.633076667785644531e+00
5.588423728942871094e+00
5.757301330566406250e+00
5.578825473785400391e+00
5.688639640808105469e+00
5.527769088745117188e+00
5.511111736297607422e+00
5.567058563232421875e+00
5.755216121673583984e+00
5.488614559173583984e+00
5.623049736022949219e+00
5.560796260833740234e+00
5.539226055145263672e+00
5.640130519866943359e+00
5.637415409088134766e+00
5.603648185729980469e+00
5.669412136077880859e+00
5.618125438690185547e+00
5.643616199493408203e+00
5.669222354888916016e+00
5.702392578125000000e+00
5.695217132568359375e+00
5.630548000335693359e+00
5.607329368591308594e+00
5.675770759582519531e+00
5.465392589569091797e+00
5.518272399902343750e+00
5.550855636596679688e+00
5.588470458984375000e+00
5.701038360595703125e+00
5.660410404205322266e+00
5.735286712646484375e+00
5.619838714599609375e+00
5.739169120788574219e+00
5.598832607269287109e+00
5.576576709747314453e+00
5.876869678497314453e+00
5.575570583343505859e+00
5.551574707031250000e+00
5.704721927642822266e+00
5.676972389221191406e+00
5.565640449523925781e+00
5.505012512207031250e+00
5.664612770080566406e+00
5.612154960632324219e+00
5.597813606262207031e+00
5.570853233337402344e+00
5.558506965637207031e+00
5.627160549163818359e+00
5.525418281555175781e+00
5.689392566680908203e+00
5.537946701049804688e+00
5.607794761657714844e+00
5.688130378723144531e+00
5.656441688537597656e+00
5.635857105255126953e+00
5.634130477905273438e+00
5.540000915527343750e+00
5.577081680297851562e+00
5.559624671936035156e+00
5.535945892333984375e+00
5.526735305786132812e+00
5.668244361877441406e+00
5.653828144073486328e+00
5.726683139801025391e+00
5.628094196319580078e+00
5.609426975250244141e+00
5.660406112670898438e+00
5.629802703857421875e+00
5.634796142578125000e+00
5.605533599853515625e+00
5.512684345245361328e+00
5.612585067749023438e+00
5.606207847595214844e+00
5.649865627288818359e+00
5.550867557525634766e+00
5.614102840423583984e+00
5.599888801574707031e+00
5.710026264190673828e+00
5.573944568634033203e+00
5.529225349426269531e+00
5.661249160766601562e+00
5.495596885681152344e+00
5.462018966674804688e+00
5.535359382629394531e+00
5.520066261291503906e+00
5.607925415039062500e+00
5.588567733764648438e+00
5.621928215026855469e+00
5.484492301940917969e+00
5.552776813507080078e+00
5.716916561126708984e+00
5.572079181671142578e+00
5.555278301239013672e+00
5.595879554748535156e+00
5.492675781250000000e+00
5.543622970581054688e+00
5.694931507110595703e+00
5.619750022888183594e+00
5.630628585815429688e+00
5.718055725097656250e+00
5.583050251007080078e+00
5.609574317932128906e+00
5.567809104919433594e+00
5.539716720581054688e+00
5.598887920379638672e+00
5.588728904724121094e+00
5.576666831970214844e+00
5.614298343658447266e+00
5.505434989929199219e+00
5.573904037475585938e+00
5.567455291748046875e+00
5.541720867156982422e+00
5.640192031860351562e+00
5.619019508361816406e+00
5.559700012207031250e+00
5.597569465637207031e+00
5.577394485473632812e+00
5.458322048187255859e+00
5.579267024993896484e+00
5.664336204528808594e+00
5.521514892578125000e+00
5.583541870117187500e+00
5.579251766204833984e+00
5.717151641845703125e+00
5.551130294799804688e+00
5.613910198211669922e+00
5.759695053100585938e+00
5.548230171203613281e+00
5.509687423706054688e+00
5.596096992492675781e+00
5.519958496093750000e+00
5.543385982513427734e+00
5.605672359466552734e+00
5.620987892150878906e+00
5.619441032409667969e+00
5.677762985229492188e+00
5.632361412048339844e+00
5.543333053588867188e+00
5.557657241821289062e+00
5.586950778961181641e+00
5.526745796203613281e+00
5.558051109313964844e+00
5.623378276824951172e+00
5.595146179199218750e+00
5.611946582794189453e+00
5.707964897155761719e+00
5.601557731628417969e+00
5.660103797912597656e+00
5.580611228942871094e+00
5.594373703002929688e+00
5.603823184967041016e+00
5.545764923095703125e+00
5.537372112274169922e+00
5.500650405883789062e+00
5.614044666290283203e+00
5.735607147216796875e+00
5.530982494354248047e+00
5.652630805969238281e+00
5.576074600219726562e+00
5.502869129180908203e+00
5.543549537658691406e+00
5.662327289581298828e+00
5.599026679992675781e+00
5.548775672912597656e+00
5.517743587493896484e+00
5.654194355010986328e+00
5.594331741333007812e+00
5.707398414611816406e+00
5.623032093048095703e+00
5.563335895538330078e+00
5.586440086364746094e+00
5.537680625915527344e+00
5.582523345947265625e+00
5.558841705322265625e+00
5.534229755401611328e+00
5.600167274475097656e+00
5.692982673645019531e+00
5.869799613952636719e+00
5.526683807373046875e+00
5.629098892211914062e+00
5.660224914550781250e+00
5.567871570587158203e+00
5.562136173248291016e+00
5.623682022094726562e+00
5.667119979858398438e+00
5.643786430358886719e+00
5.877583026885986328e+00
5.612014293670654297e+00
5.597068309783935547e+00
5.575949668884277344e+00
5.514905929565429688e+00
5.610672473907470703e+00
5.529067516326904297e+00
5.641716957092285156e+00
5.531038284301757812e+00
5.645941734313964844e+00
5.544937610626220703e+00
5.501802444458007812e+00
5.664745807647705078e+00
5.687334060668945312e+00
5.555728912353515625e+00
5.706196308135986328e+00
5.521587371826171875e+00
5.703081607818603516e+00
5.730017185211181641e+00
5.548958778381347656e+00
5.672267913818359375e+00
5.562243461608886719e+00
5.512651920318603516e+00
5.551280975341796875e+00
5.513002395629882812e+00
5.624021053314208984e+00
5.580103397369384766e+00
5.551851272583007812e+00
5.664126396179199219e+00
5.563920974731445312e+00
5.473348617553710938e+00
5.553550243377685547e+00
5.534877777099609375e+00
5.565965175628662109e+00
5.481085777282714844e+00
5.524405956268310547e+00
5.424186229705810547e+00
5.559486389160156250e+00
5.531064510345458984e+00
5.549819469451904297e+00
5.584422111511230469e+00
5.567450046539306641e+00
5.543264389038085938e+00
5.665595531463623047e+00
5.490166664123535156e+00
5.477128505706787109e+00
5.517396926879882812e+00
5.635643959045410156e+00
5.556394577026367188e+00
5.535284996032714844e+00
5.629173278808593750e+00
5.519719123840332031e+00
5.503172397613525391e+00
5.563240051269531250e+00
5.500232219696044922e+00
5.602571964263916016e+00
5.600343227386474609e+00
5.536355018615722656e+00
5.498347759246826172e+00
5.603498935699462891e+00
5.535153865814208984e+00
5.551255702972412109e+00
5.553894042968750000e+00
5.517961502075195312e+00
5.495933532714843750e+00
5.591550827026367188e+00
5.523341178894042969e+00
5.676984786987304688e+00
5.530529499053955078e+00
5.537040233612060547e+00
5.626451492309570312e+00
5.516776084899902344e+00
5.547122955322265625e+00
5.551028251647949219e+00
5.570375442504882812e+00
5.513282299041748047e+00
5.488111495971679688e+00
5.638192653656005859e+00
5.494536876678466797e+00
5.471079826354980469e+00
5.680674552917480469e+00
5.563972949981689453e+00
5.636642456054687500e+00
5.638443946838378906e+00
5.569474697113037109e+00
5.673143386840820312e+00
5.523546695709228516e+00
5.656707286834716797e+00
5.643392086029052734e+00
5.603296756744384766e+00
5.565453052520751953e+00
5.525251388549804688e+00
5.510238647460937500e+00
5.610118389129638672e+00
5.472023487091064453e+00
5.540486335754394531e+00
5.595670700073242188e+00
5.588142395019531250e+00
5.659186840057373047e+00
5.692472457885742188e+00
5.576768875122070312e+00
5.567660331726074219e+00
5.698191642761230469e+00
5.497966766357421875e+00
5.621511459350585938e+00
5.659533500671386719e+00
5.484385490417480469e+00
5.518702983856201172e+00
5.548964500427246094e+00
5.541660785675048828e+00
5.574765682220458984e+00
5.625186920166015625e+00
5.610148906707763672e+00
5.603011608123779297e+00
5.506135940551757812e+00
5.477459907531738281e+00
5.677530288696289062e+00
5.526343822479248047e+00
5.554176807403564453e+00
5.529445171356201172e+00
5.629499912261962891e+00
5.606240272521972656e+00
5.611130714416503906e+00
5.497313499450683594e+00
5.548964977264404297e+00
5.691593647003173828e+00
5.582381248474121094e+00
5.571193218231201172e+00
5.494487285614013672e+00
5.537950038909912109e+00
5.504425048828125000e+00
5.483614921569824219e+00
5.561783790588378906e+00
5.504150390625000000e+00
5.663481712341308594e+00
5.645034790039062500e+00
5.518249034881591797e+00
5.580526351928710938e+00
5.769288539886474609e+00
5.509291648864746094e+00
5.562878608703613281e+00
5.522426128387451172e+00
5.593659400939941406e+00
5.628562927246093750e+00
5.566796779632568359e+00
5.589012622833251953e+00
5.568226814270019531e+00
5.503263950347900391e+00
5.528161525726318359e+00
5.739382743835449219e+00
5.528480529785156250e+00
5.682285785675048828e+00
5.535756111145019531e+00
5.610667228698730469e+00
5.506036281585693359e+00
5.847904205322265625e+00
5.597930908203125000e+00
5.679644584655761719e+00
5.586626529693603516e+00
5.640447616577148438e+00
5.532418727874755859e+00
5.554370880126953125e+00
5.628866195678710938e+00
5.565060615539550781e+00
5.514438152313232422e+00
5.520914077758789062e+00
5.479941844940185547e+00
5.641735076904296875e+00
5.559445858001708984e+00
5.602409839630126953e+00
5.678520202636718750e+00
5.692441940307617188e+00
5.596898078918457031e+00
5.523646354675292969e+00
5.536716938018798828e+00
5.561784744262695312e+00
5.531576156616210938e+00
5.534166336059570312e+00
5.526166915893554688e+00
5.563546657562255859e+00
5.467597007751464844e+00
5.531802654266357422e+00
5.700122833251953125e+00
5.585070610046386719e+00
5.504400730133056641e+00
5.605874061584472656e+00
5.574613094329833984e+00
5.701754093170166016e+00
5.626621246337890625e+00
5.581552982330322266e+00
5.591224670410156250e+00
5.578589916229248047e+00
5.562053680419921875e+00
5.585351943969726562e+00
5.462715625762939453e+00
5.547748088836669922e+00
5.481313228607177734e+00
5.606470584869384766e+00
5.554277896881103516e+00
5.556190967559814453e+00
5.555497169494628906e+00
5.519814491271972656e+00
5.581603050231933594e+00
5.620934963226318359e+00
5.570166587829589844e+00
5.616724014282226562e+00
5.502983093261718750e+00
5.591391563415527344e+00
5.544307231903076172e+00
5.609374046325683594e+00
5.493522644042968750e+00
5.747885704040527344e+00
5.543510437011718750e+00
5.541827201843261719e+00
5.683265686035156250e+00
5.550877094268798828e+00
5.481818199157714844e+00
5.469831943511962891e+00
5.543932914733886719e+00
5.588022232055664062e+00
5.463633537292480469e+00
5.615930557250976562e+00
5.592461585998535156e+00
5.470704078674316406e+00
5.600704193115234375e+00
5.668516159057617188e+00
5.524668693542480469e+00
5.550930976867675781e+00
5.585615634918212891e+00
5.576272487640380859e+00
5.621468544006347656e+00
5.631281852722167969e+00
5.527413845062255859e+00
5.558202743530273438e+00
5.542453289031982422e+00
5.561593055725097656e+00
5.504319190979003906e+00
5.605083465576171875e+00
5.502943038940429688e+00
5.538170337677001953e+00
5.547739982604980469e+00
5.552051544189453125e+00
5.817152023315429688e+00
5.542922496795654297e+00
5.666698455810546875e+00
5.546505451202392578e+00
5.536642551422119141e+00
5.566571235656738281e+00
5.464426040649414062e+00
5.693584918975830078e+00
5.686861515045166016e+00
5.659983158111572266e+00
5.462913036346435547e+00
5.640080451965332031e+00
5.500139713287353516e+00
5.540267467498779297e+00
5.518531322479248047e+00
5.562326908111572266e+00
5.520751476287841797e+00
5.548449993133544922e+00
5.461635112762451172e+00
5.515935897827148438e+00
5.487413406372070312e+00
5.594307899475097656e+00
5.596908569335937500e+00
5.577498435974121094e+00
5.522356033325195312e+00
5.526636123657226562e+00
5.526666164398193359e+00
5.517799854278564453e+00
5.529366493225097656e+00
5.567915439605712891e+00
5.614275455474853516e+00
5.632656097412109375e+00
5.626820087432861328e+00
5.627256870269775391e+00
5.548092365264892578e+00
5.607376575469970703e+00
5.891891956329345703e+00
5.710123538970947266e+00
5.560172557830810547e+00
5.918853759765625000e+00
5.612442016601562500e+00
5.521173477172851562e+00
5.525255203247070312e+00
5.570455074310302734e+00
5.529668331146240234e+00
5.475807189941406250e+00
5.538668632507324219e+00
5.558510303497314453e+00
5.539252281188964844e+00
5.651765346527099609e+00
5.575826644897460938e+00
5.640780448913574219e+00
5.745600223541259766e+00
5.626125335693359375e+00
5.788985252380371094e+00
5.600721359252929688e+00
5.775516986846923828e+00
5.503320693969726562e+00
5.648565292358398438e+00
5.575555324554443359e+00
5.514709949493408203e+00
5.578399658203125000e+00
5.663038253784179688e+00
5.645260810852050781e+00
5.683622360229492188e+00
5.481646537780761719e+00
5.528176307678222656e+00
5.666449546813964844e+00
5.657903671264648438e+00
5.597192764282226562e+00
5.494642257690429688e+00
5.556554317474365234e+00
5.458920955657958984e+00
5.643554687500000000e+00
5.499107360839843750e+00
5.666110038757324219e+00
5.563040256500244141e+00
5.573742389678955078e+00
5.629098892211914062e+00
5.583952426910400391e+00
5.592694282531738281e+00
5.499168395996093750e+00
5.671206951141357422e+00
5.510578632354736328e+00
5.577745437622070312e+00
5.550323486328125000e+00
5.544695854187011719e+00
5.514275550842285156e+00
5.571497917175292969e+00
5.469980239868164062e+00
5.636092185974121094e+00
5.492840290069580078e+00
5.565942764282226562e+00
5.569134712219238281e+00
5.484254837036132812e+00
5.547146797180175781e+00
5.487504959106445312e+00
5.514260292053222656e+00
5.483385562896728516e+00
5.617924213409423828e+00
5.663411617279052734e+00
5.607193946838378906e+00
5.511098861694335938e+00
5.509224414825439453e+00
5.507154464721679688e+00
5.535289287567138672e+00
5.799681186676025391e+00
5.548019409179687500e+00
5.440320014953613281e+00
5.533084392547607422e+00
5.580138206481933594e+00
5.573205471038818359e+00
