6.873750209808349609e+00
6.760764598846435547e+00
6.748953342437744141e+00
6.634740352630615234e+00
6.531113624572753906e+00
6.678742408752441406e+00
6.500017166137695312e+00
6.468196868896484375e+00
6.463602542877197266e+00
6.396972656250000000e+00
6.486405849456787109e+00
6.412959098815917969e+00
6.358249664306640625e+00
6.348729133605957031e+00
6.399861335754394531e+00
6.368275642395019531e+00
6.485100746154785156e+00
6.220373630523681641e+00
6.274763107299804688e+00
6.262977123260498047e+00
6.317613601684570312e+00
6.253062248229980469e+00
6.362815856933593750e+00
6.288874149322509766e+00
6.490573883056640625e+00
6.296607971191406250e+00
6.321552276611328125e+00
6.350617885589599609e+00
6.314553737640380859e+00
6.304906845092773438e+00
6.301967144012451172e+00
6.348614215850830078e+00
6.307113170623779297e+00
6.264092922210693359e+00
6.220413208007812500e+00
6.266016483306884766e+00
6.325955867767333984e+00
6.262312412261962891e+00
6.248186111450195312e+00
6.191044330596923828e+00
6.243000030517578125e+00
6.105206012725830078e+00
6.255725860595703125e+00
6.324884414672851562e+00
6.176970481872558594e+00
6.172377586364746094e+00
6.154144287109375000e+00
6.196578025817871094e+00
6.173286437988281250e+00
6.148235321044921875e+00
6.137318134307861328e+00
6.147753715515136719e+00
6.278887271881103516e+00
6.179691314697265625e+00
6.129811286926269531e+00
6.289638996124267578e+00
6.202310562133789062e+00
6.243977069854736328e+00
6.326019763946533203e+00
6.196896076202392578e+00
6.220366477966308594e+00
6.307159900665283203e+00
6.283612728118896484e+00
6.148213386535644531e+00
6.237011909484863281e+00
6.149831295013427734e+00
6.148670673370361328e+00
6.069517135620117188e+00
6.261507511138916016e+00
6.123437404632568359e+00
6.175515174865722656e+00
6.080220699310302734e+00
6.063592433929443359e+00
6.023228168487548828e+00
6.045924186706542969e+00
6.237545490264892578e+00
6.357787609100341797e+00
6.148020744323730469e+00
6.075005531311035156e+00
6.110727310180664062e+00
6.094749927520751953e+00
6.121158123016357422e+00
6.071087360382080078e+00
6.325502872467041016e+00
6.215741157531738281e+00
6.007517814636230469e+00
6.070795059204101562e+00
6.111567497253417969e+00
6.076037406921386719e+00
6.169203758239746094e+00
6.060794353485107422e+00
6.095577239990234375e+00
6.169342517852783203e+00
6.114564895629882812e+00
6.069188117980957031e+00
6.069110393524169922e+00
6.119494438171386719e+00
6.068318367004394531e+00
6.307883262634277344e+00
6.076395511627197266e+00
6.091924667358398438e+00
6.127797126770019531e+00
6.166446685791015625e+00
6.098831176757812500e+00
6.100830078125000000e+00
6.091927528381347656e+00
6.199019432067871094e+00
6.000565052032470703e+00
6.115808010101318359e+00
6.163651466369628906e+00
6.278713226318359375e+00
6.069921970367431641e+00
6.178930282592773438e+00
6.132781982421875000e+00
6.239871978759765625e+00
6.128288269042968750e+00
6.360107898712158203e+00
6.035024642944335938e+00
6.147133827209472656e+00
6.200197219848632812e+00
6.174969196319580078e+00
6.092656135559082031e+00
5.995869636535644531e+00
6.123139381408691406e+00
6.131596088409423828e+00
6.071057319641113281e+00
6.016271591186523438e+00
6.056578159332275391e+00
6.108283042907714844e+00
6.031030654907226562e+00
6.064027786254882812e+00
6.211369514465332031e+00
6.142765998840332031e+00
6.207114696502685547e+00
6.068397521972656250e+00
6.110220909118652344e+00
6.032024383544921875e+00
6.056786060333251953e+00
6.033519744873046875e+00
6.157246112823486328e+00
6.061128616333007812e+00
5.972417831420898438e+00
6.033727645874023438e+00
6.501036643981933594e+00
6.108616352081298828e+00
6.130708694458007812e+00
6.009840488433837891e+00
6.072216033935546875e+00
6.217660903930664062e+00
6.162568092346191406e+00
6.077934741973876953e+00
6.103107929229736328e+00
6.067454338073730469e+00
6.169600009918212891e+00
6.098683357238769531e+00
6.004291057586669922e+00
6.035756111145019531e+00
6.039520263671875000e+00
6.031144618988037109e+00
6.110058307647705078e+00
6.120328903198242188e+00
6.006344318389892578e+00
6.117865562438964844e+00
5.960850715637207031e+00
6.043933391571044922e+00
5.965909957885742188e+00
5.993342876434326172e+00
5.993794441223144531e+00
6.193709373474121094e+00
6.107682228088378906e+00
6.135191917419433594e+00
6.105221271514892578e+00
6.043144226074218750e+00
6.083099365234375000e+00
6.094937324523925781e+00
6.015856742858886719e+00
6.110681533813476562e+00
6.099817752838134766e+00
6.031999111175537109e+00
6.161708354949951172e+00
6.008197784423828125e+00
6.090845584869384766e+00
6.065646648406982422e+00
5.987133026123046875e+00
5.968708992004394531e+00
5.932899475097656250e+00
5.971385002136230469e+00
5.996555328369140625e+00
6.123535156250000000e+00
6.093661308288574219e+00
5.986549377441406250e+00
6.112008094787597656e+00
5.958327293395996094e+00
6.192708492279052734e+00
6.185504913330078125e+00
5.958358287811279297e+00
6.021900653839111328e+00
6.280189037322998047e+00
6.037130355834960938e+00
6.141691684722900391e+00
5.995692729949951172e+00
6.073604106903076172e+00
6.075448989868164062e+00
5.941034317016601562e+00
6.145959854125976562e+00
5.941987991333007812e+00
5.971667289733886719e+00
6.153750419616699219e+00
5.938170433044433594e+00
6.011029243469238281e+00
6.067368507385253906e+00
5.910779953002929688e+00
6.207716464996337891e+00
6.055773735046386719e+00
5.974054336547851562e+00
6.050211429595947266e+00
6.011750221252441406e+00
6.016288757324218750e+00
5.967160701751708984e+00
6.052360534667968750e+00
5.980929374694824219e+00
6.026313781738281250e+00
6.149151325225830078e+00
5.964742660522460938e+00
6.035862445831298828e+00
6.008103370666503906e+00
6.119490146636962891e+00
5.998129844665527344e+00
6.037590980529785156e+00
5.999325752258300781e+00
5.972959518432617188e+00
5.963364601135253906e+00
6.054290294647216797e+00
6.223832130432128906e+00
5.962785243988037109e+00
6.006613254547119141e+00
6.031121730804443359e+00
6.120853900909423828e+00
6.085907936096191406e+00
6.053801059722900391e+00
6.029885292053222656e+00
6.111742019653320312e+00
5.966615676879882812e+00
5.947205543518066406e+00
6.077583312988281250e+00
5.984553337097167969e+00
6.035894393920898438e+00
6.192781448364257812e+00
6.025516033172607422e+00
6.030056953430175781e+00
6.082612991333007812e+00
6.140644550323486328e+00
6.023589134216308594e+00
6.191897392272949219e+00
6.265440940856933594e+00
5.986873626708984375e+00
6.106162071228027344e+00
6.049930572509765625e+00
6.105957031250000000e+00
5.933793067932128906e+00
5.968991756439208984e+00
6.000942230224609375e+00
6.109651565551757812e+00
5.984993934631347656e+00
6.288738250732421875e+00
6.042953014373779297e+00
6.123454093933105469e+00
6.069940567016601562e+00
6.092862129211425781e+00
6.025280475616455078e+00
6.067772865295410156e+00
6.048414707183837891e+00
6.311949729919433594e+00
6.113620281219482422e+00
6.003153800964355469e+00
5.970821380615234375e+00
5.955870628356933594e+00
5.963635444641113281e+00
6.032446384429931641e+00
5.949777603149414062e+00
5.925544261932373047e+00
5.984944343566894531e+00
6.028617382049560547e+00
6.021653175354003906e+00
6.079758167266845703e+00
6.177725315093994141e+00
5.976126670837402344e+00
6.130216598510742188e+00
6.085725784301757812e+00
5.997555255889892578e+00
6.033032894134521484e+00
6.005874156951904297e+00
6.011241436004638672e+00
6.101545333862304688e+00
5.943256855010986328e+00
5.957315921783447266e+00
5.969581604003906250e+00
5.989695072174072266e+00
6.007424354553222656e+00
5.978051662445068359e+00
5.942252635955810547e+00
5.983698368072509766e+00
6.007394790649414062e+00
6.090602874755859375e+00
5.984317302703857422e+00
6.044345855712890625e+00
6.006807327270507812e+00
5.929393768310546875e+00
6.126939296722412109e+00
5.960148811340332031e+00
6.025299549102783203e+00
5.969500064849853516e+00
5.972984790802001953e+00
6.049538612365722656e+00
5.890453815460205078e+00
5.948822498321533203e+00
6.034080505371093750e+00
5.900902748107910156e+00
6.141516685485839844e+00
5.938776969909667969e+00
5.966720581054687500e+00
5.982625961303710938e+00
5.898498058319091797e+00
5.935967445373535156e+00
5.957740783691406250e+00
5.914033412933349609e+00
5.985928535461425781e+00
6.009583473205566406e+00
5.897270202636718750e+00
6.002858161926269531e+00
6.236630439758300781e+00
6.039932250976562500e+00
6.034053325653076172e+00
6.001616001129150391e+00
6.068541526794433594e+00
6.061247348785400391e+00
5.914476871490478516e+00
5.920512676239013672e+00
6.017307758331298828e+00
5.958358764648437500e+00
5.904293060302734375e+00
5.901911735534667969e+00
6.055335998535156250e+00
5.886643886566162109e+00
5.939946174621582031e+00
5.927905082702636719e+00
6.041255950927734375e+00
6.127124786376953125e+00
6.022028923034667969e+00
6.095260620117187500e+00
5.859778881072998047e+00
6.249732017517089844e+00
6.047786712646484375e+00
5.998299598693847656e+00
6.019598007202148438e+00
6.142666339874267578e+00
5.914326190948486328e+00
6.000111579895019531e+00
6.001978874206542969e+00
6.026548385620117188e+00
5.993886470794677734e+00
5.950442314147949219e+00
6.016263961791992188e+00
5.903312683105468750e+00
6.041254043579101562e+00
5.932598590850830078e+00
5.983572959899902344e+00
6.116931438446044922e+00
5.929192543029785156e+00
5.952028274536132812e+00
5.969838142395019531e+00
5.977684974670410156e+00
5.954798698425292969e+00
6.043635368347167969e+00
6.019853115081787109e+00
5.961248397827148438e+00
6.009075641632080078e+00
5.955007553100585938e+00
5.854793548583984375e+00
6.298926830291748047e+00
5.960422039031982422e+00
5.969739913940429688e+00
5.839515686035156250e+00
5.950040817260742188e+00
6.095621109008789062e+00
6.071823120117187500e+00
5.960595607757568359e+00
6.029839515686035156e+00
6.164195060729980469e+00
6.089627742767333984e+00
6.055968761444091797e+00
5.976463317871093750e+00
5.963307380676269531e+00
6.070165157318115234e+00
5.855727195739746094e+00
5.972148895263671875e+00
5.958916187286376953e+00
5.880381584167480469e+00
5.958734512329101562e+00
6.059072494506835938e+00
6.043459892272949219e+00
5.987347126007080078e+00
6.006897926330566406e+00
5.911291599273681641e+00
6.110521316528320312e+00
5.968682289123535156e+00
5.918925285339355469e+00
6.017256259918212891e+00
6.036140441894531250e+00
5.980020999908447266e+00
5.959015846252441406e+00
5.911149501800537109e+00
6.011237621307373047e+00
5.993983268737792969e+00
6.086130142211914062e+00
6.025290489196777344e+00
5.907874107360839844e+00
5.967354774475097656e+00
5.986872673034667969e+00
5.968808174133300781e+00
5.942589759826660156e+00
5.957400321960449219e+00
5.936010837554931641e+00
6.038147449493408203e+00
5.897034168243408203e+00
5.950736999511718750e+00
5.947906494140625000e+00
5.920094490051269531e+00
6.117761135101318359e+00
5.870630264282226562e+00
6.030696392059326172e+00
5.945224285125732422e+00
5.883591651916503906e+00
6.012739181518554688e+00
6.121578216552734375e+00
5.956472873687744141e+00
5.918108940124511719e+00
6.020868301391601562e+00
5.962981224060058594e+00
6.035453319549560547e+00
5.903153419494628906e+00
6.178071975708007812e+00
6.126554012298583984e+00
5.967063426971435547e+00
6.027968406677246094e+00
5.936312675476074219e+00
6.022616386413574219e+00
5.888402462005615234e+00
6.028485774993896484e+00
6.109528541564941406e+00
6.010863304138183594e+00
6.205833435058593750e+00
6.050601005554199219e+00
5.958962440490722656e+00
6.074147224426269531e+00
5.975471496582031250e+00
5.948801994323730469e+00
5.907968997955322266e+00
6.038919448852539062e+00
6.180006504058837891e+00
6.022710800170898438e+00
6.122740268707275391e+00
5.940025329589843750e+00
5.964865684509277344e+00
5.986521244049072266e+00
5.967408180236816406e+00
6.195013999938964844e+00
5.984515190124511719e+00
5.938472747802734375e+00
6.154650688171386719e+00
6.013961791992187500e+00
6.031909942626953125e+00
5.983971595764160156e+00
5.918906211853027344e+00
5.979516029357910156e+00
5.973992347717285156e+00
6.011823654174804688e+00
5.984619617462158203e+00
5.944907665252685547e+00
5.947322845458984375e+00
5.910408496856689453e+00
5.953644752502441406e+00
5.930481433868408203e+00
5.999344825744628906e+00
5.924885272979736328e+00
5.941444396972656250e+00
6.097887992858886719e+00
6.001450061798095703e+00
6.000391483306884766e+00
6.049180984497070312e+00
6.080346107482910156e+00
6.012950897216796875e+00
6.158815860748291016e+00
5.936414718627929688e+00
6.016271591186523438e+00
5.899865150451660156e+00
6.001324653625488281e+00
5.985632419586181641e+00
5.973591804504394531e+00
5.942936897277832031e+00
5.840420722961425781e+00
6.023295402526855469e+00
6.005018711090087891e+00
5.914462566375732422e+00
6.019826412200927734e+00
5.960693359375000000e+00
5.942682266235351562e+00
5.981248855590820312e+00
5.895899772644042969e+00
5.955315589904785156e+00
5.897434711456298828e+00
5.963487625122070312e+00
5.901637077331542969e+00
5.954817771911621094e+00
5.987735748291015625e+00
6.135233402252197266e+00
5.943890571594238281e+00
5.966697216033935547e+00
5.902157306671142578e+00
6.011728286743164062e+00
5.907722949981689453e+00
5.889511108398437500e+00
6.088832855224609375e+00
5.961760997772216797e+00
5.900665760040283203e+00
5.911026954650878906e+00
6.188743114471435547e+00
5.981419086456298828e+00
6.004083156585693359e+00
5.839604854583740234e+00
5.857965946197509766e+00
5.890830039978027344e+00
6.021899700164794922e+00
5.947382450103759766e+00
5.908917427062988281e+00
5.962215900421142578e+00
5.863065242767333984e+00
6.017803192138671875e+00
5.860696792602539062e+00
5.919659137725830078e+00
6.053009033203125000e+00
5.970587730407714844e+00
5.901330947875976562e+00
5.877976417541503906e+00
5.885663032531738281e+00
5.968220710754394531e+00
5.887798309326171875e+00
6.002905368804931641e+00
5.967233657836914062e+00
5.930393218994140625e+00
6.093145370483398438e+00
6.060440540313720703e+00
6.002845764160156250e+00
5.922986030578613281e+00
5.946471214294433594e+00
6.096351146697998047e+00
5.939160346984863281e+00
6.050248622894287109e+00
5.954822540283203125e+00
5.959442615509033203e+00
5.998475074768066406e+00
5.829330444335937500e+00
6.095012664794921875e+00
5.969142436981201172e+00
5.884891033172607422e+00
5.955494880676269531e+00
5.914818763732910156e+00
5.939312934875488281e+00
5.965641021728515625e+00
6.106678009033203125e+00
5.975509643554687500e+00
5.911536216735839844e+00
6.009296417236328125e+00
5.867904186248779297e+00
5.964228630065917969e+00
5.981841087341308594e+00
5.955520153045654297e+00
5.939928054809570312e+00
5.880873680114746094e+00
5.902215957641601562e+00
6.013430118560791016e+00
5.897028923034667969e+00
5.955782890319824219e+00
6.068179130554199219e+00
5.929286956787109375e+00
5.989998340606689453e+00
5.962750911712646484e+00
6.098210334777832031e+00
5.845461368560791016e+00
5.933586120605468750e+00
5.920535564422607422e+00
5.955096244812011719e+00
5.978870391845703125e+00
5.959552764892578125e+00
5.954162120819091797e+00
5.943776607513427734e+00
5.864996433258056641e+00
6.041978359222412109e+00
5.902825355529785156e+00
5.968352317810058594e+00
5.957161426544189453e+00
5.967721462249755859e+00
6.086068153381347656e+00
5.994737625122070312e+00
6.020523071289062500e+00
6.015556335449218750e+00
5.824480056762695312e+00
5.960986614227294922e+00
5.907300949096679688e+00
5.937147140502929688e+00
5.771038532257080078e+00
5.889476299285888672e+00
5.963473796844482422e+00
6.003562927246093750e+00
5.902639389038085938e+00
5.902610301971435547e+00
6.005803108215332031e+00
5.926465988159179688e+00
6.055603027343750000e+00
5.954852104187011719e+00
6.045733451843261719e+00
6.033570766448974609e+00
5.887304782867431641e+00
5.993731498718261719e+00
6.020501136779785156e+00
5.831515789031982422e+00
6.008841514587402344e+00
6.135326385498046875e+00
6.045899868011474609e+00
5.937118053436279297e+00
6.190967082977294922e+00
5.966070175170898438e+00
5.864530563354492188e+00
5.949357032775878906e+00
6.017974853515625000e+00
6.015109062194824219e+00
6.079239368438720703e+00
6.087680816650390625e+00
5.921277046203613281e+00
5.955820083618164062e+00
5.943891048431396484e+00
5.967926502227783203e+00
5.919246196746826172e+00
5.893114089965820312e+00
6.076311111450195312e+00
5.809421062469482422e+00
5.919799327850341797e+00
6.008520126342773438e+00
5.921442508697509766e+00
5.904504299163818359e+00
6.013964176177978516e+00
6.063993453979492188e+00
5.978469371795654297e+00
5.849883556365966797e+00
6.151941776275634766e+00
5.870083808898925781e+00
5.871750354766845703e+00
5.876146793365478516e+00
5.908097267150878906e+00
6.033796787261962891e+00
5.930971622467041016e+00
5.925551414489746094e+00
5.821933746337890625e+00
6.007312774658203125e+00
5.876967430114746094e+00
5.850784301757812500e+00
5.902892589569091797e+00
5.934070587158203125e+00
5.881767272949218750e+00
5.906071662902832031e+00
5.940443515777587891e+00
5.806946277618408203e+00
6.039530277252197266e+00
5.929758548736572266e+00
5.925203800201416016e+00
5.824452877044677734e+00
5.870084762573242188e+00
5.887326717376708984e+00
5.926558494567871094e+00
5.975015640258789062e+00
6.035791397094726562e+00
5.858917713165283203e+00
5.889338016510009766e+00
5.928149700164794922e+00
5.951992988586425781e+00
5.846477508544921875e+00
5.970032215118408203e+00
5.909304618835449219e+00
5.871294021606445312e+00
5.963856220245361328e+00
5.956007957458496094e+00
5.949331283569335938e+00
5.973907947540283203e+00
5.908501625061035156e+00
5.923583984375000000e+00
5.877386093139648438e+00
5.856958389282226562e+00
5.955005645751953125e+00
5.830197334289550781e+00
5.921413421630859375e+00
6.026459217071533203e+00
5.809305191040039062e+00
5.870221138000488281e+00
5.954716205596923828e+00
5.886660099029541016e+00
6.052272319793701172e+00
5.975661754608154297e+00
6.101401805877685547e+00
5.825397491455078125e+00
5.897988319396972656e+00
5.912208080291748047e+00
5.823038101196289062e+00
5.959987163543701172e+00
5.835200309753417969e+00
6.096403598785400391e+00
5.913118362426757812e+00
5.967903137207031250e+00
5.943595886230468750e+00
6.032919883728027344e+00
5.961913585662841797e+00
5.881510734558105469e+00
5.795892715454101562e+00
5.984352588653564453e+00
6.006740570068359375e+00
6.056140422821044922e+00
5.880805492401123047e+00
6.052296161651611328e+00
5.977835655212402344e+00
5.849448680877685547e+00
5.895845890045166016e+00
5.925404071807861328e+00
5.905638694763183594e+00
5.845847129821777344e+00
6.076902389526367188e+00
5.903555393218994141e+00
6.019512176513671875e+00
5.821668624877929688e+00
5.950549125671386719e+00
5.979846000671386719e+00
5.866049766540527344e+00
6.085442543029785156e+00
5.818409919738769531e+00
5.982101440429687500e+00
5.823079109191894531e+00
5.954206466674804688e+00
5.894343852996826172e+00
6.033401489257812500e+00
5.825720787048339844e+00
5.835186004638671875e+00
5.954665184020996094e+00
5.926820278167724609e+00
6.011655330657958984e+00
5.949488162994384766e+00
6.060626029968261719e+00
6.020325183868408203e+00
6.018776893615722656e+00
5.961199760437011719e+00
5.929998397827148438e+00
6.022499561309814453e+00
5.914116382598876953e+00
5.833416938781738281e+00
5.977296829223632812e+00
5.893858432769775391e+00
5.894635200500488281e+00
5.886574268341064453e+00
6.036793231964111328e+00
5.900833129882812500e+00
5.951296806335449219e+00
6.146806240081787109e+00
5.887404441833496094e+00
6.002581596374511719e+00
5.948588371276855469e+00
5.942666530609130859e+00
5.985362529754638672e+00
5.933119773864746094e+00
5.912498950958251953e+00
5.891219139099121094e+00
5.999465942382812500e+00
5.884272575378417969e+00
6.051607131958007812e+00
5.850583553314208984e+00
6.051805019378662109e+00
6.011497020721435547e+00
6.019859790802001953e+00
5.883342742919921875e+00
5.916005134582519531e+00
5.883615493774414062e+00
5.876825332641601562e+00
6.078729152679443359e+00
5.862252235412597656e+00
5.920092105865478516e+00
5.976288318634033203e+00
5.826951026916503906e+00
6.223872661590576172e+00
5.873515605926513672e+00
5.819638252258300781e+00
5.951776504516601562e+00
5.844991683959960938e+00
5.944314956665039062e+00
5.897434711456298828e+00
5.936827182769775391e+00
5.837896347045898438e+00
6.022521018981933594e+00
5.965819835662841797e+00
5.888465404510498047e+00
5.886698722839355469e+00
5.790561676025390625e+00
5.929226875305175781e+00
6.015338897705078125e+00
6.091354370117187500e+00
5.924903392791748047e+00
5.896964073181152344e+00
5.942330360412597656e+00
5.821855068206787109e+00
5.872428894042968750e+00
5.860958576202392578e+00
5.909102439880371094e+00
5.994856357574462891e+00
5.983271598815917969e+00
5.952809333801269531e+00
6.038883686065673828e+00
5.924809455871582031e+00
5.776689052581787109e+00
5.863595485687255859e+00
5.942244052886962891e+00
5.845158100128173828e+00
5.923264503479003906e+00
5.910353660583496094e+00
5.871537208557128906e+00
5.926785469055175781e+00
6.142498970031738281e+00
5.853481769561767578e+00
5.936968326568603516e+00
5.956672191619873047e+00
6.002173900604248047e+00
5.949550151824951172e+00
5.882413864135742188e+00
5.878596782684326172e+00
5.846370697021484375e+00
5.881500720977783203e+00
5.932848453521728516e+00
5.851587772369384766e+00
5.930997371673583984e+00
5.934072971343994141e+00
5.909096717834472656e+00
5.903372287750244141e+00
5.836403369903564453e+00
5.991441726684570312e+00
5.873079776763916016e+00
5.928199768066406250e+00
6.057244300842285156e+00
5.909037113189697266e+00
5.941506385803222656e+00
5.862665176391601562e+00
5.941302299499511719e+00
5.952436447143554688e+00
5.879428386688232422e+00
5.874533653259277344e+00
6.028122901916503906e+00
5.895130157470703125e+00
5.960222721099853516e+00
5.932537555694580078e+00
5.924240112304687500e+00
5.876749515533447266e+00
5.942075252532958984e+00
5.925419807434082031e+00
6.174113750457763672e+00
5.900097846984863281e+00
5.978909492492675781e+00
5.850448131561279297e+00
5.919288635253906250e+00
5.938966751098632812e+00
5.761733055114746094e+00
6.084534168243408203e+00
5.907011508941650391e+00
5.968764305114746094e+00
5.924644470214843750e+00
5.880949020385742188e+00
5.998085021972656250e+00
5.881779193878173828e+00
5.840449333190917969e+00
5.889626026153564453e+00
5.824948787689208984e+00
5.888520240783691406e+00
5.897891521453857422e+00
5.959418296813964844e+00
5.884727001190185547e+00
5.923578739166259766e+00
5.797177791595458984e+00
5.973080635070800781e+00
5.857388496398925781e+00
5.879570484161376953e+00
5.813360214233398438e+00
5.921574592590332031e+00
5.956259250640869141e+00
5.815111160278320312e+00
6.029300212860107422e+00
5.946533203125000000e+00
5.958910942077636719e+00
5.990576744079589844e+00
5.944080829620361328e+00
5.963364601135253906e+00
5.890120029449462891e+00
5.800394058227539062e+00
6.004643440246582031e+00
5.830547332763671875e+00
5.826267242431640625e+00
6.073896408081054688e+00
6.030774593353271484e+00
5.996967315673828125e+00
5.881547451019287109e+00
5.845998764038085938e+00
5.903900146484375000e+00
5.936975479125976562e+00
6.008125305175781250e+00
5.957538604736328125e+00
5.942041397094726562e+00
5.819410324096679688e+00
5.837456703186035156e+00
5.890856742858886719e+00
5.891583919525146484e+00
5.860239982604980469e+00
5.888460159301757812e+00
6.111414432525634766e+00
5.831978797912597656e+00
5.882495403289794922e+00
5.883456707000732422e+00
5.903404235839843750e+00
6.000820636749267578e+00
5.871778011322021484e+00
5.895106315612792969e+00
5.898697853088378906e+00
6.025447368621826172e+00
5.852589607238769531e+00
5.942416191101074219e+00
5.955036640167236328e+00
5.846973419189453125e+00
5.971453189849853516e+00
5.916066169738769531e+00
5.866911411285400391e+00
5.951640129089355469e+00
5.909641265869140625e+00
5.942734241485595703e+00
5.861652851104736328e+00
5.873826980590820312e+00
6.008543491363525391e+00
6.133186340332031250e+00
5.908926010131835938e+00
6.005110740661621094e+00
6.175709724426269531e+00
5.885941505432128906e+00
6.053555488586425781e+00
5.932746887207031250e+00
5.905769824981689453e+00
5.858159065246582031e+00
5.898981094360351562e+00
5.908618927001953125e+00
5.855371952056884766e+00
5.830193519592285156e+00
5.826752662658691406e+00
5.739748001098632812e+00
5.840998649597167969e+00
5.806311130523681641e+00
5.922079563140869141e+00
5.961606502532958984e+00
5.940428733825683594e+00
5.819092750549316406e+00
6.004205226898193359e+00
5.882049083709716797e+00
6.002336978912353516e+00
