1.591022644042968750e+02
1.469339599609375000e+02
1.422025909423828125e+02
1.406487884521484375e+02
1.383728485107421875e+02
1.379660797119140625e+02
1.368580322265625000e+02
1.363155670166015625e+02
1.359138183593750000e+02
1.354827270507812500e+02
1.351765747070312500e+02
1.349696350097656250e+02
1.346619567871093750e+02
1.345586853027343750e+02
1.341753540039062500e+02
1.339729003906250000e+02
1.338652954101562500e+02
1.335663452148437500e+02
1.336645660400390625e+02
1.335309143066406250e+02
1.332986450195312500e+02
1.331544799804687500e+02
1.331427917480468750e+02
1.328262939453125000e+02
1.327041778564453125e+02
1.324070892333984375e+02
1.321979064941406250e+02
1.317552795410156250e+02
1.318207092285156250e+02
1.314132995605468750e+02
1.309245910644531250e+02
1.306592102050781250e+02
1.301773529052734375e+02
1.305296020507812500e+02
1.304637298583984375e+02
1.303369140625000000e+02
1.296401062011718750e+02
1.293530883789062500e+02
1.296278076171875000e+02
1.293319396972656250e+02
1.286847381591796875e+02
1.289963073730468750e+02
1.284299316406250000e+02
1.287763366699218750e+02
1.283517913818359375e+02
1.283599090576171875e+02
1.281888885498046875e+02
1.274035949707031250e+02
1.273760147094726562e+02
1.280356903076171875e+02
1.277317428588867188e+02
1.277864913940429688e+02
1.274304046630859375e+02
1.271007843017578125e+02
1.271523132324218750e+02
1.269624023437500000e+02
1.266781463623046875e+02
1.265941772460937500e+02
1.269772644042968750e+02
1.267202224731445312e+02
1.269649505615234375e+02
1.263029098510742188e+02
1.270067901611328125e+02
1.264395904541015625e+02
1.261874008178710938e+02
1.264391326904296875e+02
1.263440704345703125e+02
1.255498657226562500e+02
1.257503509521484375e+02
1.257563171386718750e+02
1.257613601684570312e+02
1.254756622314453125e+02
1.250221710205078125e+02
1.254457702636718750e+02
1.258550872802734375e+02
1.253962860107421875e+02
1.259592742919921875e+02
1.251337585449218750e+02
1.247269897460937500e+02
1.254076080322265625e+02
1.250502624511718750e+02
1.246210632324218750e+02
1.251724624633789062e+02
1.250626220703125000e+02
1.252972412109375000e+02
1.247594757080078125e+02
1.249477310180664062e+02
1.247430038452148438e+02
1.236852722167968750e+02
1.247814788818359375e+02
1.250516052246093750e+02
1.248480072021484375e+02
1.245520248413085938e+02
1.245202636718750000e+02
1.243514862060546875e+02
1.241543731689453125e+02
1.236878051757812500e+02
1.241952056884765625e+02
1.239095916748046875e+02
1.247242584228515625e+02
1.236486434936523438e+02
1.240712661743164062e+02
1.243570404052734375e+02
1.238270416259765625e+02
1.236950836181640625e+02
1.239227752685546875e+02
1.240474929809570312e+02
1.238667297363281250e+02
1.240266113281250000e+02
1.236500091552734375e+02
1.241227264404296875e+02
1.236165008544921875e+02
1.237490692138671875e+02
1.236865234375000000e+02
1.235217895507812500e+02
1.231749114990234375e+02
1.238346633911132812e+02
1.233493041992187500e+02
1.232918701171875000e+02
1.232116546630859375e+02
1.232111358642578125e+02
1.231522064208984375e+02
1.233780212402343750e+02
1.226438446044921875e+02
1.228425064086914062e+02
1.231779327392578125e+02
1.231182403564453125e+02
1.232086791992187500e+02
1.235048675537109375e+02
1.227703552246093750e+02
1.228489532470703125e+02
1.230856323242187500e+02
1.229438934326171875e+02
1.223448104858398438e+02
1.227636108398437500e+02
1.226653823852539062e+02
1.230451812744140625e+02
1.230825195312500000e+02
1.222139358520507812e+02
1.221701354980468750e+02
1.226422805786132812e+02
1.222745666503906250e+02
1.230735473632812500e+02
1.225738677978515625e+02
1.219373779296875000e+02
1.216201019287109375e+02
1.217331542968750000e+02
1.228788604736328125e+02
1.216701507568359375e+02
1.224673004150390625e+02
1.223934936523437500e+02
1.231119537353515625e+02
1.221473083496093750e+02
1.218737564086914062e+02
1.224731445312500000e+02
1.221034011840820312e+02
1.214648895263671875e+02
1.215179519653320312e+02
1.222985839843750000e+02
1.220275878906250000e+02
1.218583221435546875e+02
1.220362625122070312e+02
1.212555007934570312e+02
1.212860565185546875e+02
1.221779632568359375e+02
1.215751190185546875e+02
1.222069244384765625e+02
1.216120605468750000e+02
1.210750732421875000e+02
1.212080841064453125e+02
1.211363220214843750e+02
1.214119262695312500e+02
1.218275527954101562e+02
1.222682495117187500e+02
1.222337493896484375e+02
1.232093505859375000e+02
1.214929580688476562e+02
1.218418884277343750e+02
1.211405487060546875e+02
1.210142517089843750e+02
1.217432556152343750e+02
1.213374176025390625e+02
1.218468322753906250e+02
1.217779617309570312e+02
1.221194686889648438e+02
1.211019134521484375e+02
1.203738861083984375e+02
1.202439270019531250e+02
1.209809875488281250e+02
1.212078857421875000e+02
1.215766296386718750e+02
1.206067352294921875e+02
1.211173934936523438e+02
1.209400634765625000e+02
1.210030212402343750e+02
1.205796279907226562e+02
1.210253448486328125e+02
1.216577606201171875e+02
1.211952667236328125e+02
1.205037078857421875e+02
1.206015167236328125e+02
1.206306762695312500e+02
1.208637008666992188e+02
1.215007171630859375e+02
1.215596389770507812e+02
1.213489532470703125e+02
1.212126617431640625e+02
1.211924896240234375e+02
1.215937347412109375e+02
1.210751953125000000e+02
1.208308105468750000e+02
1.205814056396484375e+02
1.213014450073242188e+02
1.211741333007812500e+02
1.217532272338867188e+02
1.206748809814453125e+02
1.208862762451171875e+02
1.206068572998046875e+02
1.205213470458984375e+02
1.205939483642578125e+02
1.206833038330078125e+02
1.212244491577148438e+02
1.197582855224609375e+02
1.204338073730468750e+02
1.212183837890625000e+02
1.212942504882812500e+02
1.199673156738281250e+02
1.197672729492187500e+02
1.210160217285156250e+02
1.207581405639648438e+02
1.204544982910156250e+02
1.206915130615234375e+02
1.203539352416992188e+02
1.203191146850585938e+02
1.208882446289062500e+02
1.204208145141601562e+02
1.204940948486328125e+02
1.210794372558593750e+02
1.208251113891601562e+02
1.205239257812500000e+02
1.205656280517578125e+02
1.201444015502929688e+02
1.203945922851562500e+02
1.205090026855468750e+02
1.207650909423828125e+02
1.203623504638671875e+02
1.204322509765625000e+02
1.206730346679687500e+02
1.200965042114257812e+02
1.205341949462890625e+02
1.202509613037109375e+02
1.200841217041015625e+02
1.203059082031250000e+02
1.205231628417968750e+02
1.203117675781250000e+02
1.205445251464843750e+02
1.209175262451171875e+02
1.206057968139648438e+02
1.213649444580078125e+02
1.205817565917968750e+02
1.211998748779296875e+02
1.208769073486328125e+02
1.203213806152343750e+02
1.206274261474609375e+02
1.206091384887695312e+02
1.210104675292968750e+02
1.204309082031250000e+02
1.205240631103515625e+02
1.209291152954101562e+02
1.198634490966796875e+02
1.202628631591796875e+02
1.207778167724609375e+02
1.208020477294921875e+02
1.197541809082031250e+02
1.209920043945312500e+02
1.210778198242187500e+02
1.200726089477539062e+02
1.205238494873046875e+02
1.203091812133789062e+02
1.212249755859375000e+02
1.197261276245117188e+02
1.202758865356445312e+02
1.200665283203125000e+02
1.196490783691406250e+02
1.190599746704101562e+02
1.208063812255859375e+02
1.208063507080078125e+02
1.198908233642578125e+02
1.202910690307617188e+02
1.203050003051757812e+02
1.200889129638671875e+02
1.201472702026367188e+02
1.199765930175781250e+02
1.202959823608398438e+02
1.207839202880859375e+02
1.211731033325195312e+02
1.200507583618164062e+02
1.200057830810546875e+02
1.202332305908203125e+02
1.211464157104492188e+02
1.203030242919921875e+02
1.207575378417968750e+02
1.199506454467773438e+02
1.206632614135742188e+02
1.200784454345703125e+02
1.196038665771484375e+02
1.201299896240234375e+02
1.196373367309570312e+02
1.205062103271484375e+02
1.204088287353515625e+02
1.197224121093750000e+02
1.202514495849609375e+02
1.199840240478515625e+02
1.202480468750000000e+02
1.202262573242187500e+02
1.204327087402343750e+02
1.205739593505859375e+02
1.196831436157226562e+02
1.199771499633789062e+02
1.207116851806640625e+02
1.215111770629882812e+02
1.193511199951171875e+02
1.193193664550781250e+02
1.206251602172851562e+02
1.204705276489257812e+02
1.199167327880859375e+02
1.193965682983398438e+02
1.202839279174804688e+02
1.206440200805664062e+02
1.204419631958007812e+02
1.202425003051757812e+02
1.209413452148437500e+02
1.208641052246093750e+02
1.208445129394531250e+02
1.202709045410156250e+02
1.204303436279296875e+02
1.197618408203125000e+02
1.200376739501953125e+02
1.207344436645507812e+02
1.201002578735351562e+02
1.203811035156250000e+02
1.198052673339843750e+02
1.209403381347656250e+02
1.209251937866210938e+02
1.197502746582031250e+02
1.211082763671875000e+02
1.195747375488281250e+02
1.199944000244140625e+02
1.197848434448242188e+02
1.197870559692382812e+02
1.201696319580078125e+02
1.206440429687500000e+02
1.204921264648437500e+02
1.205593490600585938e+02
1.203952331542968750e+02
1.208009033203125000e+02
1.201669464111328125e+02
1.219679183959960938e+02
1.201493530273437500e+02
1.209973907470703125e+02
1.204570465087890625e+02
1.208089523315429688e+02
1.201738052368164062e+02
1.202912216186523438e+02
1.203033294677734375e+02
1.205971374511718750e+02
1.205363388061523438e+02
1.209369812011718750e+02
1.208912353515625000e+02
1.203603668212890625e+02
1.207496337890625000e+02
1.200498962402343750e+02
1.202169647216796875e+02
1.211332550048828125e+02
1.205718078613281250e+02
1.204073944091796875e+02
1.207106781005859375e+02
1.206041717529296875e+02
1.197613983154296875e+02
1.207713851928710938e+02
1.202527160644531250e+02
1.217664718627929688e+02
1.196932296752929688e+02
1.205191650390625000e+02
1.207932586669921875e+02
1.202997055053710938e+02
1.205520629882812500e+02
1.200971832275390625e+02
1.203105468750000000e+02
1.201663818359375000e+02
1.203638305664062500e+02
1.202921218872070312e+02
1.194965667724609375e+02
1.208579254150390625e+02
1.205967941284179688e+02
1.209136505126953125e+02
1.203151245117187500e+02
1.213182144165039062e+02
1.203119659423828125e+02
1.207208251953125000e+02
1.198268890380859375e+02
1.207704467773437500e+02
1.203742065429687500e+02
1.205302581787109375e+02
1.211165466308593750e+02
1.198541183471679688e+02
1.202059478759765625e+02
1.204209976196289062e+02
1.206268463134765625e+02
1.202876968383789062e+02
1.203290557861328125e+02
1.214338989257812500e+02
1.198079757690429688e+02
1.207928009033203125e+02
1.205969772338867188e+02
1.209741134643554688e+02
1.207263031005859375e+02
1.211413345336914062e+02
1.209589157104492188e+02
1.204403991699218750e+02
1.205124053955078125e+02
1.199745330810546875e+02
1.205685272216796875e+02
1.204957580566406250e+02
1.200297698974609375e+02
1.205803527832031250e+02
1.203448715209960938e+02
1.205968017578125000e+02
1.208053512573242188e+02
1.211085357666015625e+02
1.215917129516601562e+02
1.205272216796875000e+02
1.207667922973632812e+02
1.204295806884765625e+02
1.209736785888671875e+02
1.205063018798828125e+02
1.202904815673828125e+02
1.197635498046875000e+02
1.205465087890625000e+02
1.207940139770507812e+02
1.214037017822265625e+02
1.206526031494140625e+02
1.213297729492187500e+02
1.197263946533203125e+02
1.215405426025390625e+02
1.209936523437500000e+02
1.200361938476562500e+02
1.200070953369140625e+02
1.205657501220703125e+02
1.208754501342773438e+02
1.200198516845703125e+02
1.211026535034179688e+02
1.217069702148437500e+02
1.211432800292968750e+02
1.205308456420898438e+02
1.206591033935546875e+02
1.210397949218750000e+02
1.214319763183593750e+02
1.208908767700195312e+02
1.210535430908203125e+02
1.211745758056640625e+02
1.205862274169921875e+02
1.209182662963867188e+02
1.204938812255859375e+02
1.209503631591796875e+02
1.210658416748046875e+02
1.208659820556640625e+02
1.208767700195312500e+02
1.200939254760742188e+02
1.199047851562500000e+02
1.206915969848632812e+02
1.201530456542968750e+02
1.201534194946289062e+02
1.210792388916015625e+02
1.209553985595703125e+02
1.207744522094726562e+02
1.205958251953125000e+02
1.210559234619140625e+02
1.202141189575195312e+02
1.209115676879882812e+02
1.204255676269531250e+02
1.207563171386718750e+02
1.198205032348632812e+02
1.204344787597656250e+02
1.211152572631835938e+02
1.214131927490234375e+02
1.201894683837890625e+02
1.203643035888671875e+02
1.202919921875000000e+02
1.200884628295898438e+02
1.201746749877929688e+02
1.209050140380859375e+02
1.204646148681640625e+02
1.201497650146484375e+02
1.202503204345703125e+02
1.203310012817382812e+02
1.200022048950195312e+02
1.198559570312500000e+02
1.199457092285156250e+02
1.204775009155273438e+02
1.209281311035156250e+02
1.204038085937500000e+02
1.208965454101562500e+02
1.208269271850585938e+02
1.206494140625000000e+02
1.204462051391601562e+02
1.201908493041992188e+02
1.207073059082031250e+02
1.203829727172851562e+02
1.201938629150390625e+02
1.208550033569335938e+02
1.198348388671875000e+02
1.208593902587890625e+02
1.204198913574218750e+02
1.204386138916015625e+02
1.201815490722656250e+02
1.203098144531250000e+02
1.206233520507812500e+02
1.207082748413085938e+02
1.203385772705078125e+02
1.206155700683593750e+02
1.211947326660156250e+02
1.201753234863281250e+02
1.201037979125976562e+02
1.200902328491210938e+02
1.198641128540039062e+02
1.198602905273437500e+02
1.205887603759765625e+02
1.197919769287109375e+02
1.208171005249023438e+02
1.210711517333984375e+02
1.205055923461914062e+02
1.202353515625000000e+02
1.206085357666015625e+02
1.203260803222656250e+02
1.206647796630859375e+02
1.199018096923828125e+02
1.203113555908203125e+02
1.210080413818359375e+02
1.204435501098632812e+02
1.205544891357421875e+02
1.204029388427734375e+02
1.209781341552734375e+02
1.198421173095703125e+02
1.204700775146484375e+02
1.199815673828125000e+02
1.197888488769531250e+02
1.199796905517578125e+02
1.201358337402343750e+02
1.202843551635742188e+02
1.204844360351562500e+02
1.203575286865234375e+02
1.198202362060546875e+02
1.205554046630859375e+02
1.204946823120117188e+02
1.204616851806640625e+02
1.203632965087890625e+02
1.205926055908203125e+02
1.206941528320312500e+02
1.203260879516601562e+02
1.211584701538085938e+02
1.198396453857421875e+02
1.200978317260742188e+02
1.197251358032226562e+02
1.200653076171875000e+02
1.202378921508789062e+02
1.197118606567382812e+02
1.198204956054687500e+02
1.207240447998046875e+02
1.199661560058593750e+02
1.199490737915039062e+02
1.192007141113281250e+02
1.195482635498046875e+02
1.197256164550781250e+02
1.192532043457031250e+02
1.202971191406250000e+02
1.203533325195312500e+02
1.196479873657226562e+02
1.204975433349609375e+02
1.204349441528320312e+02
1.194417037963867188e+02
1.201995544433593750e+02
1.200011215209960938e+02
1.202717590332031250e+02
1.204830398559570312e+02
1.200772094726562500e+02
1.200244064331054688e+02
1.201427459716796875e+02
1.198095550537109375e+02
1.198705444335937500e+02
1.209856796264648438e+02
1.206032562255859375e+02
1.192268066406250000e+02
1.200460357666015625e+02
1.204293136596679688e+02
1.199571075439453125e+02
1.199611511230468750e+02
1.195443725585937500e+02
1.199122924804687500e+02
1.208670349121093750e+02
1.201178512573242188e+02
1.207841873168945312e+02
1.202770843505859375e+02
1.192681198120117188e+02
1.199266357421875000e+02
1.201445312500000000e+02
1.198309020996093750e+02
1.203763427734375000e+02
1.188406066894531250e+02
1.196265563964843750e+02
1.203013992309570312e+02
1.199921340942382812e+02
1.211611175537109375e+02
1.203160934448242188e+02
1.200144119262695312e+02
1.194639892578125000e+02
1.195695190429687500e+02
1.192734832763671875e+02
1.204171905517578125e+02
1.194722366333007812e+02
1.194640045166015625e+02
1.200335998535156250e+02
1.201609115600585938e+02
1.203094177246093750e+02
1.199159088134765625e+02
1.203994293212890625e+02
1.199849395751953125e+02
1.199980468750000000e+02
1.198207702636718750e+02
1.194575653076171875e+02
1.194226150512695312e+02
1.194678039550781250e+02
1.205497436523437500e+02
1.204916381835937500e+02
1.193654098510742188e+02
1.190669555664062500e+02
1.197665405273437500e+02
1.199713821411132812e+02
1.201985626220703125e+02
1.201883163452148438e+02
1.203413391113281250e+02
1.191232604980468750e+02
1.197697906494140625e+02
1.202529373168945312e+02
1.194141387939453125e+02
1.193184814453125000e+02
1.198837738037109375e+02
1.200988616943359375e+02
1.187759857177734375e+02
1.197672271728515625e+02
1.195699615478515625e+02
1.199292221069335938e+02
1.201781158447265625e+02
1.197283935546875000e+02
1.199797515869140625e+02
1.201940917968750000e+02
1.200931854248046875e+02
1.201503906250000000e+02
1.204658660888671875e+02
1.192951965332031250e+02
1.192499542236328125e+02
1.200734405517578125e+02
1.192629241943359375e+02
1.198040161132812500e+02
1.196408615112304688e+02
1.201044998168945312e+02
1.192734375000000000e+02
1.200393066406250000e+02
1.194973602294921875e+02
1.197771606445312500e+02
1.201622161865234375e+02
1.193250274658203125e+02
1.195192260742187500e+02
1.195415344238281250e+02
1.198024444580078125e+02
1.200228118896484375e+02
1.196279296875000000e+02
1.194258041381835938e+02
1.196937561035156250e+02
1.191996612548828125e+02
1.198462066650390625e+02
1.196716918945312500e+02
1.206964263916015625e+02
1.205060348510742188e+02
1.209609527587890625e+02
1.201370391845703125e+02
1.203411865234375000e+02
1.197170104980468750e+02
1.200700988769531250e+02
1.189629974365234375e+02
1.197446594238281250e+02
1.202657623291015625e+02
1.194739837646484375e+02
1.197348098754882812e+02
1.196718292236328125e+02
1.200416870117187500e+02
1.208137207031250000e+02
1.197673416137695312e+02
1.203822021484375000e+02
1.194668426513671875e+02
1.195167541503906250e+02
1.196920471191406250e+02
1.198943634033203125e+02
1.199591979980468750e+02
1.203141021728515625e+02
1.199237060546875000e+02
1.192309722900390625e+02
1.195579528808593750e+02
1.191666412353515625e+02
1.192917785644531250e+02
1.195281372070312500e+02
1.194159851074218750e+02
1.194412231445312500e+02
1.186255645751953125e+02
1.193640899658203125e+02
1.196064605712890625e+02
1.199323425292968750e+02
1.196061859130859375e+02
1.182675170898437500e+02
1.196869735717773438e+02
1.197765197753906250e+02
1.196822814941406250e+02
1.195477294921875000e+02
1.198854522705078125e+02
1.191883163452148438e+02
1.194804229736328125e+02
1.196050491333007812e+02
1.192423629760742188e+02
1.197084350585937500e+02
1.199147186279296875e+02
1.194048156738281250e+02
1.191734924316406250e+02
1.193772125244140625e+02
1.193758087158203125e+02
1.188473815917968750e+02
1.187933807373046875e+02
1.201608047485351562e+02
1.193602981567382812e+02
1.191811370849609375e+02
1.186998443603515625e+02
1.189111022949218750e+02
1.209913787841796875e+02
1.188730163574218750e+02
1.186891021728515625e+02
1.192208404541015625e+02
1.187832717895507812e+02
1.199924316406250000e+02
1.187221374511718750e+02
1.183139495849609375e+02
1.189237670898437500e+02
1.194994964599609375e+02
1.195082855224609375e+02
1.201517028808593750e+02
1.195956420898437500e+02
1.196251678466796875e+02
1.191950836181640625e+02
1.196095428466796875e+02
1.197260131835937500e+02
1.201988677978515625e+02
1.201558914184570312e+02
1.186792144775390625e+02
1.200133514404296875e+02
1.191044921875000000e+02
1.192858352661132812e+02
1.198050689697265625e+02
1.196673126220703125e+02
1.193563232421875000e+02
1.193891296386718750e+02
1.191777038574218750e+02
1.200335540771484375e+02
1.184704589843750000e+02
1.199621429443359375e+02
1.193643188476562500e+02
1.185859527587890625e+02
1.199111404418945312e+02
1.184064788818359375e+02
1.203266906738281250e+02
1.190743255615234375e+02
1.190706329345703125e+02
1.194738464355468750e+02
1.191844558715820312e+02
1.196768951416015625e+02
1.200147323608398438e+02
1.190231552124023438e+02
1.192763824462890625e+02
1.184170684814453125e+02
1.198563385009765625e+02
1.197463073730468750e+02
1.198909988403320312e+02
1.196529235839843750e+02
1.202251434326171875e+02
1.193993682861328125e+02
1.191400985717773438e+02
1.205305023193359375e+02
1.190207366943359375e+02
1.194859542846679688e+02
1.190922927856445312e+02
1.198101654052734375e+02
1.189108734130859375e+02
1.193735046386718750e+02
1.183744049072265625e+02
1.186521606445312500e+02
1.200598297119140625e+02
1.200362548828125000e+02
1.187908630371093750e+02
1.188444671630859375e+02
1.191330566406250000e+02
1.190988769531250000e+02
1.190829010009765625e+02
1.193497924804687500e+02
1.194224624633789062e+02
1.191504287719726562e+02
1.192928161621093750e+02
1.193102111816406250e+02
1.198380813598632812e+02
1.190922775268554688e+02
1.194547576904296875e+02
1.196697692871093750e+02
1.190830612182617188e+02
1.199915313720703125e+02
1.200086212158203125e+02
1.190214233398437500e+02
1.192570648193359375e+02
1.191626129150390625e+02
1.188570251464843750e+02
1.197314605712890625e+02
1.184000091552734375e+02
1.201138763427734375e+02
1.196369323730468750e+02
1.196303558349609375e+02
1.193730773925781250e+02
1.195147171020507812e+02
1.194293670654296875e+02
1.193244247436523438e+02
1.200575561523437500e+02
1.187492141723632812e+02
1.188704986572265625e+02
1.199398040771484375e+02
1.189017333984375000e+02
1.190989074707031250e+02
1.202833099365234375e+02
1.191252593994140625e+02
1.197979278564453125e+02
1.197976455688476562e+02
1.194262237548828125e+02
1.181226501464843750e+02
1.196915512084960938e+02
1.190829772949218750e+02
1.199011459350585938e+02
1.196434783935546875e+02
1.191476745605468750e+02
1.194320449829101562e+02
1.190873794555664062e+02
1.191897888183593750e+02
1.185626678466796875e+02
1.194654846191406250e+02
1.193629302978515625e+02
1.195424194335937500e+02
1.188701858520507812e+02
1.194638214111328125e+02
1.194105072021484375e+02
1.195556335449218750e+02
1.192897644042968750e+02
1.188483505249023438e+02
1.197387847900390625e+02
1.197733917236328125e+02
1.192918548583984375e+02
1.200229949951171875e+02
1.194382934570312500e+02
1.192690429687500000e+02
1.198363113403320312e+02
1.196237487792968750e+02
1.189659347534179688e+02
1.192055664062500000e+02
1.186262207031250000e+02
1.187818298339843750e+02
1.187992095947265625e+02
1.194551467895507812e+02
1.193156890869140625e+02
1.198078155517578125e+02
1.195068969726562500e+02
1.188737182617187500e+02
1.198012466430664062e+02
1.188812561035156250e+02
1.196433715820312500e+02
1.183341369628906250e+02
1.188331832885742188e+02
1.194776229858398438e+02
1.193493041992187500e+02
1.192337188720703125e+02
1.184820556640625000e+02
1.194552230834960938e+02
1.189240493774414062e+02
1.184478302001953125e+02
1.191274642944335938e+02
1.192531738281250000e+02
1.192317352294921875e+02
1.185584716796875000e+02
1.197846984863281250e+02
1.204885253906250000e+02
1.202570648193359375e+02
1.190978698730468750e+02
1.193519287109375000e+02
1.197146911621093750e+02
1.188984680175781250e+02
1.202345733642578125e+02
1.190206909179687500e+02
1.194992218017578125e+02
1.192046356201171875e+02
1.196286773681640625e+02
1.190789489746093750e+02
1.189628906250000000e+02
1.200891265869140625e+02
1.186131134033203125e+02
1.190725097656250000e+02
1.188563537597656250e+02
1.189211196899414062e+02
1.199804382324218750e+02
1.194909286499023438e+02
1.190884094238281250e+02
1.198545837402343750e+02
1.195779266357421875e+02
1.186676177978515625e+02
1.190490875244140625e+02
1.190294036865234375e+02
1.192934799194335938e+02
1.194361114501953125e+02
1.187257537841796875e+02
1.196950988769531250e+02
1.198769989013671875e+02
1.196914062500000000e+02
1.196500167846679688e+02
1.194961242675781250e+02
1.189868316650390625e+02
1.189624023437500000e+02
1.200789108276367188e+02
1.194740905761718750e+02
1.196166076660156250e+02
1.192894439697265625e+02
1.198187408447265625e+02
1.190858764648437500e+02
1.196693344116210938e+02
1.195435028076171875e+02
1.194885711669921875e+02
1.184859466552734375e+02
1.189901199340820312e+02
1.202203903198242188e+02
1.186091384887695312e+02
1.182328186035156250e+02
1.195985031127929688e+02
1.194254989624023438e+02
1.193173980712890625e+02
1.196204376220703125e+02
1.188946380615234375e+02
1.196600494384765625e+02
1.192748718261718750e+02
1.196057281494140625e+02
1.189153900146484375e+02
1.191447906494140625e+02
1.190792007446289062e+02
1.198301925659179688e+02
1.189298095703125000e+02
1.196930541992187500e+02
1.202913589477539062e+02
1.190655517578125000e+02
1.194098358154296875e+02
1.190428314208984375e+02
1.191565551757812500e+02
1.188719329833984375e+02
1.187669067382812500e+02
