6.864155769348144531e+00
6.699444770812988281e+00
6.520203590393066406e+00
6.446659088134765625e+00
6.370292663574218750e+00
6.432316780090332031e+00
6.260061740875244141e+00
6.225561141967773438e+00
6.251368045806884766e+00
6.304981708526611328e+00
6.123609542846679688e+00
6.196564197540283203e+00
6.082643508911132812e+00
6.140256881713867188e+00
6.099618911743164062e+00
6.024371147155761719e+00
6.018301010131835938e+00
6.163687705993652344e+00
6.079936027526855469e+00
6.074305057525634766e+00
6.012177944183349609e+00
6.029682159423828125e+00
6.292920112609863281e+00
6.081400871276855469e+00
6.016917228698730469e+00
6.048275470733642578e+00
6.040557384490966797e+00
5.917670249938964844e+00
6.022958755493164062e+00
5.987659931182861328e+00
5.990840911865234375e+00
6.187624931335449219e+00
6.351405620574951172e+00
6.068316936492919922e+00
6.112183094024658203e+00
5.898324489593505859e+00
6.028157234191894531e+00
5.907376289367675781e+00
5.938359260559082031e+00
5.993010520935058594e+00
5.926631927490234375e+00
6.083950996398925781e+00
6.007048130035400391e+00
5.950847625732421875e+00
5.932687759399414062e+00
5.875387668609619141e+00
6.225193023681640625e+00
5.862459182739257812e+00
6.051748275756835938e+00
6.025413990020751953e+00
5.882672309875488281e+00
5.996574878692626953e+00
5.946361064910888672e+00
5.996938705444335938e+00
6.053721427917480469e+00
5.809701919555664062e+00
6.114396095275878906e+00
5.886061668395996094e+00
5.845065593719482422e+00
5.893858432769775391e+00
6.022642135620117188e+00
6.166377067565917969e+00
6.010720729827880859e+00
5.889954566955566406e+00
5.945852279663085938e+00
6.052856445312500000e+00
5.944810390472412109e+00
5.888671875000000000e+00
5.918643474578857422e+00
6.017179965972900391e+00
6.049076557159423828e+00
6.015612602233886719e+00
5.861164093017578125e+00
5.975314140319824219e+00
5.923888206481933594e+00
5.904656410217285156e+00
5.768639564514160156e+00
5.995474338531494141e+00
5.986673355102539062e+00
5.870537757873535156e+00
5.827515602111816406e+00
5.843022346496582031e+00
5.962254524230957031e+00
5.840784549713134766e+00
5.963907241821289062e+00
5.915083885192871094e+00
6.002949714660644531e+00
5.855255126953125000e+00
5.809573650360107422e+00
5.804838180541992188e+00
5.751960754394531250e+00
5.850294589996337891e+00
6.038041114807128906e+00
5.825567722320556641e+00
5.993237018585205078e+00
5.865233421325683594e+00
6.144139766693115234e+00
5.852273464202880859e+00
5.763670444488525391e+00
5.891045570373535156e+00
5.862839221954345703e+00
5.907493591308593750e+00
5.772513389587402344e+00
5.907169342041015625e+00
5.942621707916259766e+00
5.779096603393554688e+00
5.828812122344970703e+00
5.903909683227539062e+00
5.814928054809570312e+00
5.862709045410156250e+00
6.139628410339355469e+00
5.826717376708984375e+00
5.765638828277587891e+00
5.840532302856445312e+00
6.003200531005859375e+00
5.873963356018066406e+00
5.839417457580566406e+00
5.784075260162353516e+00
5.773432254791259766e+00
5.853929996490478516e+00
5.789802551269531250e+00
6.173932075500488281e+00
5.918324470520019531e+00
5.782699108123779297e+00
5.821893215179443359e+00
5.818100452423095703e+00
5.818922996520996094e+00
5.951768398284912109e+00
5.867073059082031250e+00
5.804301738739013672e+00
5.802245616912841797e+00
5.781656742095947266e+00
5.907063484191894531e+00
5.843316078186035156e+00
5.828111648559570312e+00
5.867325782775878906e+00
5.772156715393066406e+00
5.701811313629150391e+00
5.784250259399414062e+00
5.839726924896240234e+00
6.023118019104003906e+00
5.840063571929931641e+00
5.924357414245605469e+00
5.993353843688964844e+00
5.912940025329589844e+00
5.826666831970214844e+00
5.737846374511718750e+00
5.858583450317382812e+00
5.844725131988525391e+00
5.975786685943603516e+00
5.841023445129394531e+00
5.866463661193847656e+00
5.833238601684570312e+00
5.752295017242431641e+00
5.941134452819824219e+00
6.011529922485351562e+00
5.835368156433105469e+00
5.929049968719482422e+00
5.766826152801513672e+00
5.759040832519531250e+00
5.874527931213378906e+00
5.726035594940185547e+00
5.771777153015136719e+00
5.759176254272460938e+00
5.832738876342773438e+00
5.856100082397460938e+00
5.763628959655761719e+00
6.079425334930419922e+00
5.877066135406494141e+00
5.888332366943359375e+00
5.759918212890625000e+00
5.952383041381835938e+00
5.794798851013183594e+00
5.741017341613769531e+00
5.847568988800048828e+00
5.751878738403320312e+00
5.799810886383056641e+00
5.766810417175292969e+00
5.788406372070312500e+00
5.688520431518554688e+00
5.770015239715576172e+00
5.766561985015869141e+00
5.799922943115234375e+00
6.022074222564697266e+00
5.780769348144531250e+00
5.809853553771972656e+00
5.809277534484863281e+00
5.933309078216552734e+00
5.796259880065917969e+00
5.820259571075439453e+00
5.876360893249511719e+00
5.792881965637207031e+00
5.821969509124755859e+00
5.710096359252929688e+00
5.796459197998046875e+00
5.757472515106201172e+00
5.724611759185791016e+00
5.938619136810302734e+00
5.816057205200195312e+00
5.855879783630371094e+00
5.832174777984619141e+00
5.923836708068847656e+00
5.910125732421875000e+00
5.681833267211914062e+00
5.702552795410156250e+00
5.900466918945312500e+00
5.777425765991210938e+00
5.758181571960449219e+00
5.742135047912597656e+00
5.756531238555908203e+00
5.746787071228027344e+00
5.772835731506347656e+00
5.833734512329101562e+00
5.845256328582763672e+00
5.707168579101562500e+00
5.712264060974121094e+00
5.830047607421875000e+00
5.899843215942382812e+00
5.775095462799072266e+00
5.693927288055419922e+00
5.784209251403808594e+00
5.857592582702636719e+00
5.827019691467285156e+00
5.809056282043457031e+00
5.837681770324707031e+00
5.840964794158935547e+00
5.840790748596191406e+00
5.765030384063720703e+00
5.747639656066894531e+00
5.879304885864257812e+00
5.735474109649658203e+00
5.849035263061523438e+00
5.753574371337890625e+00
5.795617103576660156e+00
5.736411571502685547e+00
5.853906631469726562e+00
5.696592330932617188e+00
5.750442504882812500e+00
5.723289012908935547e+00
5.686701774597167969e+00
5.697619915008544922e+00
5.898571491241455078e+00
5.708500385284423828e+00
5.730116844177246094e+00
5.792531013488769531e+00
5.985617637634277344e+00
5.856031417846679688e+00
5.817821025848388672e+00
5.703099250793457031e+00
5.779485702514648438e+00
5.726727962493896484e+00
5.840691566467285156e+00
5.855537414550781250e+00
5.721581459045410156e+00
5.878926753997802734e+00
5.719539642333984375e+00
5.794154167175292969e+00
5.724274158477783203e+00
5.869304180145263672e+00
5.764905929565429688e+00
5.654605865478515625e+00
5.794835090637207031e+00
5.689743041992187500e+00
5.765592575073242188e+00
5.726958751678466797e+00
5.742602348327636719e+00
5.870197772979736328e+00
5.708185195922851562e+00
5.727543354034423828e+00
5.691925525665283203e+00
5.684972286224365234e+00
5.744979858398437500e+00
5.902200698852539062e+00
5.718464851379394531e+00
5.844669818878173828e+00
5.850360393524169922e+00
5.688466548919677734e+00
5.676771163940429688e+00
5.742598533630371094e+00
5.793267726898193359e+00
5.726650238037109375e+00
5.931091785430908203e+00
5.716846466064453125e+00
5.680930137634277344e+00
5.805941104888916016e+00
5.795422554016113281e+00
5.797265529632568359e+00
5.638919830322265625e+00
5.684654235839843750e+00
5.800883293151855469e+00
5.696719169616699219e+00
5.727525234222412109e+00
5.794698715209960938e+00
5.767808914184570312e+00
5.852799415588378906e+00
5.661567687988281250e+00
5.697607994079589844e+00
5.715035438537597656e+00
5.775094509124755859e+00
5.750135421752929688e+00
5.782896041870117188e+00
5.770109653472900391e+00
5.770164489746093750e+00
5.932737350463867188e+00
5.762577533721923828e+00
5.831418991088867188e+00
5.739115238189697266e+00
5.656419754028320312e+00
5.658848762512207031e+00
5.812044143676757812e+00
5.839028835296630859e+00
5.642037868499755859e+00
5.729344367980957031e+00
5.873766899108886719e+00
5.892145633697509766e+00
5.679988861083984375e+00
5.685326576232910156e+00
5.751710891723632812e+00
5.846423149108886719e+00
5.932482242584228516e+00
5.911688804626464844e+00
5.702079772949218750e+00
5.772476196289062500e+00
5.703172206878662109e+00
5.683022022247314453e+00
6.041226387023925781e+00
5.800044536590576172e+00
5.729883670806884766e+00
5.715805053710937500e+00
5.712942123413085938e+00
5.714694499969482422e+00
5.859154224395751953e+00
5.738072872161865234e+00
5.732935905456542969e+00
5.735636711120605469e+00
5.703740119934082031e+00
5.735903739929199219e+00
5.675660133361816406e+00
5.737438678741455078e+00
5.675107479095458984e+00
5.727843761444091797e+00
5.718971729278564453e+00
5.592070579528808594e+00
5.619333267211914062e+00
5.676341056823730469e+00
5.719962120056152344e+00
5.617251396179199219e+00
5.621695518493652344e+00
5.635087966918945312e+00
5.698928833007812500e+00
5.763742446899414062e+00
5.952049255371093750e+00
5.782370090484619141e+00
5.871020317077636719e+00
5.742257595062255859e+00
5.793349266052246094e+00
5.830253601074218750e+00
5.678362369537353516e+00
5.727949619293212891e+00
5.758842468261718750e+00
5.623244762420654297e+00
5.661586284637451172e+00
5.745647430419921875e+00
5.788869380950927734e+00
5.760031700134277344e+00
5.810812950134277344e+00
5.739409446716308594e+00
5.676373004913330078e+00
5.715248107910156250e+00
5.879951953887939453e+00
5.700598239898681641e+00
5.879025936126708984e+00
5.654694080352783203e+00
5.772724151611328125e+00
5.691508769989013672e+00
5.678390502929687500e+00
5.610509395599365234e+00
5.817866802215576172e+00
5.856725692749023438e+00
5.721020698547363281e+00
5.717706680297851562e+00
5.758711814880371094e+00
5.694932937622070312e+00
5.669173717498779297e+00
5.721958160400390625e+00
5.769771575927734375e+00
5.664124011993408203e+00
5.726270675659179688e+00
5.752948760986328125e+00
5.696441650390625000e+00
5.666413307189941406e+00
5.723368644714355469e+00
5.620577812194824219e+00
5.685604572296142578e+00
5.788642883300781250e+00
5.690635204315185547e+00
5.770757675170898438e+00
5.701236724853515625e+00
5.681620121002197266e+00
5.734182834625244141e+00
5.868284225463867188e+00
5.791201114654541016e+00
5.627388954162597656e+00
5.693216323852539062e+00
5.627542495727539062e+00
5.600113391876220703e+00
5.635162830352783203e+00
5.611703872680664062e+00
5.710548877716064453e+00
5.880643367767333984e+00
5.734861850738525391e+00
5.658203601837158203e+00
5.707676410675048828e+00
5.785113334655761719e+00
5.685951232910156250e+00
5.800448894500732422e+00
5.850189208984375000e+00
5.810714244842529297e+00
5.697186946868896484e+00
5.726600646972656250e+00
5.701601982116699219e+00
5.966976642608642578e+00
5.661738395690917969e+00
5.710922241210937500e+00
5.704692840576171875e+00
5.693354129791259766e+00
5.824729442596435547e+00
5.752913475036621094e+00
5.647427082061767578e+00
5.673489093780517578e+00
5.780262947082519531e+00
5.730547428131103516e+00
5.726190567016601562e+00
5.758441448211669922e+00
5.691299915313720703e+00
5.766694545745849609e+00
5.746035575866699219e+00
5.665786743164062500e+00
5.761080265045166016e+00
5.631993293762207031e+00
5.669845581054687500e+00
5.797074317932128906e+00
5.704595565795898438e+00
5.706360340118408203e+00
5.679275989532470703e+00
5.686697959899902344e+00
5.563625335693359375e+00
5.734906196594238281e+00
5.626621246337890625e+00
5.703681468963623047e+00
5.684880733489990234e+00
5.722171783447265625e+00
5.700935840606689453e+00
5.724271774291992188e+00
5.698334693908691406e+00
5.661548614501953125e+00
5.674172878265380859e+00
5.627553939819335938e+00
5.667573451995849609e+00
5.702139854431152344e+00
5.835040092468261719e+00
5.629065513610839844e+00
5.913508892059326172e+00
5.712359905242919922e+00
5.735501289367675781e+00
5.724328994750976562e+00
5.954884529113769531e+00
5.679488182067871094e+00
5.751850128173828125e+00
5.866926193237304688e+00
5.752136707305908203e+00
5.658877849578857422e+00
5.698435306549072266e+00
5.641377449035644531e+00
5.649466514587402344e+00
5.732033729553222656e+00
5.671772003173828125e+00
5.721599102020263672e+00
5.700542926788330078e+00
5.917089462280273438e+00
5.675999164581298828e+00
5.644845008850097656e+00
5.897467136383056641e+00
5.802237033843994141e+00
5.594286441802978516e+00
5.726316452026367188e+00
5.608565330505371094e+00
5.690598487854003906e+00
5.729523658752441406e+00
5.641512870788574219e+00
5.638508796691894531e+00
5.843910694122314453e+00
5.610188484191894531e+00
5.609231948852539062e+00
5.649936199188232422e+00
5.669863224029541016e+00
5.705012798309326172e+00
5.689850330352783203e+00
5.664897918701171875e+00
5.650087356567382812e+00
5.688517570495605469e+00
5.675534248352050781e+00
5.699003696441650391e+00
5.739082813262939453e+00
5.717294692993164062e+00
5.660558223724365234e+00
5.677885532379150391e+00
5.645112037658691406e+00
5.643599510192871094e+00
5.663564682006835938e+00
5.613540649414062500e+00
5.909485340118408203e+00
5.702095508575439453e+00
5.699634075164794922e+00
5.894113063812255859e+00
5.708226203918457031e+00
5.772953987121582031e+00
5.655186653137207031e+00
5.766287803649902344e+00
5.695068359375000000e+00
5.635995864868164062e+00
5.753586292266845703e+00
5.687433242797851562e+00
5.722542762756347656e+00
5.756934165954589844e+00
5.633980751037597656e+00
5.808186531066894531e+00
5.631611347198486328e+00
5.656131744384765625e+00
5.732650756835937500e+00
5.693653106689453125e+00
5.662902355194091797e+00
5.679647922515869141e+00
5.687776565551757812e+00
5.617683410644531250e+00
5.793489456176757812e+00
5.623733520507812500e+00
5.617637157440185547e+00
5.602636814117431641e+00
5.613224983215332031e+00
5.650300979614257812e+00
5.613160610198974609e+00
5.685080528259277344e+00
5.678942203521728516e+00
5.668509006500244141e+00
5.657309532165527344e+00
5.620525836944580078e+00
5.746331691741943359e+00
5.626736640930175781e+00
5.673117637634277344e+00
5.706728935241699219e+00
5.619681358337402344e+00
5.647000789642333984e+00
5.695597648620605469e+00
5.636708736419677734e+00
5.633153438568115234e+00
5.699310779571533203e+00
5.660125732421875000e+00
5.670018196105957031e+00
5.732992649078369141e+00
5.836590290069580078e+00
5.630019187927246094e+00
5.650497913360595703e+00
5.646695613861083984e+00
5.667473793029785156e+00
5.603945255279541016e+00
5.745701313018798828e+00
5.645758152008056641e+00
5.672649383544921875e+00
5.698671340942382812e+00
5.638600349426269531e+00
5.703001976013183594e+00
5.615929603576660156e+00
5.761467933654785156e+00
5.562441825866699219e+00
5.623377323150634766e+00
5.626792430877685547e+00
5.608194351196289062e+00
5.625384330749511719e+00
5.734913825988769531e+00
5.694636344909667969e+00
5.630684852600097656e+00
5.616760253906250000e+00
5.775737762451171875e+00
5.776489257812500000e+00
5.586810111999511719e+00
5.691710472106933594e+00
5.598893642425537109e+00
5.610837459564208984e+00
5.747300148010253906e+00
5.764775276184082031e+00
5.591938495635986328e+00
5.649003505706787109e+00
5.657867431640625000e+00
5.582385540008544922e+00
6.046891689300537109e+00
5.627851009368896484e+00
5.663591384887695312e+00
5.755668640136718750e+00
5.722958087921142578e+00
5.698820114135742188e+00
5.725875377655029297e+00
5.627374172210693359e+00
5.657455444335937500e+00
5.676749229431152344e+00
5.783864974975585938e+00
5.848308563232421875e+00
5.704226493835449219e+00
5.590534210205078125e+00
5.698535919189453125e+00
5.692758083343505859e+00
5.680043697357177734e+00
5.590265750885009766e+00
5.741011142730712891e+00
5.604415416717529297e+00
5.643789768218994141e+00
5.559278488159179688e+00
5.761835575103759766e+00
5.709927558898925781e+00
5.721282958984375000e+00
5.731153488159179688e+00
5.700297355651855469e+00
5.604218482971191406e+00
5.671714782714843750e+00
5.647809982299804688e+00
5.670323848724365234e+00
5.637562274932861328e+00
5.729031562805175781e+00
5.666900157928466797e+00
5.671522617340087891e+00
5.650373458862304688e+00
5.597201824188232422e+00
5.611611366271972656e+00
5.701957702636718750e+00
5.713210105895996094e+00
5.669852256774902344e+00
5.696443557739257812e+00
5.749159812927246094e+00
5.604794979095458984e+00
5.613411903381347656e+00
5.757126331329345703e+00
5.753356456756591797e+00
5.691267013549804688e+00
5.632288932800292969e+00
5.626919746398925781e+00
5.607222080230712891e+00
5.675390243530273438e+00
5.707259654998779297e+00
5.679341316223144531e+00
5.725820541381835938e+00
5.685836791992187500e+00
5.661894321441650391e+00
5.721255779266357422e+00
5.728591442108154297e+00
5.742630004882812500e+00
5.736468315124511719e+00
5.616547584533691406e+00
5.581340789794921875e+00
5.681793689727783203e+00
5.728010654449462891e+00
5.696511745452880859e+00
6.000090122222900391e+00
5.641298294067382812e+00
5.664011478424072266e+00
5.728255271911621094e+00
5.642867565155029297e+00
5.783192157745361328e+00
5.746341705322265625e+00
5.604577064514160156e+00
5.838483333587646484e+00
5.705549716949462891e+00
5.629636287689208984e+00
5.693605422973632812e+00
5.679442405700683594e+00
5.675702095031738281e+00
5.863020896911621094e+00
5.669358730316162109e+00
5.684109687805175781e+00
5.580007553100585938e+00
5.656484603881835938e+00
5.752173423767089844e+00
5.709789276123046875e+00
5.567809104919433594e+00
5.670196056365966797e+00
5.728029251098632812e+00
5.636210918426513672e+00
5.699601173400878906e+00
5.658425807952880859e+00
5.692882537841796875e+00
5.642424583435058594e+00
5.660287857055664062e+00
5.647459506988525391e+00
5.635642051696777344e+00
5.708474159240722656e+00
5.784321308135986328e+00
5.612961292266845703e+00
5.706541538238525391e+00
5.605245113372802734e+00
5.537371158599853516e+00
5.679162979125976562e+00
5.644018650054931641e+00
5.632198810577392578e+00
5.603047847747802734e+00
5.629649639129638672e+00
5.636168479919433594e+00
5.662079811096191406e+00
5.811428546905517578e+00
5.581745624542236328e+00
5.681225299835205078e+00
5.785162925720214844e+00
5.636937141418457031e+00
5.619729042053222656e+00
5.679726600646972656e+00
5.689873695373535156e+00
5.585159778594970703e+00
5.687482833862304688e+00
5.754094123840332031e+00
5.672557353973388672e+00
5.634706974029541016e+00
5.735808372497558594e+00
5.649655818939208984e+00
5.741370201110839844e+00
5.684314250946044922e+00
5.705353736877441406e+00
5.537083148956298828e+00
5.638684272766113281e+00
5.919426918029785156e+00
5.778861999511718750e+00
5.876064300537109375e+00
5.675189495086669922e+00
5.624122619628906250e+00
5.583144187927246094e+00
5.682074069976806641e+00
5.634156227111816406e+00
5.733424663543701172e+00
5.898182868957519531e+00
5.723544120788574219e+00
5.741084575653076172e+00
5.638478755950927734e+00
5.650468349456787109e+00
5.616633892059326172e+00
5.668447494506835938e+00
5.659493923187255859e+00
5.681811809539794922e+00
5.658460140228271484e+00
5.729835510253906250e+00
5.622027397155761719e+00
5.687375068664550781e+00
5.846429824829101562e+00
5.769080638885498047e+00
5.623931407928466797e+00
5.524731636047363281e+00
5.786490440368652344e+00
5.651589393615722656e+00
5.660542011260986328e+00
5.712073326110839844e+00
5.680786132812500000e+00
5.756762504577636719e+00
5.650648593902587891e+00
5.700123310089111328e+00
5.597848892211914062e+00
5.658817768096923828e+00
5.736120223999023438e+00
5.782192230224609375e+00
5.620758533477783203e+00
5.618921279907226562e+00
5.566083908081054688e+00
5.712632179260253906e+00
5.646809577941894531e+00
5.593383789062500000e+00
5.625199317932128906e+00
5.638205528259277344e+00
5.671129226684570312e+00
5.604141235351562500e+00
5.652812957763671875e+00
5.646272659301757812e+00
5.572744846343994141e+00
5.735232353210449219e+00
5.671387195587158203e+00
5.727252006530761719e+00
5.618760585784912109e+00
5.817698478698730469e+00
5.642112731933593750e+00
5.689264297485351562e+00
5.625127792358398438e+00
5.658688545227050781e+00
5.600039005279541016e+00
5.605654716491699219e+00
5.787633419036865234e+00
5.563704013824462891e+00
5.741754531860351562e+00
5.586553096771240234e+00
5.621374130249023438e+00
5.651528835296630859e+00
5.762341976165771484e+00
5.660502910614013672e+00
5.620883941650390625e+00
5.622430801391601562e+00
5.648087501525878906e+00
5.652225494384765625e+00
5.631605625152587891e+00
5.620745658874511719e+00
5.573431968688964844e+00
5.550317287445068359e+00
5.732930660247802734e+00
5.582185268402099609e+00
5.717131614685058594e+00
5.706351280212402344e+00
5.586802482604980469e+00
5.733626842498779297e+00
5.763004302978515625e+00
5.769172668457031250e+00
5.730979442596435547e+00
5.640817165374755859e+00
5.613098621368408203e+00
5.970571041107177734e+00
5.682188034057617188e+00
5.608937263488769531e+00
5.669960021972656250e+00
5.553402900695800781e+00
5.570351600646972656e+00
5.563635349273681641e+00
5.698134422302246094e+00
5.665661811828613281e+00
5.608456611633300781e+00
5.686512947082519531e+00
5.584453582763671875e+00
5.678222179412841797e+00
5.580684661865234375e+00
5.682951927185058594e+00
5.615771293640136719e+00
5.751781940460205078e+00
5.628325462341308594e+00
5.613075256347656250e+00
5.598615169525146484e+00
5.743423461914062500e+00
5.737392425537109375e+00
5.699594497680664062e+00
5.602905273437500000e+00
5.630133628845214844e+00
5.737422943115234375e+00
5.652923107147216797e+00
5.798334121704101562e+00
5.667124271392822266e+00
5.593237876892089844e+00
5.677797317504882812e+00
5.640913009643554688e+00
5.648906707763671875e+00
5.637658596038818359e+00
5.555232048034667969e+00
5.606812000274658203e+00
5.718090534210205078e+00
5.689380168914794922e+00
5.795397281646728516e+00
5.711049079895019531e+00
5.659279346466064453e+00
5.672229290008544922e+00
5.747333526611328125e+00
5.570020198822021484e+00
5.769228458404541016e+00
5.930541992187500000e+00
5.631807804107666016e+00
5.636844635009765625e+00
5.601103305816650391e+00
5.596965789794921875e+00
5.724385738372802734e+00
5.696217060089111328e+00
5.534891605377197266e+00
5.620196342468261719e+00
5.594997406005859375e+00
5.645042419433593750e+00
5.622251033782958984e+00
5.804202556610107422e+00
5.666462898254394531e+00
5.672239303588867188e+00
5.750349998474121094e+00
5.734280586242675781e+00
5.593224048614501953e+00
5.767622470855712891e+00
5.587903976440429688e+00
5.578930377960205078e+00
5.612400531768798828e+00
5.621465206146240234e+00
5.613215446472167969e+00
5.629803180694580078e+00
5.704133987426757812e+00
5.770196437835693359e+00
5.711375236511230469e+00
5.663780212402343750e+00
5.637345314025878906e+00
5.585578918457031250e+00
5.689599990844726562e+00
5.707824230194091797e+00
5.572881221771240234e+00
5.689519882202148438e+00
5.622178077697753906e+00
5.597274780273437500e+00
5.641198158264160156e+00
5.767016410827636719e+00
5.617910861968994141e+00
5.619447231292724609e+00
5.644390106201171875e+00
5.596136569976806641e+00
5.664746284484863281e+00
5.538077831268310547e+00
5.667986869812011719e+00
5.638988018035888672e+00
5.580099105834960938e+00
5.624404430389404297e+00
5.626415729522705078e+00
5.655481338500976562e+00
5.701131820678710938e+00
5.613730907440185547e+00
5.743684291839599609e+00
5.713637828826904297e+00
5.645220756530761719e+00
5.640245914459228516e+00
5.632416248321533203e+00
5.668032646179199219e+00
5.587999343872070312e+00
5.669875144958496094e+00
5.640198230743408203e+00
5.622188568115234375e+00
5.696821689605712891e+00
5.846847057342529297e+00
5.619544029235839844e+00
5.623421669006347656e+00
5.733646869659423828e+00
5.573543071746826172e+00
5.630251884460449219e+00
5.647490501403808594e+00
5.631277561187744141e+00
5.651488304138183594e+00
5.621930122375488281e+00
6.014007568359375000e+00
5.684835433959960938e+00
5.684303760528564453e+00
5.635569095611572266e+00
5.641373634338378906e+00
5.812404632568359375e+00
5.664026737213134766e+00
5.631687641143798828e+00
5.600039005279541016e+00
5.609984874725341797e+00
5.663744926452636719e+00
5.701694488525390625e+00
5.706927776336669922e+00
5.662918090820312500e+00
5.784384727478027344e+00
5.717958927154541016e+00
5.549993991851806641e+00
5.593213081359863281e+00
5.739856719970703125e+00
5.634255886077880859e+00
5.728029251098632812e+00
5.713444709777832031e+00
5.649446964263916016e+00
5.619440555572509766e+00
5.614457130432128906e+00
5.625848293304443359e+00
5.620844841003417969e+00
5.771869182586669922e+00
5.625611305236816406e+00
5.577107429504394531e+00
5.531967163085937500e+00
5.644153118133544922e+00
5.587468624114990234e+00
5.686990737915039062e+00
5.622035026550292969e+00
5.639195919036865234e+00
