6.799157619476318359e+00
6.620111942291259766e+00
6.491241931915283203e+00
6.478776454925537109e+00
6.301611423492431641e+00
6.225117683410644531e+00
6.186610698699951172e+00
6.401888847351074219e+00
6.204641342163085938e+00
6.089219093322753906e+00
6.060796737670898438e+00
5.920738697052001953e+00
6.095943927764892578e+00
5.980157852172851562e+00
5.950213909149169922e+00
6.107694149017333984e+00
6.068572998046875000e+00
6.215448856353759766e+00
5.958308696746826172e+00
5.963685512542724609e+00
5.902050971984863281e+00
5.990747451782226562e+00
5.939877510070800781e+00
6.033114433288574219e+00
5.885619163513183594e+00
5.914829254150390625e+00
5.924145221710205078e+00
6.038813114166259766e+00
5.894095420837402344e+00
6.111247539520263672e+00
5.918759346008300781e+00
5.838981628417968750e+00
5.919643878936767578e+00
5.928129196166992188e+00
5.989258289337158203e+00
6.106446743011474609e+00
5.838370323181152344e+00
5.824333190917968750e+00
5.967918395996093750e+00
5.927326202392578125e+00
5.992527961730957031e+00
5.977837085723876953e+00
6.043506145477294922e+00
5.866733551025390625e+00
5.890703201293945312e+00
5.913269996643066406e+00
5.931704521179199219e+00
5.927899837493896484e+00
5.859998226165771484e+00
5.966364383697509766e+00
5.845687389373779297e+00
5.897909641265869141e+00
5.789018154144287109e+00
5.879335403442382812e+00
5.986159801483154297e+00
5.877688407897949219e+00
5.989439010620117188e+00
5.760073661804199219e+00
5.912730216979980469e+00
5.854994773864746094e+00
5.930429458618164062e+00
5.947627067565917969e+00
5.826871395111083984e+00
5.856663227081298828e+00
5.809215545654296875e+00
5.770782470703125000e+00
5.816653728485107422e+00
5.812095165252685547e+00
6.008500576019287109e+00
5.762882232666015625e+00
6.040515422821044922e+00
5.791773796081542969e+00
6.024280548095703125e+00
5.879969596862792969e+00
5.794411659240722656e+00
5.768432617187500000e+00
5.842138290405273438e+00
5.745224475860595703e+00
5.946931838989257812e+00
5.852265357971191406e+00
5.787684440612792969e+00
5.884914398193359375e+00
5.947066307067871094e+00
5.766338825225830078e+00
5.920779705047607422e+00
5.710387706756591797e+00
5.838445663452148438e+00
5.917194843292236328e+00
5.971894264221191406e+00
5.800622940063476562e+00
5.823934555053710938e+00
5.813080787658691406e+00
5.792163848876953125e+00
5.706277370452880859e+00
5.900928974151611328e+00
5.787693977355957031e+00
5.874717235565185547e+00
5.764705181121826172e+00
5.742700576782226562e+00
5.827445030212402344e+00
5.823245048522949219e+00
5.793589591979980469e+00
5.880171775817871094e+00
5.711245536804199219e+00
5.714548110961914062e+00
5.756968975067138672e+00
5.710778713226318359e+00
5.783862590789794922e+00
5.721586227416992188e+00
5.797960281372070312e+00
5.767951488494873047e+00
5.816675186157226562e+00
5.698062896728515625e+00
5.799676895141601562e+00
5.798266410827636719e+00
5.779815196990966797e+00
5.787671089172363281e+00
5.701395511627197266e+00
5.818602561950683594e+00
5.753006935119628906e+00
5.841539859771728516e+00
5.775636672973632812e+00
5.650674343109130859e+00
5.717147827148437500e+00
5.801606655120849609e+00
5.815915107727050781e+00
5.710129737854003906e+00
5.685901165008544922e+00
5.752724647521972656e+00
5.755104064941406250e+00
5.797509193420410156e+00
5.643749713897705078e+00
5.686332702636718750e+00
5.766775608062744141e+00
5.777940750122070312e+00
5.722539424896240234e+00
5.914191246032714844e+00
5.741188049316406250e+00
5.718011856079101562e+00
5.776313304901123047e+00
5.745447635650634766e+00
5.668295860290527344e+00
5.805233955383300781e+00
5.746924400329589844e+00
5.775568962097167969e+00
5.817203521728515625e+00
5.684133529663085938e+00
5.880319118499755859e+00
5.677626609802246094e+00
5.755466461181640625e+00
5.718314647674560547e+00
5.794783115386962891e+00
5.696516990661621094e+00
5.740537643432617188e+00
5.742749214172363281e+00
5.705539703369140625e+00
5.784694671630859375e+00
5.843889713287353516e+00
5.722255706787109375e+00
5.788290023803710938e+00
5.744419574737548828e+00
5.667171001434326172e+00
5.687568664550781250e+00
5.750844001770019531e+00
5.668858528137207031e+00
5.750590324401855469e+00
5.808316707611083984e+00
5.763981342315673828e+00
5.750653266906738281e+00
5.820483684539794922e+00
5.891701698303222656e+00
5.735187053680419922e+00
5.735873699188232422e+00
5.730736732482910156e+00
5.851130962371826172e+00
5.899781227111816406e+00
5.676610469818115234e+00
5.825501441955566406e+00
5.700011253356933594e+00
5.687360286712646484e+00
5.757147312164306641e+00
5.682686805725097656e+00
5.685688018798828125e+00
5.727601051330566406e+00
5.754759788513183594e+00
5.864971160888671875e+00
5.698004722595214844e+00
5.733000755310058594e+00
5.648356437683105469e+00
5.698523521423339844e+00
5.626291275024414062e+00
5.761090278625488281e+00
5.698722362518310547e+00
5.777176856994628906e+00
5.811210632324218750e+00
5.771177291870117188e+00
5.636659145355224609e+00
5.677770614624023438e+00
5.698981285095214844e+00
5.711977481842041016e+00
5.791464805603027344e+00
5.707408905029296875e+00
5.730460643768310547e+00
5.778518199920654297e+00
5.663708686828613281e+00
5.865541458129882812e+00
5.664775848388671875e+00
5.702027320861816406e+00
5.689240932464599609e+00
5.682685375213623047e+00
5.636847496032714844e+00
5.695483207702636719e+00
5.707238197326660156e+00
5.658057212829589844e+00
5.963812828063964844e+00
5.706746101379394531e+00
5.644709587097167969e+00
5.654591083526611328e+00
5.628793239593505859e+00
5.635675430297851562e+00
5.749934673309326172e+00
5.736246109008789062e+00
5.914113521575927734e+00
5.832017898559570312e+00
5.730516433715820312e+00
5.793848991394042969e+00
5.739387035369873047e+00
5.732348442077636719e+00
5.901167392730712891e+00
5.747287750244140625e+00
5.677166938781738281e+00
5.743625640869140625e+00
5.637850761413574219e+00
5.638288974761962891e+00
5.717823982238769531e+00
5.686467170715332031e+00
5.678307056427001953e+00
5.719180107116699219e+00
5.673972129821777344e+00
5.761252403259277344e+00
5.671741485595703125e+00
5.710493087768554688e+00
5.822878837585449219e+00
5.694721221923828125e+00
5.757622718811035156e+00
5.769215106964111328e+00
5.641033172607421875e+00
5.798174381256103516e+00
5.762948036193847656e+00
5.905963897705078125e+00
5.706992626190185547e+00
5.620490550994873047e+00
5.695927143096923828e+00
5.760376930236816406e+00
5.654150485992431641e+00
5.667148113250732422e+00
5.647109508514404297e+00
5.678564071655273438e+00
5.658541202545166016e+00
5.708408355712890625e+00
5.643478393554687500e+00
5.728527069091796875e+00
5.634853839874267578e+00
5.682484626770019531e+00
5.726864814758300781e+00
5.660946846008300781e+00
5.643575668334960938e+00
5.716563224792480469e+00
5.653820514678955078e+00
5.650007724761962891e+00
5.597532749176025391e+00
5.684204101562500000e+00
5.687095165252685547e+00
5.702210903167724609e+00
5.644382953643798828e+00
5.722020626068115234e+00
5.636020183563232422e+00
5.650312423706054688e+00
5.688776969909667969e+00
5.741119861602783203e+00
5.708731651306152344e+00
5.701488494873046875e+00
5.630554676055908203e+00
5.673810005187988281e+00
5.696042060852050781e+00
5.579838275909423828e+00
5.590510368347167969e+00
5.823201179504394531e+00
5.666391372680664062e+00
5.604192733764648438e+00
5.688751220703125000e+00
5.696040630340576172e+00
5.841898441314697266e+00
5.775881767272949219e+00
5.759090900421142578e+00
5.637767791748046875e+00
5.687688827514648438e+00
5.737116336822509766e+00
5.725975513458251953e+00
5.750245094299316406e+00
5.704862117767333984e+00
5.687885761260986328e+00
5.922488212585449219e+00
5.669735908508300781e+00
5.595627307891845703e+00
5.659788131713867188e+00
5.710331439971923828e+00
5.688841342926025391e+00
5.706090450286865234e+00
5.702845573425292969e+00
5.877175807952880859e+00
5.609355449676513672e+00
5.631596565246582031e+00
5.793664455413818359e+00
5.683279991149902344e+00
5.704676151275634766e+00
5.591277599334716797e+00
5.726698398590087891e+00
5.774269104003906250e+00
5.659049034118652344e+00
5.716471672058105469e+00
5.724664688110351562e+00
5.654445171356201172e+00
5.615758895874023438e+00
5.639883518218994141e+00
5.645829200744628906e+00
5.642052173614501953e+00
5.693593978881835938e+00
5.761256217956542969e+00
5.717968940734863281e+00
5.639305114746093750e+00
5.653217315673828125e+00
5.725027084350585938e+00
5.658384323120117188e+00
5.726900100708007812e+00
5.762182235717773438e+00
5.602514266967773438e+00
5.687914371490478516e+00
5.644137382507324219e+00
5.782751083374023438e+00
5.694529533386230469e+00
5.725653648376464844e+00
5.654838085174560547e+00
5.772262573242187500e+00
5.618601322174072266e+00
5.634832382202148438e+00
5.592021465301513672e+00
5.816963672637939453e+00
5.654817581176757812e+00
5.745586872100830078e+00
5.725794792175292969e+00
5.756068706512451172e+00
5.592995643615722656e+00
5.730948448181152344e+00
5.620579719543457031e+00
5.865533828735351562e+00
5.616066455841064453e+00
5.699534416198730469e+00
5.692151069641113281e+00
5.665054321289062500e+00
5.664473533630371094e+00
5.618857860565185547e+00
5.652569770812988281e+00
5.661947250366210938e+00
5.992429733276367188e+00
5.726044178009033203e+00
5.655750751495361328e+00
5.638113975524902344e+00
5.645029067993164062e+00
5.727872371673583984e+00
5.780251502990722656e+00
5.769495010375976562e+00
5.556196212768554688e+00
5.653319358825683594e+00
5.686727046966552734e+00
5.708560466766357422e+00
5.803668498992919922e+00
5.652384757995605469e+00
5.668302059173583984e+00
5.649104118347167969e+00
5.601757526397705078e+00
5.641722679138183594e+00
5.676506996154785156e+00
5.640101432800292969e+00
5.643909931182861328e+00
5.600283622741699219e+00
5.800965309143066406e+00
5.687832832336425781e+00
5.713536739349365234e+00
5.640955924987792969e+00
5.592650890350341797e+00
5.694996356964111328e+00
5.660964965820312500e+00
5.624854087829589844e+00
5.610888957977294922e+00
5.577541351318359375e+00
5.640456676483154297e+00
5.600477695465087891e+00
5.761201381683349609e+00
5.792695045471191406e+00
5.651139736175537109e+00
5.625103950500488281e+00
5.710589885711669922e+00
5.772012710571289062e+00
5.800835132598876953e+00
5.753711223602294922e+00
5.702946662902832031e+00
5.729813575744628906e+00
5.636623382568359375e+00
5.713469028472900391e+00
5.689643383026123047e+00
5.765253067016601562e+00
5.755640983581542969e+00
5.846314430236816406e+00
5.783956527709960938e+00
5.704376220703125000e+00
5.637966156005859375e+00
5.621178627014160156e+00
5.684467315673828125e+00
5.675799369812011719e+00
5.641279697418212891e+00
5.636403083801269531e+00
5.790897846221923828e+00
5.693287849426269531e+00
5.749547004699707031e+00
5.673988342285156250e+00
5.642034053802490234e+00
5.708874702453613281e+00
5.679787635803222656e+00
5.926352977752685547e+00
5.698763370513916016e+00
5.655250549316406250e+00
5.631066799163818359e+00
5.593647956848144531e+00
5.768243789672851562e+00
5.814805030822753906e+00
5.650686740875244141e+00
5.617276191711425781e+00
5.592404842376708984e+00
5.546831607818603516e+00
5.700994968414306641e+00
5.606873989105224609e+00
5.719820976257324219e+00
5.653953075408935547e+00
5.633094310760498047e+00
5.669464588165283203e+00
5.646944999694824219e+00
5.559988021850585938e+00
5.645716667175292969e+00
5.708806991577148438e+00
5.644479751586914062e+00
5.876399517059326172e+00
5.608654022216796875e+00
5.762820243835449219e+00
5.590286254882812500e+00
5.809432029724121094e+00
5.641315937042236328e+00
5.749268531799316406e+00
5.663927078247070312e+00
5.652727603912353516e+00
5.606574058532714844e+00
5.800587654113769531e+00
5.833353519439697266e+00
5.629845142364501953e+00
5.644420623779296875e+00
5.813940525054931641e+00
5.663874626159667969e+00
5.643196105957031250e+00
5.663957595825195312e+00
5.631690025329589844e+00
5.773289203643798828e+00
5.574246406555175781e+00
5.676646232604980469e+00
5.657150268554687500e+00
5.703795909881591797e+00
5.749092578887939453e+00
5.580363273620605469e+00
5.604064464569091797e+00
5.706043243408203125e+00
5.689811229705810547e+00
5.634435653686523438e+00
5.612740993499755859e+00
5.727753639221191406e+00
5.756536960601806641e+00
5.746408462524414062e+00
5.670057773590087891e+00
5.667273044586181641e+00
5.600543022155761719e+00
5.703674316406250000e+00
5.719227313995361328e+00
5.643542289733886719e+00
5.628218650817871094e+00
5.618872165679931641e+00
5.641681194305419922e+00
5.755735874176025391e+00
5.676239967346191406e+00
5.783062934875488281e+00
5.689750671386718750e+00
5.787416458129882812e+00
5.946037292480468750e+00
5.633893013000488281e+00
5.680079460144042969e+00
5.685346603393554688e+00
5.687818527221679688e+00
5.689344406127929688e+00
5.748763561248779297e+00
5.697197437286376953e+00
5.601015567779541016e+00
5.630970954895019531e+00
5.650029182434082031e+00
5.626369476318359375e+00
5.607695579528808594e+00
5.717224121093750000e+00
5.670838356018066406e+00
5.614397048950195312e+00
5.597596645355224609e+00
5.571524620056152344e+00
5.610184669494628906e+00
5.600874423980712891e+00
5.612031936645507812e+00
5.543735027313232422e+00
5.723089694976806641e+00
5.666543960571289062e+00
5.585896968841552734e+00
5.667423725128173828e+00
5.604189395904541016e+00
5.614322662353515625e+00
5.629977226257324219e+00
5.770700454711914062e+00
5.589909553527832031e+00
5.578892230987548828e+00
5.614030838012695312e+00
5.977493762969970703e+00
5.588147163391113281e+00
5.682044029235839844e+00
5.605098724365234375e+00
5.572139263153076172e+00
5.636167049407958984e+00
5.797344207763671875e+00
5.613365173339843750e+00
5.575267314910888672e+00
5.581049919128417969e+00
5.553419589996337891e+00
5.626345634460449219e+00
5.692152023315429688e+00
5.590822696685791016e+00
5.635653495788574219e+00
5.579997539520263672e+00
5.665572166442871094e+00
5.757896423339843750e+00
5.649707794189453125e+00
5.700977802276611328e+00
5.534820556640625000e+00
5.681331157684326172e+00
5.566700935363769531e+00
5.717916488647460938e+00
5.638330936431884766e+00
5.756922245025634766e+00
5.595693588256835938e+00
5.595740795135498047e+00
5.654544830322265625e+00
5.811207294464111328e+00
5.583435535430908203e+00
5.654985427856445312e+00
5.663378715515136719e+00
5.647235870361328125e+00
5.644001007080078125e+00
5.629652976989746094e+00
5.657505512237548828e+00
5.627683162689208984e+00
5.592627048492431641e+00
5.633801937103271484e+00
5.614657402038574219e+00
5.680283546447753906e+00
5.679934501647949219e+00
5.595848083496093750e+00
5.594821453094482422e+00
5.770452022552490234e+00
5.606785297393798828e+00
5.656630992889404297e+00
5.668725013732910156e+00
5.710094451904296875e+00
5.621595859527587891e+00
5.751839160919189453e+00
5.586168289184570312e+00
5.631682872772216797e+00
5.647971630096435547e+00
5.624069213867187500e+00
5.672596931457519531e+00
5.692741394042968750e+00
5.682556629180908203e+00
5.605879783630371094e+00
5.634954452514648438e+00
5.780983924865722656e+00
5.611010551452636719e+00
5.608802795410156250e+00
5.692052364349365234e+00
5.629944801330566406e+00
5.621513366699218750e+00
5.621342182159423828e+00
5.715435028076171875e+00
5.624587059020996094e+00
5.639976978302001953e+00
5.635337829589843750e+00
5.662113189697265625e+00
5.737733840942382812e+00
5.675474166870117188e+00
5.649144649505615234e+00
5.580019950866699219e+00
5.737312316894531250e+00
5.552993774414062500e+00
5.782569885253906250e+00
5.693419456481933594e+00
5.583934783935546875e+00
5.717264175415039062e+00
5.616825103759765625e+00
5.630101203918457031e+00
5.705401420593261719e+00
5.636483669281005859e+00
5.639690876007080078e+00
5.676641464233398438e+00
5.664921760559082031e+00
5.774795532226562500e+00
5.598398208618164062e+00
5.635278224945068359e+00
5.651282310485839844e+00
5.615172863006591797e+00
5.645315647125244141e+00
5.574014186859130859e+00
5.570623397827148438e+00
5.571747303009033203e+00
5.699406623840332031e+00
5.658052444458007812e+00
5.626834869384765625e+00
5.634923458099365234e+00
5.691968441009521484e+00
5.561285018920898438e+00
5.689238548278808594e+00
5.619479179382324219e+00
5.680548667907714844e+00
5.701483726501464844e+00
5.605134010314941406e+00
5.666278362274169922e+00
5.651496410369873047e+00
5.728367328643798828e+00
5.652862548828125000e+00
5.599728584289550781e+00
5.622156143188476562e+00
5.680395126342773438e+00
5.688166618347167969e+00
5.727420330047607422e+00
5.663131713867187500e+00
5.745118618011474609e+00
5.624985218048095703e+00
5.594874382019042969e+00
5.608270168304443359e+00
5.592394828796386719e+00
5.585912227630615234e+00
5.625087261199951172e+00
5.573616027832031250e+00
5.661231994628906250e+00
5.736303329467773438e+00
5.593838214874267578e+00
5.544389724731445312e+00
5.718100547790527344e+00
5.734694480895996094e+00
5.781813144683837891e+00
5.747256755828857422e+00
5.587184906005859375e+00
5.604529380798339844e+00
5.582083225250244141e+00
5.612397193908691406e+00
5.711400985717773438e+00
5.620113372802734375e+00
5.595558166503906250e+00
5.558406829833984375e+00
5.643305778503417969e+00
5.661559104919433594e+00
5.614536285400390625e+00
5.585878372192382812e+00
5.679393291473388672e+00
5.659955501556396484e+00
5.699884891510009766e+00
5.651919364929199219e+00
5.620584964752197266e+00
5.575970649719238281e+00
5.606895446777343750e+00
5.783258438110351562e+00
5.637125968933105469e+00
5.631356239318847656e+00
5.652149677276611328e+00
5.585050106048583984e+00
5.638389110565185547e+00
5.571479797363281250e+00
5.596551895141601562e+00
5.584328651428222656e+00
5.610877037048339844e+00
5.630759716033935547e+00
5.590009212493896484e+00
5.612261295318603516e+00
5.668334007263183594e+00
5.533898830413818359e+00
5.551582336425781250e+00
5.642961502075195312e+00
5.559472084045410156e+00
5.582060337066650391e+00
5.713278770446777344e+00
5.737943172454833984e+00
5.549811840057373047e+00
5.597996711730957031e+00
5.606506347656250000e+00
5.644549369812011719e+00
5.653984546661376953e+00
5.666299343109130859e+00
5.558383464813232422e+00
5.640479564666748047e+00
5.678924083709716797e+00
5.705461025238037109e+00
5.580667972564697266e+00
5.777065277099609375e+00
5.580268383026123047e+00
5.499219417572021484e+00
5.537279129028320312e+00
5.525276660919189453e+00
5.572731494903564453e+00
5.618878841400146484e+00
5.649058341979980469e+00
5.593057632446289062e+00
5.627460002899169922e+00
5.598457813262939453e+00
5.599381446838378906e+00
5.526353836059570312e+00
5.629257202148437500e+00
5.787226676940917969e+00
5.527692794799804688e+00
5.639893531799316406e+00
5.625208377838134766e+00
5.613528728485107422e+00
5.568638324737548828e+00
5.684144020080566406e+00
5.711191177368164062e+00
5.636602401733398438e+00
5.689190864562988281e+00
5.724526405334472656e+00
5.624715805053710938e+00
5.607760429382324219e+00
5.584957122802734375e+00
5.701769351959228516e+00
5.558821201324462891e+00
5.719135284423828125e+00
5.552068710327148438e+00
5.515428543090820312e+00
5.586868286132812500e+00
5.686189174652099609e+00
5.625179290771484375e+00
5.620148181915283203e+00
5.540363788604736328e+00
5.585790634155273438e+00
5.649069309234619141e+00
5.605829238891601562e+00
5.624609947204589844e+00
5.691344261169433594e+00
5.594662189483642578e+00
5.664073944091796875e+00
5.773934364318847656e+00
5.554995536804199219e+00
5.650258064270019531e+00
5.690864086151123047e+00
5.632513999938964844e+00
5.624841690063476562e+00
5.635301589965820312e+00
5.561879634857177734e+00
5.660406112670898438e+00
5.784178733825683594e+00
5.695462703704833984e+00
5.614351749420166016e+00
5.640428543090820312e+00
5.669495105743408203e+00
5.717955589294433594e+00
5.665102481842041016e+00
5.564352512359619141e+00
5.609446525573730469e+00
5.713275909423828125e+00
5.583695888519287109e+00
5.672258853912353516e+00
5.664176464080810547e+00
5.644613265991210938e+00
5.668890953063964844e+00
5.603158950805664062e+00
5.639717102050781250e+00
5.585112571716308594e+00
5.579682826995849609e+00
5.557695865631103516e+00
5.681804656982421875e+00
5.515357971191406250e+00
5.568496227264404297e+00
5.721497058868408203e+00
5.606237888336181641e+00
5.636485576629638672e+00
5.520250320434570312e+00
5.640100479125976562e+00
5.522164344787597656e+00
5.484786510467529297e+00
5.669175148010253906e+00
5.622032642364501953e+00
5.622467041015625000e+00
5.709970474243164062e+00
5.622341156005859375e+00
5.545201301574707031e+00
5.720094203948974609e+00
5.651677131652832031e+00
5.554817199707031250e+00
5.588649749755859375e+00
5.643080711364746094e+00
5.651372432708740234e+00
5.812420845031738281e+00
5.610533714294433594e+00
5.631968021392822266e+00
5.687877655029296875e+00
5.691910266876220703e+00
5.703681945800781250e+00
5.676691055297851562e+00
5.596483707427978516e+00
5.636242866516113281e+00
5.543424606323242188e+00
5.641968250274658203e+00
5.598446846008300781e+00
5.597588539123535156e+00
5.727679252624511719e+00
5.583708763122558594e+00
5.656294822692871094e+00
5.651595115661621094e+00
5.564879417419433594e+00
5.679569721221923828e+00
5.601217269897460938e+00
5.530446529388427734e+00
5.578320980072021484e+00
5.589878082275390625e+00
5.638400077819824219e+00
5.606850624084472656e+00
5.570439338684082031e+00
5.776890754699707031e+00
5.589807510375976562e+00
5.619627952575683594e+00
5.683956623077392578e+00
5.557897567749023438e+00
5.616455554962158203e+00
5.647732734680175781e+00
5.616491317749023438e+00
5.623638153076171875e+00
5.697128295898437500e+00
5.673785686492919922e+00
5.544554710388183594e+00
5.669094085693359375e+00
5.625478267669677734e+00
5.587210655212402344e+00
5.598230361938476562e+00
5.695218086242675781e+00
5.675970077514648438e+00
5.664572715759277344e+00
5.625354766845703125e+00
5.687452316284179688e+00
5.661817550659179688e+00
5.579890727996826172e+00
5.614633083343505859e+00
5.569584846496582031e+00
5.781745910644531250e+00
5.705863952636718750e+00
5.601358890533447266e+00
5.518886566162109375e+00
5.649822235107421875e+00
5.749363422393798828e+00
5.592424392700195312e+00
5.616938591003417969e+00
5.598551273345947266e+00
5.598146438598632812e+00
5.545557975769042969e+00
5.561472415924072266e+00
5.698007106781005859e+00
5.553347587585449219e+00
5.719411849975585938e+00
5.609856128692626953e+00
5.641983509063720703e+00
5.643037796020507812e+00
5.642669200897216797e+00
5.598131656646728516e+00
5.679276466369628906e+00
5.709201812744140625e+00
5.702075958251953125e+00
5.639729499816894531e+00
5.671491146087646484e+00
5.547511577606201172e+00
5.573883056640625000e+00
5.522840499877929688e+00
5.598845481872558594e+00
5.637881278991699219e+00
5.647748947143554688e+00
5.632534027099609375e+00
5.679562091827392578e+00
5.607997417449951172e+00
5.692695617675781250e+00
5.592654705047607422e+00
5.598195075988769531e+00
5.589399814605712891e+00
5.655881404876708984e+00
5.596714973449707031e+00
5.647239685058593750e+00
5.575975418090820312e+00
5.668710231781005859e+00
5.590619564056396484e+00
5.616012573242187500e+00
5.646639347076416016e+00
5.557740211486816406e+00
5.627392292022705078e+00
5.608544826507568359e+00
5.592789173126220703e+00
5.614683151245117188e+00
5.529688358306884766e+00
5.621228218078613281e+00
5.696324825286865234e+00
5.604279994964599609e+00
5.555660247802734375e+00
5.656009197235107422e+00
5.638784885406494141e+00
5.580148220062255859e+00
5.527463436126708984e+00
5.604333400726318359e+00
5.584262371063232422e+00
5.555947780609130859e+00
5.574415206909179688e+00
5.568926334381103516e+00
5.703929901123046875e+00
5.689837932586669922e+00
5.575502395629882812e+00
5.621971607208251953e+00
5.667274475097656250e+00
5.544432640075683594e+00
5.603165626525878906e+00
5.656284332275390625e+00
5.657805442810058594e+00
5.585863113403320312e+00
5.744237422943115234e+00
5.696322917938232422e+00
5.714555263519287109e+00
5.569496154785156250e+00
5.803586483001708984e+00
5.668552398681640625e+00
5.618197917938232422e+00
5.611829280853271484e+00
5.616620063781738281e+00
5.599396705627441406e+00
5.642723083496093750e+00
5.541607856750488281e+00
5.633421897888183594e+00
5.621570587158203125e+00
5.735454559326171875e+00
5.561228275299072266e+00
5.815615653991699219e+00
5.658095359802246094e+00
5.615972995758056641e+00
5.669885158538818359e+00
5.568515777587890625e+00
5.720214366912841797e+00
5.634262084960937500e+00
5.586615085601806641e+00
5.637374401092529297e+00
5.604240894317626953e+00
5.719035625457763672e+00
5.666033744812011719e+00
5.604146957397460938e+00
