6.852663040161132812e+00
6.804115772247314453e+00
6.758416652679443359e+00
6.671514034271240234e+00
6.642785072326660156e+00
6.616518020629882812e+00
6.549375534057617188e+00
6.526535511016845703e+00
6.372439384460449219e+00
6.372643947601318359e+00
6.293441772460937500e+00
6.236516475677490234e+00
6.330256462097167969e+00
6.215526103973388672e+00
6.299739837646484375e+00
6.313471794128417969e+00
6.197612762451171875e+00
6.432420253753662109e+00
6.255544185638427734e+00
6.222847938537597656e+00
6.210918426513671875e+00
6.280280590057373047e+00
6.048051357269287109e+00
6.203265190124511719e+00
6.256612777709960938e+00
6.085995674133300781e+00
6.033954143524169922e+00
6.066274166107177734e+00
6.389664649963378906e+00
6.170711517333984375e+00
6.158077239990234375e+00
6.034709453582763672e+00
6.124707221984863281e+00
6.060491561889648438e+00
6.068515777587890625e+00
6.078864097595214844e+00
6.174968242645263672e+00
5.948701858520507812e+00
5.971635341644287109e+00
6.057862281799316406e+00
6.256466388702392578e+00
6.080424308776855469e+00
6.029080390930175781e+00
5.998091697692871094e+00
6.106564044952392578e+00
6.207980155944824219e+00
6.158438682556152344e+00
6.057957649230957031e+00
6.240580081939697266e+00
6.070603370666503906e+00
5.991131782531738281e+00
5.995934963226318359e+00
6.005863666534423828e+00
6.020421028137207031e+00
6.027049541473388672e+00
6.039266109466552734e+00
5.987919807434082031e+00
6.026480674743652344e+00
6.154741287231445312e+00
6.153546810150146484e+00
6.079847335815429688e+00
5.976305961608886719e+00
5.990745067596435547e+00
6.121409893035888672e+00
6.041374206542968750e+00
6.033587932586669922e+00
6.012939929962158203e+00
6.135762691497802734e+00
6.059333801269531250e+00
6.017406940460205078e+00
5.949294567108154297e+00
6.154461860656738281e+00
5.936285972595214844e+00
6.003614902496337891e+00
6.065647125244140625e+00
6.083607673645019531e+00
6.201797485351562500e+00
5.937293052673339844e+00
6.139954566955566406e+00
6.171862602233886719e+00
5.991243839263916016e+00
6.033517360687255859e+00
6.061843872070312500e+00
5.959265708923339844e+00
6.049774169921875000e+00
5.968645572662353516e+00
5.995354175567626953e+00
6.183507919311523438e+00
6.120307922363281250e+00
6.221514701843261719e+00
5.945029258728027344e+00
5.991354942321777344e+00
6.000882148742675781e+00
5.899715423583984375e+00
5.955371856689453125e+00
6.190223693847656250e+00
6.020938396453857422e+00
5.989025592803955078e+00
5.933525085449218750e+00
6.073994636535644531e+00
5.986266136169433594e+00
5.913271427154541016e+00
6.026588916778564453e+00
6.055721759796142578e+00
6.221587181091308594e+00
6.085934162139892578e+00
5.944321632385253906e+00
5.897689819335937500e+00
5.942585468292236328e+00
5.952425479888916016e+00
5.973816871643066406e+00
5.951441287994384766e+00
5.930556774139404297e+00
6.016725540161132812e+00
5.794648170471191406e+00
5.963480949401855469e+00
5.941565513610839844e+00
5.881916999816894531e+00
6.104060173034667969e+00
5.851927757263183594e+00
5.945584297180175781e+00
6.057061672210693359e+00
6.000005722045898438e+00
5.916934967041015625e+00
6.045390605926513672e+00
5.978527545928955078e+00
5.875672817230224609e+00
6.001231670379638672e+00
5.845978260040283203e+00
6.127655029296875000e+00
5.888616085052490234e+00
6.065499782562255859e+00
6.086087703704833984e+00
6.102021217346191406e+00
5.864638328552246094e+00
6.105921745300292969e+00
6.216856479644775391e+00
6.082107543945312500e+00
6.046094417572021484e+00
6.035315513610839844e+00
5.832821846008300781e+00
5.982259750366210938e+00
5.944190502166748047e+00
5.872696399688720703e+00
5.974203586578369141e+00
5.892519950866699219e+00
5.868010997772216797e+00
6.007810115814208984e+00
5.902119636535644531e+00
5.823626995086669922e+00
6.170841217041015625e+00
5.895018100738525391e+00
5.913231372833251953e+00
6.122896671295166016e+00
5.801453113555908203e+00
6.117278099060058594e+00
6.021040916442871094e+00
6.241764068603515625e+00
5.989989280700683594e+00
5.990066528320312500e+00
5.891791343688964844e+00
5.940133571624755859e+00
6.025548458099365234e+00
6.034144401550292969e+00
5.902441978454589844e+00
5.964044570922851562e+00
5.844117164611816406e+00
5.918038368225097656e+00
5.895192623138427734e+00
5.948839187622070312e+00
5.956895828247070312e+00
5.914818286895751953e+00
6.139544486999511719e+00
5.907892227172851562e+00
5.862124443054199219e+00
6.061339855194091797e+00
5.800379753112792969e+00
6.038189888000488281e+00
6.021986007690429688e+00
5.921462059020996094e+00
6.118485927581787109e+00
5.899012565612792969e+00
6.144364356994628906e+00
5.922425270080566406e+00
6.169274806976318359e+00
5.933257579803466797e+00
6.009471416473388672e+00
5.902309417724609375e+00
5.866478919982910156e+00
5.995782375335693359e+00
5.927373886108398438e+00
5.940608024597167969e+00
5.960986137390136719e+00
5.890872955322265625e+00
5.923344135284423828e+00
6.078148841857910156e+00
5.996883392333984375e+00
5.891668319702148438e+00
5.932282447814941406e+00
5.887456417083740234e+00
5.922203063964843750e+00
5.816665649414062500e+00
6.013484477996826172e+00
6.030159950256347656e+00
5.986306190490722656e+00
5.921302795410156250e+00
6.062227725982666016e+00
5.840225219726562500e+00
6.137267112731933594e+00
5.868967056274414062e+00
5.963080883026123047e+00
5.905415534973144531e+00
5.824803352355957031e+00
5.837865829467773438e+00
5.871900558471679688e+00
6.047407150268554688e+00
5.880967617034912109e+00
6.053424358367919922e+00
5.927809715270996094e+00
5.974423885345458984e+00
6.039865016937255859e+00
5.887715339660644531e+00
6.196873664855957031e+00
5.956101894378662109e+00
6.112290859222412109e+00
6.000023841857910156e+00
6.070679664611816406e+00
5.982805728912353516e+00
5.872615337371826172e+00
5.819730758666992188e+00
6.131437778472900391e+00
6.058595180511474609e+00
5.897319793701171875e+00
6.067603111267089844e+00
5.839401721954345703e+00
6.113618850708007812e+00
5.821701526641845703e+00
6.162014961242675781e+00
6.016607284545898438e+00
6.046549320220947266e+00
5.961409091949462891e+00
6.153360843658447266e+00
5.893478393554687500e+00
5.922844886779785156e+00
5.894713878631591797e+00
5.867374420166015625e+00
5.943539619445800781e+00
5.984086036682128906e+00
5.931652069091796875e+00
6.048026084899902344e+00
6.129914760589599609e+00
5.946812629699707031e+00
5.993053436279296875e+00
6.010952949523925781e+00
5.809632301330566406e+00
5.894599914550781250e+00
5.760041713714599609e+00
5.937233924865722656e+00
6.042149543762207031e+00
5.838961124420166016e+00
6.097580432891845703e+00
6.225079059600830078e+00
5.898612976074218750e+00
5.927079200744628906e+00
5.910089015960693359e+00
6.052741527557373047e+00
5.894086837768554688e+00
6.037861824035644531e+00
5.745815277099609375e+00
6.131177902221679688e+00
6.007420539855957031e+00
5.945510387420654297e+00
6.035524368286132812e+00
5.877267360687255859e+00
5.958468437194824219e+00
5.883525848388671875e+00
6.052078247070312500e+00
6.051240444183349609e+00
5.928941726684570312e+00
5.901447772979736328e+00
5.960186004638671875e+00
6.036276817321777344e+00
5.924100875854492188e+00
5.851632118225097656e+00
5.949129104614257812e+00
5.804359912872314453e+00
6.005738735198974609e+00
6.148354053497314453e+00
5.853542327880859375e+00
5.889656066894531250e+00
5.972826004028320312e+00
5.931859970092773438e+00
5.991308212280273438e+00
6.070633411407470703e+00
5.886463642120361328e+00
5.780204772949218750e+00
5.806201934814453125e+00
5.952849864959716797e+00
5.906887054443359375e+00
5.954755783081054688e+00
5.860331535339355469e+00
5.884119510650634766e+00
6.009463310241699219e+00
5.936063766479492188e+00
6.021092414855957031e+00
5.895241260528564453e+00
6.007327556610107422e+00
5.971123695373535156e+00
5.900055885314941406e+00
5.897607803344726562e+00
5.830870628356933594e+00
5.927432537078857422e+00
5.898836135864257812e+00
5.830845355987548828e+00
5.904370307922363281e+00
5.878955364227294922e+00
5.837721347808837891e+00
5.959172248840332031e+00
6.063625812530517578e+00
5.894672870635986328e+00
6.001307964324951172e+00
5.975832939147949219e+00
6.093860149383544922e+00
5.957747459411621094e+00
5.896497249603271484e+00
5.832195281982421875e+00
6.029189109802246094e+00
5.885743141174316406e+00
5.836124420166015625e+00
5.991833209991455078e+00
5.862504959106445312e+00
5.802422523498535156e+00
5.999051094055175781e+00
5.857625961303710938e+00
6.042668342590332031e+00
5.886835098266601562e+00
5.806255340576171875e+00
5.929984092712402344e+00
6.089044570922851562e+00
6.012322425842285156e+00
5.831377029418945312e+00
5.885921478271484375e+00
6.026660442352294922e+00
5.906559467315673828e+00
5.934377193450927734e+00
6.091955184936523438e+00
5.860617637634277344e+00
5.783962249755859375e+00
5.853379249572753906e+00
5.856148719787597656e+00
5.896885395050048828e+00
5.838094234466552734e+00
6.018963336944580078e+00
6.074883460998535156e+00
5.976780891418457031e+00
5.903863430023193359e+00
5.882596969604492188e+00
5.941949844360351562e+00
6.035250663757324219e+00
5.974779129028320312e+00
5.916690826416015625e+00
5.847285270690917969e+00
5.972033500671386719e+00
5.922506332397460938e+00
5.876793861389160156e+00
5.971962451934814453e+00
6.169533252716064453e+00
5.815998077392578125e+00
6.018604278564453125e+00
5.827654838562011719e+00
6.098376274108886719e+00
5.959967136383056641e+00
5.888234615325927734e+00
6.024190425872802734e+00
5.824551582336425781e+00
5.880384445190429688e+00
5.913107872009277344e+00
5.991195201873779297e+00
5.876717567443847656e+00
5.866669654846191406e+00
5.943251132965087891e+00
6.053468704223632812e+00
5.986074447631835938e+00
5.837950706481933594e+00
5.949392795562744141e+00
5.996985912322998047e+00
5.946671009063720703e+00
5.879881858825683594e+00
5.902153968811035156e+00
5.983856201171875000e+00
5.785977363586425781e+00
5.948989391326904297e+00
5.892447948455810547e+00
5.869372367858886719e+00
6.178180694580078125e+00
6.046945095062255859e+00
5.895666122436523438e+00
5.965682506561279297e+00
5.828045845031738281e+00
5.993025779724121094e+00
5.908401966094970703e+00
6.150353908538818359e+00
5.961733341217041016e+00
5.831032752990722656e+00
6.149930477142333984e+00
6.024055480957031250e+00
5.884510993957519531e+00
5.804636955261230469e+00
5.766949653625488281e+00
5.871703147888183594e+00
6.350196838378906250e+00
5.889710426330566406e+00
6.232556343078613281e+00
5.932962894439697266e+00
5.832832336425781250e+00
5.824574470520019531e+00
5.752040386199951172e+00
5.829643249511718750e+00
5.865418434143066406e+00
6.188282966613769531e+00
6.006388187408447266e+00
5.942773818969726562e+00
5.874392509460449219e+00
5.988951206207275391e+00
6.007282257080078125e+00
5.986485481262207031e+00
5.909862041473388672e+00
5.853661537170410156e+00
5.983345508575439453e+00
5.807967185974121094e+00
5.840564727783203125e+00
5.918981552124023438e+00
6.012454509735107422e+00
5.887786865234375000e+00
5.912901401519775391e+00
5.835128307342529297e+00
5.963353157043457031e+00
5.871579170227050781e+00
6.206770896911621094e+00
5.994911670684814453e+00
5.948737621307373047e+00
5.879530906677246094e+00
6.050529956817626953e+00
5.778286457061767578e+00
5.862479209899902344e+00
5.833834171295166016e+00
5.822577476501464844e+00
5.824359893798828125e+00
5.991076946258544922e+00
5.794830322265625000e+00
5.978220462799072266e+00
5.826316833496093750e+00
5.835287094116210938e+00
5.801915645599365234e+00
5.842020034790039062e+00
5.809381484985351562e+00
5.873487472534179688e+00
5.873332977294921875e+00
5.855223655700683594e+00
5.796057701110839844e+00
5.802781105041503906e+00
6.260486602783203125e+00
5.947951316833496094e+00
6.087070941925048828e+00
5.979771614074707031e+00
5.822139739990234375e+00
5.989069461822509766e+00
5.843110084533691406e+00
6.126249313354492188e+00
5.795178890228271484e+00
5.941693305969238281e+00
5.976741790771484375e+00
6.051529407501220703e+00
5.796730518341064453e+00
6.025715351104736328e+00
6.025838375091552734e+00
5.981476306915283203e+00
5.858724594116210938e+00
5.969199657440185547e+00
5.757213115692138672e+00
5.920346736907958984e+00
5.878324985504150391e+00
5.900238037109375000e+00
5.814681053161621094e+00
5.917069435119628906e+00
5.854384422302246094e+00
5.882991790771484375e+00
5.987517356872558594e+00
5.762019157409667969e+00
5.816373825073242188e+00
5.786581039428710938e+00
6.034065246582031250e+00
5.722995758056640625e+00
5.841805458068847656e+00
5.879489421844482422e+00
5.814891815185546875e+00
5.778504848480224609e+00
5.954742908477783203e+00
6.366543292999267578e+00
5.829327583312988281e+00
6.080384731292724609e+00
5.842649936676025391e+00
5.812710285186767578e+00
5.893209457397460938e+00
5.768698692321777344e+00
5.768843650817871094e+00
5.769286155700683594e+00
5.867602348327636719e+00
5.801970005035400391e+00
6.221513748168945312e+00
5.863356590270996094e+00
5.784250259399414062e+00
5.824531555175781250e+00
5.959852218627929688e+00
5.978810787200927734e+00
5.911643028259277344e+00
5.787288188934326172e+00
5.928828716278076172e+00
5.788138389587402344e+00
5.858187198638916016e+00
5.899006843566894531e+00
5.765502452850341797e+00
5.784726142883300781e+00
5.804653167724609375e+00
5.813439369201660156e+00
6.121294021606445312e+00
5.825913429260253906e+00
5.997284412384033203e+00
5.873273849487304688e+00
5.823528289794921875e+00
5.836284160614013672e+00
6.004674434661865234e+00
5.884846210479736328e+00
5.845419883728027344e+00
5.861507415771484375e+00
5.768426895141601562e+00
5.963177204132080078e+00
6.002726078033447266e+00
5.825618267059326172e+00
5.929826736450195312e+00
5.758236885070800781e+00
5.847252845764160156e+00
5.813266754150390625e+00
5.886322975158691406e+00
5.754976272583007812e+00
5.906250000000000000e+00
5.890680313110351562e+00
5.746031284332275391e+00
5.817501544952392578e+00
5.872747421264648438e+00
5.857564926147460938e+00
5.891907691955566406e+00
6.267910957336425781e+00
5.932808399200439453e+00
5.839073181152343750e+00
5.951216697692871094e+00
5.939190864562988281e+00
5.863161087036132812e+00
5.927794456481933594e+00
5.925992965698242188e+00
5.916120052337646484e+00
5.805003166198730469e+00
5.754988193511962891e+00
6.135607719421386719e+00
5.897674560546875000e+00
5.875669479370117188e+00
5.895504951477050781e+00
5.915006637573242188e+00
5.822705268859863281e+00
5.797240257263183594e+00
5.837052345275878906e+00
6.124133586883544922e+00
5.905777454376220703e+00
5.865979194641113281e+00
5.870404243469238281e+00
5.737455368041992188e+00
5.789278984069824219e+00
5.816973686218261719e+00
5.931060314178466797e+00
5.959282875061035156e+00
5.921370029449462891e+00
5.827636241912841797e+00
5.952364921569824219e+00
5.858966350555419922e+00
5.824579238891601562e+00
5.894106864929199219e+00
5.787106513977050781e+00
5.954957962036132812e+00
5.804778099060058594e+00
5.870580673217773438e+00
5.780828475952148438e+00
5.840815067291259766e+00
5.787546157836914062e+00
5.805755615234375000e+00
5.983355045318603516e+00
5.788037776947021484e+00
5.804834842681884766e+00
5.827805519104003906e+00
5.895977020263671875e+00
5.857184886932373047e+00
5.942229270935058594e+00
5.837033271789550781e+00
5.759731292724609375e+00
5.996047973632812500e+00
5.823716163635253906e+00
5.816761970520019531e+00
6.027545928955078125e+00
5.900012016296386719e+00
6.106190204620361328e+00
6.033954620361328125e+00
6.009769916534423828e+00
5.765085220336914062e+00
5.824792385101318359e+00
6.067268371582031250e+00
5.755721092224121094e+00
5.871438026428222656e+00
5.777702808380126953e+00
5.906281471252441406e+00
5.959440231323242188e+00
5.838309764862060547e+00
5.874521255493164062e+00
5.936507225036621094e+00
5.915748119354248047e+00
5.866292953491210938e+00
5.923704624176025391e+00
5.842407703399658203e+00
5.932806015014648438e+00
6.102539539337158203e+00
5.860084056854248047e+00
5.852054595947265625e+00
6.108345031738281250e+00
5.742204189300537109e+00
5.869719505310058594e+00
5.865781784057617188e+00
5.868767738342285156e+00
5.937362670898437500e+00
5.998919963836669922e+00
6.025927066802978516e+00
5.786243438720703125e+00
5.820558071136474609e+00
5.929483890533447266e+00
5.875584602355957031e+00
5.776254653930664062e+00
5.903691291809082031e+00
5.758029460906982422e+00
5.873323917388916016e+00
5.746201038360595703e+00
5.974982261657714844e+00
5.766780853271484375e+00
5.848244667053222656e+00
5.859737873077392578e+00
5.752712726593017578e+00
5.969989299774169922e+00
5.925457477569580078e+00
5.853849411010742188e+00
5.834331989288330078e+00
5.731299877166748047e+00
6.248572349548339844e+00
5.890120506286621094e+00
5.946447372436523438e+00
5.890828132629394531e+00
5.913711071014404297e+00
5.786613464355468750e+00
5.793203353881835938e+00
5.937437057495117188e+00
5.825343608856201172e+00
5.782459735870361328e+00
6.158076763153076172e+00
5.795719146728515625e+00
5.728904724121093750e+00
5.756550312042236328e+00
5.816030979156494141e+00
5.750112056732177734e+00
5.937108039855957031e+00
5.948115348815917969e+00
5.761857986450195312e+00
5.900397300720214844e+00
5.707635402679443359e+00
5.867055892944335938e+00
5.805378913879394531e+00
6.036686897277832031e+00
5.818259239196777344e+00
5.935673713684082031e+00
5.818260192871093750e+00
5.920757293701171875e+00
6.035343170166015625e+00
5.915717124938964844e+00
5.835877418518066406e+00
5.744170188903808594e+00
5.893056869506835938e+00
5.761640548706054688e+00
5.897686004638671875e+00
5.891369342803955078e+00
6.022087097167968750e+00
5.742515563964843750e+00
5.788814544677734375e+00
5.895864009857177734e+00
5.940983772277832031e+00
5.768375873565673828e+00
5.959377288818359375e+00
5.737142086029052734e+00
5.956122398376464844e+00
5.866149902343750000e+00
5.854402065277099609e+00
5.755278110504150391e+00
5.857662200927734375e+00
6.164349079132080078e+00
6.081606864929199219e+00
5.934623718261718750e+00
5.925467967987060547e+00
5.817129611968994141e+00
5.835787296295166016e+00
5.805516242980957031e+00
5.862893104553222656e+00
5.687231540679931641e+00
5.938482761383056641e+00
5.706492424011230469e+00
5.802298069000244141e+00
5.778788089752197266e+00
5.987956047058105469e+00
6.131648063659667969e+00
5.775772094726562500e+00
5.786509990692138672e+00
5.832602500915527344e+00
5.846043109893798828e+00
5.872673511505126953e+00
5.850064277648925781e+00
5.916433334350585938e+00
5.786015033721923828e+00
5.835157394409179688e+00
6.067630767822265625e+00
5.856248855590820312e+00
5.849974632263183594e+00
5.976587295532226562e+00
5.761451721191406250e+00
5.810178756713867188e+00
5.990953445434570312e+00
5.813380718231201172e+00
5.975534915924072266e+00
5.916107177734375000e+00
5.741837978363037109e+00
5.892444610595703125e+00
5.912526130676269531e+00
5.775687217712402344e+00
5.877902984619140625e+00
5.715705871582031250e+00
5.737968444824218750e+00
5.864649772644042969e+00
5.831986427307128906e+00
5.747426986694335938e+00
5.785743236541748047e+00
5.923114776611328125e+00
5.812866210937500000e+00
5.893774986267089844e+00
5.917713165283203125e+00
5.800971508026123047e+00
5.974263668060302734e+00
5.874200820922851562e+00
5.924291610717773438e+00
5.847211360931396484e+00
5.913403987884521484e+00
5.813764572143554688e+00
5.799283981323242188e+00
5.817203998565673828e+00
5.748972415924072266e+00
5.851157188415527344e+00
5.834371089935302734e+00
5.855931758880615234e+00
5.889037609100341797e+00
5.857622623443603516e+00
5.807583332061767578e+00
5.753573894500732422e+00
6.062150955200195312e+00
5.835231781005859375e+00
5.694442272186279297e+00
5.835474491119384766e+00
5.924959659576416016e+00
5.922208309173583984e+00
6.043498039245605469e+00
5.826633930206298828e+00
5.712809562683105469e+00
5.853047847747802734e+00
5.960089206695556641e+00
5.820724487304687500e+00
6.059808254241943359e+00
5.822232246398925781e+00
5.744821548461914062e+00
6.022458076477050781e+00
5.767385959625244141e+00
5.861370086669921875e+00
5.851923942565917969e+00
6.029456615447998047e+00
5.821303844451904297e+00
5.961994647979736328e+00
5.836140632629394531e+00
5.899488925933837891e+00
5.792859077453613281e+00
5.748582363128662109e+00
5.796641826629638672e+00
5.916511535644531250e+00
5.799507141113281250e+00
5.783573150634765625e+00
5.830123424530029297e+00
5.897615432739257812e+00
5.844749450683593750e+00
5.953160285949707031e+00
5.872233390808105469e+00
5.839932918548583984e+00
5.768348693847656250e+00
5.932114124298095703e+00
5.704155921936035156e+00
5.955471038818359375e+00
5.956721782684326172e+00
5.853269577026367188e+00
5.817962646484375000e+00
5.778730392456054688e+00
5.790427684783935547e+00
5.813877105712890625e+00
5.924759387969970703e+00
5.877174854278564453e+00
5.832070827484130859e+00
5.749555587768554688e+00
5.946249485015869141e+00
5.763400554656982422e+00
5.797897338867187500e+00
5.996550559997558594e+00
5.815383434295654297e+00
5.753096580505371094e+00
5.976531982421875000e+00
5.788793563842773438e+00
6.129932403564453125e+00
5.816705226898193359e+00
5.849633693695068359e+00
5.802998542785644531e+00
5.883069038391113281e+00
5.803164482116699219e+00
5.756430625915527344e+00
5.747316360473632812e+00
5.844810485839843750e+00
5.958122253417968750e+00
5.819302082061767578e+00
5.877727508544921875e+00
5.785313129425048828e+00
5.846854209899902344e+00
5.991242408752441406e+00
5.792670249938964844e+00
5.846559524536132812e+00
5.905841827392578125e+00
5.898578643798828125e+00
5.910367965698242188e+00
5.780758857727050781e+00
5.815043926239013672e+00
5.711234092712402344e+00
5.743162155151367188e+00
5.946922779083251953e+00
5.779573917388916016e+00
5.939751625061035156e+00
5.809936046600341797e+00
5.771049976348876953e+00
5.988096237182617188e+00
5.779945373535156250e+00
5.703560829162597656e+00
5.802547454833984375e+00
5.697170734405517578e+00
6.012680530548095703e+00
5.753411769866943359e+00
5.699123382568359375e+00
5.801822185516357422e+00
6.003460884094238281e+00
6.010708332061767578e+00
5.833559036254882812e+00
5.992294311523437500e+00
5.890820026397705078e+00
5.768989086151123047e+00
5.889795303344726562e+00
5.894399642944335938e+00
5.771281719207763672e+00
5.785548210144042969e+00
5.766645431518554688e+00
6.011990547180175781e+00
5.865900039672851562e+00
5.914462089538574219e+00
5.882179737091064453e+00
5.792049407958984375e+00
5.889201164245605469e+00
6.005824565887451172e+00
5.786700725555419922e+00
5.850052833557128906e+00
5.819509506225585938e+00
5.743675708770751953e+00
5.799451828002929688e+00
5.718120098114013672e+00
5.807488441467285156e+00
5.810109138488769531e+00
5.787903785705566406e+00
5.833616256713867188e+00
5.854767322540283203e+00
5.806127071380615234e+00
5.762357711791992188e+00
5.767966270446777344e+00
5.923438072204589844e+00
5.950904846191406250e+00
5.733190536499023438e+00
5.758543968200683594e+00
5.837193965911865234e+00
5.823606491088867188e+00
5.764068126678466797e+00
5.865331649780273438e+00
6.141239166259765625e+00
5.932648181915283203e+00
5.796054840087890625e+00
5.848662853240966797e+00
5.805708885192871094e+00
5.767307281494140625e+00
5.795333385467529297e+00
5.814034461975097656e+00
5.951534748077392578e+00
5.800185680389404297e+00
5.827546119689941406e+00
5.729592800140380859e+00
5.741209030151367188e+00
5.969842910766601562e+00
5.788433074951171875e+00
5.884518623352050781e+00
6.050357818603515625e+00
5.863892078399658203e+00
5.929066658020019531e+00
5.868477344512939453e+00
5.978345870971679688e+00
5.729291439056396484e+00
5.794933795928955078e+00
5.755437850952148438e+00
5.812354087829589844e+00
5.781982898712158203e+00
5.836635589599609375e+00
5.902886390686035156e+00
5.964000701904296875e+00
5.693876266479492188e+00
5.814163208007812500e+00
5.742599487304687500e+00
5.880770683288574219e+00
5.835997581481933594e+00
5.725638866424560547e+00
5.916901111602783203e+00
5.890101432800292969e+00
5.717594623565673828e+00
5.763499259948730469e+00
5.785578727722167969e+00
5.794802665710449219e+00
5.944771766662597656e+00
5.832952022552490234e+00
5.710931777954101562e+00
5.748143672943115234e+00
5.972344398498535156e+00
5.822005271911621094e+00
5.989079475402832031e+00
5.787322521209716797e+00
5.759550571441650391e+00
5.906051635742187500e+00
5.874305725097656250e+00
5.961353302001953125e+00
5.861720085144042969e+00
5.866411209106445312e+00
5.749369144439697266e+00
5.816197872161865234e+00
6.130013465881347656e+00
5.892447948455810547e+00
5.753233909606933594e+00
5.716393470764160156e+00
5.727896690368652344e+00
