6.887456893920898438e+00
6.809738159179687500e+00
6.730102539062500000e+00
6.639776229858398438e+00
6.511489391326904297e+00
6.523029804229736328e+00
6.440180778503417969e+00
6.385767936706542969e+00
6.484413623809814453e+00
6.405136585235595703e+00
6.366817474365234375e+00
6.453539848327636719e+00
6.491947650909423828e+00
6.441837310791015625e+00
6.363461494445800781e+00
6.412017345428466797e+00
6.398708820343017578e+00
6.317346572875976562e+00
6.308319091796875000e+00
6.309314727783203125e+00
6.212826728820800781e+00
6.249653816223144531e+00
6.272827625274658203e+00
6.254262924194335938e+00
6.235859870910644531e+00
6.237092018127441406e+00
6.338637828826904297e+00
6.243185997009277344e+00
6.328628540039062500e+00
6.197554588317871094e+00
6.192772388458251953e+00
6.213253498077392578e+00
6.329966545104980469e+00
6.190241813659667969e+00
6.290372848510742188e+00
6.154330730438232422e+00
6.216158866882324219e+00
6.211709499359130859e+00
6.146376609802246094e+00
6.255733489990234375e+00
6.137532234191894531e+00
6.306657791137695312e+00
6.153015613555908203e+00
6.212854385375976562e+00
6.284199714660644531e+00
6.145354270935058594e+00
6.245339870452880859e+00
6.141868114471435547e+00
6.163643836975097656e+00
6.210068702697753906e+00
6.285011291503906250e+00
6.040158748626708984e+00
6.123552799224853516e+00
6.196273803710937500e+00
6.236163139343261719e+00
6.081927776336669922e+00
6.175766944885253906e+00
6.202481269836425781e+00
6.267044067382812500e+00
6.162236213684082031e+00
6.176788806915283203e+00
6.191095829010009766e+00
6.083783149719238281e+00
6.120684146881103516e+00
6.137710571289062500e+00
6.052621364593505859e+00
6.089659690856933594e+00
6.114063739776611328e+00
6.143880367279052734e+00
6.047374248504638672e+00
6.138195037841796875e+00
6.205443859100341797e+00
6.074096679687500000e+00
6.098390579223632812e+00
6.179792881011962891e+00
6.212292671203613281e+00
6.146494865417480469e+00
6.233030319213867188e+00
6.248847484588623047e+00
6.154885768890380859e+00
6.214475631713867188e+00
6.291402816772460938e+00
6.128398895263671875e+00
6.174348354339599609e+00
6.179664611816406250e+00
6.293582916259765625e+00
6.121090412139892578e+00
6.159544944763183594e+00
6.151115894317626953e+00
6.255566596984863281e+00
5.998171329498291016e+00
6.040220737457275391e+00
6.088769912719726562e+00
6.148716926574707031e+00
6.134114742279052734e+00
6.071523666381835938e+00
6.216928482055664062e+00
6.098089694976806641e+00
6.023203849792480469e+00
6.068144798278808594e+00
6.106240272521972656e+00
6.116598129272460938e+00
6.042870044708251953e+00
6.099561214447021484e+00
6.096741676330566406e+00
6.202236175537109375e+00
6.146810054779052734e+00
6.038754940032958984e+00
5.978216171264648438e+00
6.072190284729003906e+00
6.078323841094970703e+00
6.228704452514648438e+00
6.048555850982666016e+00
6.113598346710205078e+00
6.031467437744140625e+00
6.010282516479492188e+00
6.013773918151855469e+00
5.986003398895263672e+00
6.308327198028564453e+00
6.154298305511474609e+00
6.027395725250244141e+00
6.051939010620117188e+00
5.941949367523193359e+00
6.179822444915771484e+00
6.035818576812744141e+00
6.058090209960937500e+00
5.920180797576904297e+00
6.059475898742675781e+00
6.167908191680908203e+00
6.394797325134277344e+00
6.075682640075683594e+00
6.055772304534912109e+00
6.013702869415283203e+00
6.031075954437255859e+00
6.117652893066406250e+00
6.131097316741943359e+00
5.986996650695800781e+00
6.079756736755371094e+00
6.147142410278320312e+00
6.109868049621582031e+00
6.052062034606933594e+00
6.286972999572753906e+00
6.125387668609619141e+00
6.043225288391113281e+00
6.190534591674804688e+00
5.979085922241210938e+00
6.033408164978027344e+00
5.995923042297363281e+00
6.034047126770019531e+00
6.015257835388183594e+00
6.107917308807373047e+00
5.968765258789062500e+00
6.008957862854003906e+00
6.035262107849121094e+00
6.097859382629394531e+00
6.064407825469970703e+00
6.035670757293701172e+00
5.956357002258300781e+00
6.013987541198730469e+00
6.175848007202148438e+00
5.997418403625488281e+00
6.227443218231201172e+00
6.049727439880371094e+00
5.906517982482910156e+00
6.080539703369140625e+00
6.002151489257812500e+00
6.010616302490234375e+00
6.064333438873291016e+00
5.972472190856933594e+00
6.157323360443115234e+00
6.055753231048583984e+00
6.083633422851562500e+00
5.985713005065917969e+00
5.896386623382568359e+00
6.225493431091308594e+00
6.218732357025146484e+00
6.135472297668457031e+00
5.964327812194824219e+00
6.185205936431884766e+00
5.967591762542724609e+00
5.900427818298339844e+00
5.962740898132324219e+00
5.958732604980468750e+00
5.981721401214599609e+00
6.068973541259765625e+00
6.115359306335449219e+00
6.053329467773437500e+00
6.028418540954589844e+00
5.938712120056152344e+00
6.006840229034423828e+00
6.065102100372314453e+00
5.940009117126464844e+00
5.972753047943115234e+00
5.868994712829589844e+00
6.050463676452636719e+00
5.985168933868408203e+00
5.970610618591308594e+00
5.906098842620849609e+00
6.024639606475830078e+00
5.899857521057128906e+00
5.994985580444335938e+00
6.021831989288330078e+00
6.001179218292236328e+00
5.971849441528320312e+00
6.162365436553955078e+00
5.959597587585449219e+00
6.026772022247314453e+00
5.932399749755859375e+00
6.322758197784423828e+00
6.095591545104980469e+00
6.042971611022949219e+00
6.031714916229248047e+00
6.027565479278564453e+00
5.966336250305175781e+00
5.950301170349121094e+00
6.055670738220214844e+00
6.042033195495605469e+00
6.080953598022460938e+00
6.164730072021484375e+00
5.989248752593994141e+00
5.917477130889892578e+00
6.008262157440185547e+00
6.104068279266357422e+00
5.892303466796875000e+00
5.970891475677490234e+00
6.124217987060546875e+00
6.107201576232910156e+00
6.036615371704101562e+00
5.996693134307861328e+00
5.957213878631591797e+00
5.996544361114501953e+00
6.042526245117187500e+00
5.979655265808105469e+00
5.991453647613525391e+00
6.085979461669921875e+00
6.027988433837890625e+00
6.026323318481445312e+00
6.047639846801757812e+00
5.993857860565185547e+00
6.114480495452880859e+00
5.970444202423095703e+00
6.044522762298583984e+00
6.038788795471191406e+00
6.028412342071533203e+00
6.145548820495605469e+00
6.038118362426757812e+00
5.970533370971679688e+00
6.156142711639404297e+00
5.966438293457031250e+00
6.044957160949707031e+00
6.008285522460937500e+00
5.960802078247070312e+00
6.083428382873535156e+00
6.117276668548583984e+00
6.083404541015625000e+00
6.117383956909179688e+00
6.051586151123046875e+00
5.955604553222656250e+00
5.987283229827880859e+00
6.004614830017089844e+00
5.921224117279052734e+00
5.995456695556640625e+00
5.996272563934326172e+00
6.037684917449951172e+00
6.082837104797363281e+00
6.127711772918701172e+00
6.089271545410156250e+00
6.007346630096435547e+00
5.973350048065185547e+00
5.904258728027343750e+00
6.048206329345703125e+00
5.969069480895996094e+00
6.077723503112792969e+00
5.997328281402587891e+00
6.063364982604980469e+00
6.003503799438476562e+00
6.015325069427490234e+00
6.020672798156738281e+00
6.061521530151367188e+00
5.899900436401367188e+00
5.890127182006835938e+00
5.944498062133789062e+00
6.008663177490234375e+00
6.008637428283691406e+00
6.130826473236083984e+00
5.949050903320312500e+00
5.918086051940917969e+00
6.125354766845703125e+00
5.924099922180175781e+00
6.003315448760986328e+00
6.044714927673339844e+00
5.848196983337402344e+00
6.069533348083496094e+00
6.103402614593505859e+00
6.039024353027343750e+00
6.006975650787353516e+00
5.881794929504394531e+00
5.950523853302001953e+00
6.132656097412109375e+00
6.056505680084228516e+00
6.034235000610351562e+00
6.008491516113281250e+00
5.828441143035888672e+00
5.968376159667968750e+00
6.100557327270507812e+00
5.940866947174072266e+00
5.942849636077880859e+00
5.946253776550292969e+00
6.120632171630859375e+00
5.910019874572753906e+00
5.942487716674804688e+00
5.912976264953613281e+00
5.926125049591064453e+00
5.898696899414062500e+00
5.967260360717773438e+00
6.064999580383300781e+00
5.968051910400390625e+00
6.080593585968017578e+00
5.968087196350097656e+00
5.914833068847656250e+00
5.991759300231933594e+00
6.026573181152343750e+00
6.013487339019775391e+00
6.015917778015136719e+00
6.201093196868896484e+00
5.955971717834472656e+00
6.009689807891845703e+00
5.951276779174804688e+00
5.909532546997070312e+00
6.033580780029296875e+00
6.073234558105468750e+00
5.942961215972900391e+00
5.997321128845214844e+00
5.998400688171386719e+00
6.012522220611572266e+00
6.064898490905761719e+00
6.030695915222167969e+00
5.992321968078613281e+00
5.989239692687988281e+00
6.049705028533935547e+00
5.894459724426269531e+00
6.030298709869384766e+00
5.895403385162353516e+00
5.874961853027343750e+00
5.955581188201904297e+00
5.998132705688476562e+00
6.118886470794677734e+00
5.984308242797851562e+00
6.058388710021972656e+00
6.061246395111083984e+00
5.863341808319091797e+00
5.990820884704589844e+00
5.988527297973632812e+00
5.874168395996093750e+00
5.924095153808593750e+00
5.996819496154785156e+00
5.926331520080566406e+00
5.907779216766357422e+00
6.045629501342773438e+00
5.937245368957519531e+00
5.943643093109130859e+00
5.994589805603027344e+00
6.058835983276367188e+00
6.056386947631835938e+00
5.899084091186523438e+00
5.986194133758544922e+00
6.017597198486328125e+00
5.934109687805175781e+00
5.936279296875000000e+00
5.978945732116699219e+00
5.931711196899414062e+00
5.913909435272216797e+00
6.086542129516601562e+00
5.986011505126953125e+00
5.957597732543945312e+00
5.939378738403320312e+00
5.955801486968994141e+00
5.999445438385009766e+00
6.054141044616699219e+00
5.901373386383056641e+00
5.882426261901855469e+00
5.984203338623046875e+00
5.963065147399902344e+00
5.937377929687500000e+00
6.024075984954833984e+00
6.000973224639892578e+00
5.888252735137939453e+00
5.987035751342773438e+00
5.961530685424804688e+00
5.982642650604248047e+00
5.937732219696044922e+00
5.934716224670410156e+00
5.962624549865722656e+00
5.997680664062500000e+00
5.902987003326416016e+00
5.957303047180175781e+00
5.919657707214355469e+00
6.133263587951660156e+00
5.881042957305908203e+00
5.884740829467773438e+00
5.980441570281982422e+00
5.968112945556640625e+00
5.865599155426025391e+00
5.951354026794433594e+00
5.888958454132080078e+00
5.967357635498046875e+00
5.966410636901855469e+00
5.900389194488525391e+00
5.870077133178710938e+00
6.151830673217773438e+00
5.975130558013916016e+00
6.046030521392822266e+00
5.981123447418212891e+00
5.975122451782226562e+00
5.920195579528808594e+00
5.947432041168212891e+00
5.983057975769042969e+00
6.099806785583496094e+00
6.114216804504394531e+00
6.033455848693847656e+00
5.858014583587646484e+00
5.989186286926269531e+00
5.942208766937255859e+00
5.978242397308349609e+00
5.988962173461914062e+00
6.088593006134033203e+00
5.901268482208251953e+00
5.993451118469238281e+00
5.869252681732177734e+00
6.006381034851074219e+00
5.938374519348144531e+00
6.016371250152587891e+00
6.080558300018310547e+00
5.897116661071777344e+00
5.990807533264160156e+00
5.924512863159179688e+00
6.110181808471679688e+00
5.938967227935791016e+00
5.916143417358398438e+00
5.955776214599609375e+00
5.945189476013183594e+00
5.937188625335693359e+00
6.065290927886962891e+00
6.017379760742187500e+00
5.938254833221435547e+00
5.947650909423828125e+00
5.891849994659423828e+00
6.008955955505371094e+00
6.101816177368164062e+00
5.897447109222412109e+00
5.864766120910644531e+00
5.949095726013183594e+00
6.096253395080566406e+00
6.008792400360107422e+00
6.018399238586425781e+00
5.796288490295410156e+00
6.049940586090087891e+00
6.060080528259277344e+00
5.977899551391601562e+00
6.006599426269531250e+00
6.102406024932861328e+00
6.106137275695800781e+00
6.025550365447998047e+00
5.969165802001953125e+00
6.173568248748779297e+00
5.907253265380859375e+00
6.082761287689208984e+00
5.998486518859863281e+00
5.952620506286621094e+00
5.997580528259277344e+00
6.000433444976806641e+00
5.976305484771728516e+00
6.010128498077392578e+00
6.031560420989990234e+00
6.044424533843994141e+00
5.857457160949707031e+00
5.992507457733154297e+00
5.880371093750000000e+00
6.089500904083251953e+00
5.987329959869384766e+00
6.032560348510742188e+00
5.984416007995605469e+00
5.915283203125000000e+00
6.066291809082031250e+00
6.047811031341552734e+00
5.953803539276123047e+00
6.132780075073242188e+00
5.996595382690429688e+00
5.899196624755859375e+00
5.942158699035644531e+00
5.853486061096191406e+00
5.906580924987792969e+00
6.021090507507324219e+00
5.960456848144531250e+00
5.904482841491699219e+00
6.033106803894042969e+00
5.893711090087890625e+00
5.898276329040527344e+00
5.953144073486328125e+00
5.979092597961425781e+00
5.960578918457031250e+00
5.968522071838378906e+00
5.933317661285400391e+00
5.805238246917724609e+00
5.950673580169677734e+00
5.904112339019775391e+00
5.928705215454101562e+00
5.916432380676269531e+00
5.843033790588378906e+00
5.889513015747070312e+00
5.940979003906250000e+00
5.813284397125244141e+00
5.823453903198242188e+00
5.994146347045898438e+00
5.881320953369140625e+00
6.001457214355468750e+00
5.936062812805175781e+00
5.911881446838378906e+00
5.981678009033203125e+00
5.885121822357177734e+00
6.009571075439453125e+00
5.929254531860351562e+00
5.933292865753173828e+00
5.965126037597656250e+00
5.846446990966796875e+00
5.880393028259277344e+00
5.849947452545166016e+00
5.977128505706787109e+00
6.129195213317871094e+00
6.002154827117919922e+00
5.995383739471435547e+00
5.920230865478515625e+00
5.914133548736572266e+00
5.855055332183837891e+00
6.024783134460449219e+00
6.163278579711914062e+00
5.972256183624267578e+00
5.887237548828125000e+00
6.036250114440917969e+00
6.086030960083007812e+00
5.960775375366210938e+00
6.125159263610839844e+00
5.849178791046142578e+00
6.121945381164550781e+00
6.019887924194335938e+00
5.921656131744384766e+00
5.957784175872802734e+00
5.938628196716308594e+00
5.964281558990478516e+00
5.865856170654296875e+00
5.959249973297119141e+00
5.930097579956054688e+00
5.820452213287353516e+00
5.881275177001953125e+00
5.838917732238769531e+00
5.908138275146484375e+00
5.847221851348876953e+00
5.912117958068847656e+00
5.882413864135742188e+00
5.890716552734375000e+00
5.941193580627441406e+00
6.071324348449707031e+00
5.899942874908447266e+00
5.926258087158203125e+00
6.042274475097656250e+00
5.959804534912109375e+00
5.960207939147949219e+00
5.927061080932617188e+00
6.030262947082519531e+00
5.862979412078857422e+00
5.995355606079101562e+00
5.913718700408935547e+00
5.848028659820556641e+00
5.938246726989746094e+00
5.962843894958496094e+00
5.780578613281250000e+00
6.146173477172851562e+00
5.951332092285156250e+00
6.071158409118652344e+00
6.033519744873046875e+00
5.878908157348632812e+00
5.881858348846435547e+00
6.071012496948242188e+00
6.027420520782470703e+00
6.018270492553710938e+00
5.919479846954345703e+00
5.957584381103515625e+00
5.931524753570556641e+00
5.882095813751220703e+00
5.918053627014160156e+00
5.913621425628662109e+00
5.863516330718994141e+00
5.847211837768554688e+00
5.931307315826416016e+00
5.981970310211181641e+00
5.946803092956542969e+00
5.984535694122314453e+00
5.870245933532714844e+00
6.013222694396972656e+00
5.986761093139648438e+00
6.023879528045654297e+00
6.130874633789062500e+00
5.868570804595947266e+00
6.015313148498535156e+00
6.093272209167480469e+00
5.921076297760009766e+00
6.056824207305908203e+00
5.949430942535400391e+00
6.068803310394287109e+00
5.934894084930419922e+00
5.966050148010253906e+00
5.996847152709960938e+00
5.854997634887695312e+00
6.038020133972167969e+00
6.056713104248046875e+00
6.037472724914550781e+00
6.063854217529296875e+00
5.947758197784423828e+00
6.042089462280273438e+00
5.979539871215820312e+00
5.978018760681152344e+00
5.983284950256347656e+00
5.904911518096923828e+00
5.879510879516601562e+00
6.045779705047607422e+00
5.907474040985107422e+00
6.027984142303466797e+00
5.832820415496826172e+00
6.009541988372802734e+00
5.855245113372802734e+00
5.940668106079101562e+00
5.932274818420410156e+00
6.058938980102539062e+00
5.840784549713134766e+00
6.154998779296875000e+00
5.891391277313232422e+00
6.125065326690673828e+00
5.857790946960449219e+00
5.910036087036132812e+00
5.906940937042236328e+00
5.904685974121093750e+00
6.004446029663085938e+00
5.896537303924560547e+00
5.895918846130371094e+00
6.048747062683105469e+00
5.897562980651855469e+00
5.966170310974121094e+00
5.921310901641845703e+00
5.812249183654785156e+00
6.282049179077148438e+00
5.972323417663574219e+00
6.007501602172851562e+00
6.062300205230712891e+00
5.950791358947753906e+00
5.969564437866210938e+00
5.899088859558105469e+00
5.921758174896240234e+00
5.967333793640136719e+00
6.035435676574707031e+00
5.850829601287841797e+00
5.860025882720947266e+00
6.047103881835937500e+00
5.963155269622802734e+00
5.932040214538574219e+00
5.822998523712158203e+00
5.981796741485595703e+00
5.820326805114746094e+00
5.876975059509277344e+00
5.858503818511962891e+00
5.947984695434570312e+00
5.896312713623046875e+00
5.930894851684570312e+00
5.972259521484375000e+00
5.910204410552978516e+00
5.860144615173339844e+00
6.016801357269287109e+00
5.920308113098144531e+00
5.930877685546875000e+00
5.958620071411132812e+00
5.930198669433593750e+00
5.922479629516601562e+00
5.903230190277099609e+00
5.995229244232177734e+00
5.834235191345214844e+00
5.926115512847900391e+00
5.803610801696777344e+00
5.834566593170166016e+00
5.792860031127929688e+00
6.008460998535156250e+00
5.987374305725097656e+00
5.977459907531738281e+00
5.883528709411621094e+00
5.957323074340820312e+00
5.977849483489990234e+00
5.800664901733398438e+00
5.794836997985839844e+00
5.874556541442871094e+00
5.915649414062500000e+00
6.120676040649414062e+00
5.945279121398925781e+00
5.858219623565673828e+00
5.956093311309814453e+00
5.996981620788574219e+00
5.922803401947021484e+00
5.959625244140625000e+00
5.859452247619628906e+00
5.840357780456542969e+00
5.952056407928466797e+00
6.023116111755371094e+00
5.883882045745849609e+00
6.021965026855468750e+00
5.961593151092529297e+00
5.793904781341552734e+00
5.990592002868652344e+00
5.801673412322998047e+00
5.940042018890380859e+00
5.925569057464599609e+00
5.842229366302490234e+00
5.863951683044433594e+00
5.960298538208007812e+00
5.942341804504394531e+00
5.961486339569091797e+00
5.984269142150878906e+00
5.919716835021972656e+00
5.821407794952392578e+00
5.841863632202148438e+00
5.921590805053710938e+00
5.907374382019042969e+00
5.857213497161865234e+00
6.043876171112060547e+00
6.035164833068847656e+00
5.957862854003906250e+00
5.863382339477539062e+00
5.889067649841308594e+00
5.853877067565917969e+00
5.978378295898437500e+00
5.840915679931640625e+00
5.919069290161132812e+00
5.919751644134521484e+00
6.030038833618164062e+00
5.970652580261230469e+00
5.877797603607177734e+00
5.842480659484863281e+00
6.023387908935546875e+00
5.964879989624023438e+00
5.909911155700683594e+00
6.041337490081787109e+00
5.895001411437988281e+00
5.928514480590820312e+00
5.833906173706054688e+00
5.828882217407226562e+00
5.809688568115234375e+00
5.895489692687988281e+00
5.886263847351074219e+00
6.094253540039062500e+00
5.945952415466308594e+00
5.922788143157958984e+00
5.974591732025146484e+00
5.746831417083740234e+00
6.076434135437011719e+00
5.906065940856933594e+00
5.969974994659423828e+00
6.054694175720214844e+00
5.977596282958984375e+00
5.883975505828857422e+00
5.919589042663574219e+00
6.005646228790283203e+00
5.938054084777832031e+00
5.855525970458984375e+00
5.823074817657470703e+00
5.997128963470458984e+00
5.926270484924316406e+00
5.896585464477539062e+00
6.053727149963378906e+00
5.961517810821533203e+00
6.041514396667480469e+00
5.873613357543945312e+00
5.926309585571289062e+00
5.898836135864257812e+00
6.096137046813964844e+00
5.977152347564697266e+00
5.926951408386230469e+00
6.235468387603759766e+00
5.852048397064208984e+00
5.845566749572753906e+00
5.879770278930664062e+00
5.876099586486816406e+00
5.872818470001220703e+00
5.836580276489257812e+00
5.986845016479492188e+00
5.973137855529785156e+00
5.892857551574707031e+00
6.017476081848144531e+00
5.883148193359375000e+00
5.940829753875732422e+00
6.074422836303710938e+00
5.947309970855712891e+00
6.076504707336425781e+00
5.882280349731445312e+00
6.108506679534912109e+00
6.029856681823730469e+00
5.809615612030029297e+00
6.045090198516845703e+00
5.873151779174804688e+00
5.977034568786621094e+00
5.895540237426757812e+00
6.000457763671875000e+00
5.890265464782714844e+00
5.898678779602050781e+00
5.955809593200683594e+00
5.979549884796142578e+00
5.944845199584960938e+00
6.010795593261718750e+00
5.924009323120117188e+00
5.977336883544921875e+00
5.938179969787597656e+00
6.120628356933593750e+00
5.954255104064941406e+00
5.963381767272949219e+00
5.859626293182373047e+00
5.858580589294433594e+00
5.926765441894531250e+00
5.918942451477050781e+00
6.044613838195800781e+00
5.864313125610351562e+00
5.862002372741699219e+00
6.138497829437255859e+00
5.949789524078369141e+00
5.867537498474121094e+00
5.822259902954101562e+00
5.925190448760986328e+00
5.935790061950683594e+00
5.930055141448974609e+00
5.948846340179443359e+00
5.932146549224853516e+00
6.087892055511474609e+00
5.946514606475830078e+00
5.850003719329833984e+00
5.918571949005126953e+00
6.122434616088867188e+00
5.897590637207031250e+00
5.846189975738525391e+00
5.931088924407958984e+00
5.905575752258300781e+00
5.835749626159667969e+00
5.922489643096923828e+00
5.869952678680419922e+00
5.897236347198486328e+00
5.870585918426513672e+00
5.970041751861572266e+00
5.849726676940917969e+00
6.082876205444335938e+00
5.874387741088867188e+00
5.874961853027343750e+00
5.885944366455078125e+00
5.861752033233642578e+00
5.787930488586425781e+00
6.010149478912353516e+00
5.917779922485351562e+00
6.101447105407714844e+00
5.780608177185058594e+00
5.965460300445556641e+00
6.014249801635742188e+00
5.945449829101562500e+00
5.918966770172119141e+00
5.806439399719238281e+00
5.919829368591308594e+00
5.977065086364746094e+00
5.836812973022460938e+00
5.906633853912353516e+00
5.851892471313476562e+00
5.980668544769287109e+00
5.861149787902832031e+00
5.935230731964111328e+00
5.883317947387695312e+00
6.058691501617431641e+00
6.105209350585937500e+00
5.806234836578369141e+00
6.039733409881591797e+00
6.186811447143554688e+00
5.895149230957031250e+00
5.929009914398193359e+00
5.896755218505859375e+00
5.863582611083984375e+00
5.976421833038330078e+00
5.876370429992675781e+00
5.921741485595703125e+00
6.066778182983398438e+00
5.955209255218505859e+00
5.817950725555419922e+00
6.043914794921875000e+00
5.884427070617675781e+00
5.892553806304931641e+00
5.886733531951904297e+00
6.027829170227050781e+00
5.927184104919433594e+00
5.969130516052246094e+00
5.825021266937255859e+00
5.914717197418212891e+00
5.947432518005371094e+00
5.790412902832031250e+00
5.975441932678222656e+00
5.963347434997558594e+00
5.778651714324951172e+00
5.927099704742431641e+00
5.862395763397216797e+00
6.037411689758300781e+00
5.952120780944824219e+00
5.945858001708984375e+00
5.893170833587646484e+00
5.902428150177001953e+00
5.925593852996826172e+00
5.809597492218017578e+00
5.845356941223144531e+00
5.935853004455566406e+00
5.914527416229248047e+00
5.863704681396484375e+00
5.879520893096923828e+00
6.039655208587646484e+00
5.888214111328125000e+00
5.960669040679931641e+00
5.928222179412841797e+00
5.919749736785888672e+00
5.886398315429687500e+00
5.850050449371337891e+00
5.925471305847167969e+00
5.852087497711181641e+00
5.939577102661132812e+00
5.916779518127441406e+00
5.998232841491699219e+00
5.846801757812500000e+00
6.012330055236816406e+00
5.900584220886230469e+00
5.929237842559814453e+00
5.833549022674560547e+00
5.839168548583984375e+00
5.912092208862304688e+00
5.879649162292480469e+00
5.867702960968017578e+00
5.948913097381591797e+00
5.914516925811767578e+00
6.039303302764892578e+00
5.968837738037109375e+00
5.962874412536621094e+00
5.880559921264648438e+00
5.884526252746582031e+00
5.850987434387207031e+00
6.162862777709960938e+00
5.909059047698974609e+00
5.872700691223144531e+00
5.938656806945800781e+00
5.790667533874511719e+00
5.975854873657226562e+00
5.797134399414062500e+00
5.858871936798095703e+00
5.929994106292724609e+00
5.979227066040039062e+00
5.921725273132324219e+00
6.119401931762695312e+00
5.925417900085449219e+00
5.907883644104003906e+00
5.800914764404296875e+00
6.006709575653076172e+00
5.983736991882324219e+00
5.841942787170410156e+00
5.799273014068603516e+00
5.911720752716064453e+00
5.790266036987304688e+00
5.911066055297851562e+00
5.973673343658447266e+00
