6.728034019470214844e+00
6.293714523315429688e+00
6.262368202209472656e+00
6.104451179504394531e+00
6.119920730590820312e+00
5.971172809600830078e+00
5.914823532104492188e+00
5.825012683868408203e+00
5.954156875610351562e+00
5.925855159759521484e+00
5.762784481048583984e+00
5.966460227966308594e+00
5.831170082092285156e+00
6.010540008544921875e+00
5.854909896850585938e+00
5.990092754364013672e+00
5.934355258941650391e+00
5.789304256439208984e+00
5.791503429412841797e+00
5.836061477661132812e+00
5.801388740539550781e+00
5.748882770538330078e+00
5.896708488464355469e+00
5.708745956420898438e+00
5.771014213562011719e+00
5.749726295471191406e+00
5.844968318939208984e+00
5.697689533233642578e+00
5.756943702697753906e+00
5.712709903717041016e+00
5.703594207763671875e+00
5.652440071105957031e+00
5.615597724914550781e+00
5.665635108947753906e+00
5.670026302337646484e+00
5.742785453796386719e+00
5.709087371826171875e+00
5.686538219451904297e+00
5.714026451110839844e+00
5.712819576263427734e+00
5.727174758911132812e+00
5.670909881591796875e+00
5.603292942047119141e+00
5.746378421783447266e+00
5.737544536590576172e+00
5.720316886901855469e+00
5.714795112609863281e+00
5.650465011596679688e+00
5.589775562286376953e+00
5.755671977996826172e+00
5.694842338562011719e+00
5.634318351745605469e+00
5.604063034057617188e+00
5.664526939392089844e+00
5.772946357727050781e+00
5.625618934631347656e+00
5.595535278320312500e+00
5.594116210937500000e+00
5.593699455261230469e+00
5.672625541687011719e+00
5.597030162811279297e+00
5.558250427246093750e+00
5.551274776458740234e+00
5.527697563171386719e+00
5.549960136413574219e+00
5.680137157440185547e+00
5.603342533111572266e+00
5.594866752624511719e+00
5.676462650299072266e+00
5.611384391784667969e+00
5.738961219787597656e+00
5.655179023742675781e+00
5.576547622680664062e+00
5.865687370300292969e+00
5.632000446319580078e+00
5.557112693786621094e+00
5.609550952911376953e+00
5.587140083312988281e+00
5.498926639556884766e+00
5.736137390136718750e+00
5.613310813903808594e+00
5.672080516815185547e+00
5.591070175170898438e+00
5.610064506530761719e+00
5.705852508544921875e+00
5.719869613647460938e+00
5.601122379302978516e+00
5.641644477844238281e+00
5.547030925750732422e+00
5.544327259063720703e+00
5.600812435150146484e+00
5.584172248840332031e+00
5.574531555175781250e+00
5.476862430572509766e+00
5.676279544830322266e+00
5.529669761657714844e+00
5.567229747772216797e+00
5.596643924713134766e+00
5.821619510650634766e+00
5.563468456268310547e+00
5.576128005981445312e+00
5.740801334381103516e+00
5.670098304748535156e+00
5.518112659454345703e+00
5.522928237915039062e+00
5.666902065277099609e+00
5.539146900177001953e+00
5.616475105285644531e+00
5.572931289672851562e+00
5.569880485534667969e+00
5.664726257324218750e+00
5.470185279846191406e+00
5.589710235595703125e+00
5.545634269714355469e+00
5.461875438690185547e+00
5.450493812561035156e+00
5.610988140106201172e+00
5.596884250640869141e+00
5.504628658294677734e+00
5.566606998443603516e+00
5.614469528198242188e+00
5.552169322967529297e+00
5.552701950073242188e+00
5.524932384490966797e+00
5.539401054382324219e+00
5.842941284179687500e+00
5.786699295043945312e+00
5.542484283447265625e+00
5.549011707305908203e+00
5.775244712829589844e+00
5.524436950683593750e+00
5.552574634552001953e+00
5.583761692047119141e+00
5.496574401855468750e+00
5.573168277740478516e+00
5.555223941802978516e+00
5.477212905883789062e+00
5.596587657928466797e+00
5.594989776611328125e+00
5.588191032409667969e+00
5.498717308044433594e+00
5.485980987548828125e+00
5.542136192321777344e+00
5.549872398376464844e+00
5.494171142578125000e+00
5.530972480773925781e+00
5.461460113525390625e+00
5.516870021820068359e+00
5.501176834106445312e+00
5.517126560211181641e+00
5.577888011932373047e+00
5.551812171936035156e+00
5.588829040527343750e+00
5.644371986389160156e+00
5.617034912109375000e+00
5.527786254882812500e+00
5.501181602478027344e+00
5.529076576232910156e+00
5.608975887298583984e+00
5.648346900939941406e+00
5.469278812408447266e+00
5.571553707122802734e+00
5.522482872009277344e+00
5.688045501708984375e+00
5.519766330718994141e+00
5.555329799652099609e+00
5.528165340423583984e+00
5.578616142272949219e+00
5.481002807617187500e+00
5.655668258666992188e+00
5.495843410491943359e+00
5.486857414245605469e+00
5.456297874450683594e+00
5.619877815246582031e+00
5.441990375518798828e+00
5.581127166748046875e+00
5.514282226562500000e+00
5.665850639343261719e+00
5.532058238983154297e+00
5.560032844543457031e+00
5.442108154296875000e+00
5.603610992431640625e+00
5.633727073669433594e+00
5.476408481597900391e+00
5.573938846588134766e+00
5.538491249084472656e+00
5.557044982910156250e+00
5.540387153625488281e+00
5.469764709472656250e+00
5.457468986511230469e+00
5.447441101074218750e+00
5.513471603393554688e+00
5.501640796661376953e+00
5.464241981506347656e+00
5.648165702819824219e+00
5.460142612457275391e+00
5.561305999755859375e+00
5.498579978942871094e+00
5.427619934082031250e+00
5.485006332397460938e+00
5.467032909393310547e+00
5.487375259399414062e+00
5.561474323272705078e+00
5.540926456451416016e+00
5.521847724914550781e+00
5.497594833374023438e+00
5.530906200408935547e+00
5.477665424346923828e+00
5.467427730560302734e+00
5.511247158050537109e+00
5.668530464172363281e+00
5.553705692291259766e+00
5.634628295898437500e+00
5.453050136566162109e+00
5.538022994995117188e+00
5.523183345794677734e+00
5.606275558471679688e+00
5.510328769683837891e+00
5.477865695953369141e+00
5.434161186218261719e+00
5.506261825561523438e+00
5.462600708007812500e+00
5.786337375640869141e+00
5.485517501831054688e+00
5.776413917541503906e+00
5.547676086425781250e+00
5.545077323913574219e+00
5.557768821716308594e+00
5.505145072937011719e+00
5.613606452941894531e+00
5.472434520721435547e+00
5.421912193298339844e+00
5.454891204833984375e+00
5.634424209594726562e+00
5.459737777709960938e+00
5.581572532653808594e+00
5.524203300476074219e+00
5.508465766906738281e+00
5.625520229339599609e+00
5.480894088745117188e+00
5.546445369720458984e+00
5.565600872039794922e+00
5.493915557861328125e+00
5.526239395141601562e+00
5.684960365295410156e+00
5.480507850646972656e+00
5.459714889526367188e+00
5.444613933563232422e+00
5.475457191467285156e+00
5.587186813354492188e+00
5.528143882751464844e+00
5.543027877807617188e+00
5.428308963775634766e+00
5.542029857635498047e+00
5.444803714752197266e+00
5.757025241851806641e+00
5.606572628021240234e+00
5.442404270172119141e+00
5.611980915069580078e+00
5.469450950622558594e+00
5.549733161926269531e+00
5.468445777893066406e+00
5.629517555236816406e+00
5.721147537231445312e+00
5.520580291748046875e+00
5.613949298858642578e+00
5.521677017211914062e+00
5.519365310668945312e+00
5.556451320648193359e+00
5.459363937377929688e+00
5.430111885070800781e+00
5.619028091430664062e+00
5.454192638397216797e+00
5.592908382415771484e+00
5.474318027496337891e+00
5.475176334381103516e+00
5.468363761901855469e+00
5.528322219848632812e+00
5.521797180175781250e+00
5.417551994323730469e+00
5.618722915649414062e+00
5.626932144165039062e+00
5.411293983459472656e+00
5.496388435363769531e+00
5.543980598449707031e+00
5.456028461456298828e+00
5.562275409698486328e+00
5.561957359313964844e+00
5.480174064636230469e+00
5.552568435668945312e+00
5.577714443206787109e+00
5.488928318023681641e+00
5.776203155517578125e+00
5.586072921752929688e+00
5.497318267822265625e+00
5.504866600036621094e+00
5.503911972045898438e+00
5.561962127685546875e+00
5.535342693328857422e+00
5.457177162170410156e+00
5.488494873046875000e+00
5.427620410919189453e+00
5.449759483337402344e+00
5.543149471282958984e+00
5.578972339630126953e+00
5.532449245452880859e+00
5.546664714813232422e+00
5.500719070434570312e+00
5.549757480621337891e+00
5.412444114685058594e+00
5.494454860687255859e+00
5.406883239746093750e+00
5.459900856018066406e+00
5.511293888092041016e+00
5.477595329284667969e+00
5.450097560882568359e+00
5.444412231445312500e+00
5.433312892913818359e+00
5.501481056213378906e+00
5.421804904937744141e+00
5.623101234436035156e+00
5.606553077697753906e+00
5.546164989471435547e+00
5.531640052795410156e+00
5.447544097900390625e+00
5.529535293579101562e+00
5.439141750335693359e+00
5.494815349578857422e+00
5.610000610351562500e+00
5.500054836273193359e+00
5.425423622131347656e+00
5.599941730499267578e+00
5.518718719482421875e+00
5.508262634277343750e+00
5.492562294006347656e+00
5.501341819763183594e+00
5.474859237670898438e+00
5.486145019531250000e+00
5.413069248199462891e+00
5.475780010223388672e+00
5.581584930419921875e+00
5.446820735931396484e+00
5.430036067962646484e+00
5.553217411041259766e+00
5.458312034606933594e+00
5.536842346191406250e+00
5.540189743041992188e+00
5.564722061157226562e+00
5.491580486297607422e+00
5.592400550842285156e+00
5.481373786926269531e+00
5.485378265380859375e+00
5.449485301971435547e+00
5.544535636901855469e+00
5.593665122985839844e+00
5.560564517974853516e+00
5.583573341369628906e+00
5.810101985931396484e+00
5.434641361236572266e+00
5.500524997711181641e+00
5.441128730773925781e+00
5.587697505950927734e+00
5.521739006042480469e+00
5.532410621643066406e+00
5.477916240692138672e+00
5.424424648284912109e+00
5.450459957122802734e+00
5.447924613952636719e+00
5.543688774108886719e+00
5.421988487243652344e+00
5.523713111877441406e+00
5.513844490051269531e+00
5.449546813964843750e+00
5.541052818298339844e+00
5.452821254730224609e+00
5.434518814086914062e+00
5.471819400787353516e+00
5.609950065612792969e+00
5.513929367065429688e+00
5.607502937316894531e+00
5.457556247711181641e+00
5.459726333618164062e+00
5.585245132446289062e+00
5.433373451232910156e+00
5.458436965942382812e+00
5.474047183990478516e+00
5.434527397155761719e+00
5.438697338104248047e+00
5.433937072753906250e+00
5.414046287536621094e+00
5.628616333007812500e+00
5.567387104034423828e+00
5.458600044250488281e+00
5.491764068603515625e+00
5.480710506439208984e+00
5.492142677307128906e+00
5.432809829711914062e+00
5.448366165161132812e+00
5.502763748168945312e+00
5.463573455810546875e+00
5.471514225006103516e+00
5.473931789398193359e+00
5.504204750061035156e+00
5.499380111694335938e+00
5.539983272552490234e+00
5.597339630126953125e+00
5.465981006622314453e+00
5.514328002929687500e+00
5.459101676940917969e+00
5.523939132690429688e+00
5.431418895721435547e+00
5.448065757751464844e+00
5.584339141845703125e+00
5.501957416534423828e+00
5.451069831848144531e+00
5.456152915954589844e+00
5.470015525817871094e+00
5.493041515350341797e+00
5.542359352111816406e+00
5.464456558227539062e+00
5.481406688690185547e+00
5.428607463836669922e+00
5.482588291168212891e+00
5.443114280700683594e+00
5.557851314544677734e+00
5.459362983703613281e+00
5.482953548431396484e+00
5.509429454803466797e+00
5.451154708862304688e+00
5.416026115417480469e+00
5.444293975830078125e+00
5.506523609161376953e+00
5.436365604400634766e+00
5.525846004486083984e+00
5.454309463500976562e+00
5.504051208496093750e+00
5.578945159912109375e+00
5.459264755249023438e+00
5.470012664794921875e+00
5.513256549835205078e+00
5.638391017913818359e+00
5.437967300415039062e+00
5.413395881652832031e+00
5.456119060516357422e+00
5.628062248229980469e+00
5.561060905456542969e+00
5.561825752258300781e+00
5.496991157531738281e+00
5.443301677703857422e+00
5.423834800720214844e+00
5.471979141235351562e+00
5.475348472595214844e+00
5.392494201660156250e+00
5.464290618896484375e+00
5.444000244140625000e+00
5.460700035095214844e+00
5.416407108306884766e+00
5.428256988525390625e+00
5.511943817138671875e+00
5.464355945587158203e+00
5.447552680969238281e+00
5.518041610717773438e+00
5.478406906127929688e+00
5.541309833526611328e+00
5.460822105407714844e+00
5.504568576812744141e+00
5.440645217895507812e+00
5.420612335205078125e+00
5.376091957092285156e+00
5.482528686523437500e+00
5.451522827148437500e+00
5.396970748901367188e+00
5.405911445617675781e+00
5.380589962005615234e+00
5.467695236206054688e+00
5.483189105987548828e+00
5.412510871887207031e+00
5.535425662994384766e+00
5.459382534027099609e+00
5.405450820922851562e+00
5.385259628295898438e+00
5.445222377777099609e+00
5.440656185150146484e+00
5.424917221069335938e+00
5.436916351318359375e+00
5.501368999481201172e+00
5.451668739318847656e+00
5.406213760375976562e+00
5.450769424438476562e+00
5.519287109375000000e+00
5.483931064605712891e+00
5.404985427856445312e+00
5.505189895629882812e+00
5.418476104736328125e+00
5.476327896118164062e+00
5.412266254425048828e+00
5.521981716156005859e+00
5.543006420135498047e+00
5.487235069274902344e+00
5.534729003906250000e+00
5.430159091949462891e+00
5.404048919677734375e+00
5.401997089385986328e+00
5.491602897644042969e+00
5.442533969879150391e+00
5.449975013732910156e+00
5.426163673400878906e+00
5.416588306427001953e+00
5.382193565368652344e+00
5.454307556152343750e+00
5.486771583557128906e+00
5.417324066162109375e+00
5.418312549591064453e+00
5.638190269470214844e+00
5.483460426330566406e+00
5.505024909973144531e+00
5.541551589965820312e+00
5.434601783752441406e+00
5.443601608276367188e+00
5.510939598083496094e+00
5.382685184478759766e+00
5.467977046966552734e+00
5.553356170654296875e+00
5.454374313354492188e+00
5.466300487518310547e+00
5.443402290344238281e+00
5.543916702270507812e+00
5.472931385040283203e+00
5.396824836730957031e+00
5.412426471710205078e+00
5.414080619812011719e+00
5.442354202270507812e+00
5.400498390197753906e+00
5.421143531799316406e+00
5.507639408111572266e+00
5.429002761840820312e+00
5.456316947937011719e+00
5.418218612670898438e+00
5.452868938446044922e+00
5.524796485900878906e+00
5.535327911376953125e+00
5.406884193420410156e+00
5.400212287902832031e+00
5.442501068115234375e+00
5.489987373352050781e+00
5.395867347717285156e+00
5.419785022735595703e+00
5.388345718383789062e+00
5.520108222961425781e+00
5.570290565490722656e+00
5.449270248413085938e+00
5.461860179901123047e+00
5.457978248596191406e+00
5.381978988647460938e+00
5.542337894439697266e+00
5.445785522460937500e+00
5.450431346893310547e+00
5.493166923522949219e+00
5.443351745605468750e+00
5.521030902862548828e+00
5.432256698608398438e+00
5.429540634155273438e+00
5.449587821960449219e+00
5.539423942565917969e+00
5.461948394775390625e+00
5.497567653656005859e+00
5.435143947601318359e+00
5.465306758880615234e+00
5.465746402740478516e+00
5.458357810974121094e+00
5.453506469726562500e+00
5.619699001312255859e+00
5.533102512359619141e+00
5.488849639892578125e+00
5.432366847991943359e+00
5.454154014587402344e+00
5.436370372772216797e+00
5.518698692321777344e+00
5.474865913391113281e+00
5.457042694091796875e+00
5.498889446258544922e+00
5.465592861175537109e+00
5.594862937927246094e+00
5.392641067504882812e+00
5.527124404907226562e+00
5.507406234741210938e+00
5.500361442565917969e+00
5.478363037109375000e+00
5.393246650695800781e+00
5.425619602203369141e+00
5.384397983551025391e+00
5.487276077270507812e+00
5.403972625732421875e+00
5.496579170227050781e+00
5.476623058319091797e+00
5.557167053222656250e+00
5.476401329040527344e+00
5.546758174896240234e+00
5.438253402709960938e+00
5.496294021606445312e+00
5.492989540100097656e+00
5.493426322937011719e+00
5.439997196197509766e+00
5.394146442413330078e+00
5.504086494445800781e+00
5.509461402893066406e+00
5.462208271026611328e+00
5.526269912719726562e+00
5.477608680725097656e+00
5.529994487762451172e+00
5.380629062652587891e+00
5.542056083679199219e+00
5.411218166351318359e+00
5.396659851074218750e+00
5.559391975402832031e+00
5.448119163513183594e+00
5.373362541198730469e+00
5.447827816009521484e+00
5.458616256713867188e+00
5.546702861785888672e+00
5.398889064788818359e+00
5.405109882354736328e+00
5.433361053466796875e+00
5.417706012725830078e+00
5.385019779205322266e+00
5.470569610595703125e+00
5.405959129333496094e+00
5.697956085205078125e+00
5.407526016235351562e+00
5.520843029022216797e+00
5.480094432830810547e+00
5.460087776184082031e+00
5.372110366821289062e+00
5.503736019134521484e+00
5.448379039764404297e+00
5.360507011413574219e+00
5.400592803955078125e+00
5.368443012237548828e+00
5.416863441467285156e+00
5.482312202453613281e+00
5.463588714599609375e+00
5.398690223693847656e+00
5.432751655578613281e+00
5.414559364318847656e+00
5.456189632415771484e+00
5.435656070709228516e+00
5.400588035583496094e+00
5.435894012451171875e+00
5.450073242187500000e+00
5.663126945495605469e+00
5.492578506469726562e+00
5.487645149230957031e+00
5.417009830474853516e+00
5.406012535095214844e+00
5.428842544555664062e+00
5.413603782653808594e+00
5.485995292663574219e+00
5.375578403472900391e+00
5.391772747039794922e+00
5.392325401306152344e+00
5.472086906433105469e+00
5.480549812316894531e+00
5.459440231323242188e+00
5.450505256652832031e+00
5.467602729797363281e+00
5.443874359130859375e+00
5.417471408843994141e+00
5.422377586364746094e+00
5.447597026824951172e+00
5.418165683746337891e+00
5.408087730407714844e+00
5.384074687957763672e+00
5.465358734130859375e+00
5.451418876647949219e+00
5.429510593414306641e+00
5.477267265319824219e+00
5.403998851776123047e+00
5.431191444396972656e+00
5.429569244384765625e+00
5.380007743835449219e+00
5.485182285308837891e+00
5.440413951873779297e+00
5.498471736907958984e+00
5.357387542724609375e+00
5.508296966552734375e+00
5.451467514038085938e+00
5.532816886901855469e+00
5.471550464630126953e+00
5.453151226043701172e+00
5.464079380035400391e+00
5.381020545959472656e+00
5.468619823455810547e+00
5.409592151641845703e+00
5.477331161499023438e+00
5.755260467529296875e+00
5.612365722656250000e+00
5.400428771972656250e+00
5.364424228668212891e+00
5.493143558502197266e+00
5.405304431915283203e+00
5.444601535797119141e+00
5.457837104797363281e+00
5.467804908752441406e+00
5.448601722717285156e+00
5.422289371490478516e+00
5.498325347900390625e+00
5.462731361389160156e+00
5.400434970855712891e+00
5.386055469512939453e+00
5.419402599334716797e+00
5.457090377807617188e+00
5.434418678283691406e+00
5.453694343566894531e+00
5.515680313110351562e+00
5.433758735656738281e+00
5.394268035888671875e+00
5.408411026000976562e+00
5.403521537780761719e+00
5.687645435333251953e+00
5.423409461975097656e+00
5.502575874328613281e+00
5.461339950561523438e+00
5.402575492858886719e+00
5.435005664825439453e+00
5.386165618896484375e+00
5.566364288330078125e+00
5.378087043762207031e+00
5.545837402343750000e+00
5.499851226806640625e+00
5.399677276611328125e+00
5.730396270751953125e+00
5.427110671997070312e+00
5.417241096496582031e+00
5.414301872253417969e+00
5.437640190124511719e+00
5.459266662597656250e+00
5.363949775695800781e+00
5.391311645507812500e+00
5.423732757568359375e+00
5.359745979309082031e+00
5.415783882141113281e+00
5.572764396667480469e+00
5.493494987487792969e+00
5.455234050750732422e+00
5.392670631408691406e+00
5.441341400146484375e+00
5.456772804260253906e+00
5.439654827117919922e+00
5.452244758605957031e+00
5.397177219390869141e+00
5.459128379821777344e+00
5.485154628753662109e+00
5.440053939819335938e+00
5.395875930786132812e+00
5.408583641052246094e+00
5.632789611816406250e+00
5.443604946136474609e+00
5.426154613494873047e+00
5.484789848327636719e+00
5.437545299530029297e+00
5.483150959014892578e+00
5.422922134399414062e+00
5.453517436981201172e+00
5.433117389678955078e+00
5.349118232727050781e+00
5.409014225006103516e+00
5.475430965423583984e+00
5.474946022033691406e+00
5.458076953887939453e+00
5.437528610229492188e+00
5.427632331848144531e+00
5.542978286743164062e+00
5.503543853759765625e+00
5.443390846252441406e+00
5.415725708007812500e+00
5.439858436584472656e+00
5.414414405822753906e+00
5.391959190368652344e+00
5.477971076965332031e+00
5.474971771240234375e+00
5.439263343811035156e+00
5.464175224304199219e+00
5.400321006774902344e+00
5.418666839599609375e+00
5.411046981811523438e+00
5.545448303222656250e+00
5.356012821197509766e+00
5.399414062500000000e+00
5.356999397277832031e+00
5.431917667388916016e+00
5.508160114288330078e+00
5.348767280578613281e+00
5.468302249908447266e+00
5.443525314331054688e+00
5.495760917663574219e+00
5.416587829589843750e+00
5.478264808654785156e+00
5.431432723999023438e+00
5.494709968566894531e+00
5.393307685852050781e+00
5.461228370666503906e+00
5.404049873352050781e+00
5.385088920593261719e+00
5.372218608856201172e+00
5.444534778594970703e+00
5.482968330383300781e+00
5.404005527496337891e+00
5.362940311431884766e+00
5.375922679901123047e+00
5.411979675292968750e+00
5.338265895843505859e+00
5.500652313232421875e+00
5.378426551818847656e+00
5.445715904235839844e+00
5.465553283691406250e+00
5.460143566131591797e+00
5.359086990356445312e+00
5.421116828918457031e+00
5.508241176605224609e+00
5.405138015747070312e+00
5.443301200866699219e+00
5.405777454376220703e+00
5.491923332214355469e+00
5.385975360870361328e+00
5.482869625091552734e+00
5.365046501159667969e+00
5.451730728149414062e+00
5.463333129882812500e+00
5.493471145629882812e+00
5.386064529418945312e+00
5.454967975616455078e+00
5.439984321594238281e+00
5.385215759277343750e+00
5.442332267761230469e+00
5.419116973876953125e+00
5.602860927581787109e+00
5.414646625518798828e+00
5.365827560424804688e+00
5.403816223144531250e+00
5.384153366088867188e+00
5.376038074493408203e+00
5.404568195343017578e+00
5.456435680389404297e+00
5.409650802612304688e+00
5.441179275512695312e+00
5.384183883666992188e+00
5.399161815643310547e+00
5.426934719085693359e+00
5.423260211944580078e+00
5.371691703796386719e+00
5.366645812988281250e+00
5.469333171844482422e+00
5.466635704040527344e+00
5.443343639373779297e+00
5.448564529418945312e+00
5.472876548767089844e+00
5.395008087158203125e+00
5.393401622772216797e+00
5.370860099792480469e+00
5.458714962005615234e+00
5.507690429687500000e+00
5.393483161926269531e+00
5.401363849639892578e+00
5.374000549316406250e+00
5.445796012878417969e+00
5.360370635986328125e+00
5.450535774230957031e+00
5.423396110534667969e+00
5.418319225311279297e+00
5.525606632232666016e+00
5.449363708496093750e+00
5.431307315826416016e+00
5.413334369659423828e+00
5.345483303070068359e+00
5.445552825927734375e+00
5.388779640197753906e+00
5.482998847961425781e+00
5.522748947143554688e+00
5.452758789062500000e+00
5.383640289306640625e+00
5.407162666320800781e+00
5.437911033630371094e+00
5.407474994659423828e+00
5.515652179718017578e+00
5.387925148010253906e+00
5.462649345397949219e+00
5.423393249511718750e+00
5.427174091339111328e+00
5.523856639862060547e+00
5.387503623962402344e+00
5.402781009674072266e+00
5.483155727386474609e+00
5.378877639770507812e+00
5.478578567504882812e+00
5.473776340484619141e+00
5.372201442718505859e+00
5.360219478607177734e+00
5.469541072845458984e+00
5.431286811828613281e+00
5.347445487976074219e+00
5.466217994689941406e+00
5.476601600646972656e+00
5.374363899230957031e+00
5.668775558471679688e+00
5.407605171203613281e+00
5.396515846252441406e+00
5.391277790069580078e+00
5.394052982330322266e+00
5.400151252746582031e+00
5.370083808898925781e+00
5.433994770050048828e+00
5.447227478027343750e+00
5.453029632568359375e+00
5.463873863220214844e+00
5.610731124877929688e+00
5.600960254669189453e+00
5.445189952850341797e+00
5.382606029510498047e+00
5.344413280487060547e+00
5.434216499328613281e+00
5.446827888488769531e+00
5.420133590698242188e+00
5.399696826934814453e+00
5.397715568542480469e+00
5.662847042083740234e+00
5.563981533050537109e+00
5.366361618041992188e+00
5.423237800598144531e+00
5.491583824157714844e+00
5.390239715576171875e+00
5.627838134765625000e+00
5.434716224670410156e+00
5.371271610260009766e+00
5.374212265014648438e+00
5.367976188659667969e+00
5.425158023834228516e+00
5.362079143524169922e+00
5.363582611083984375e+00
5.504642963409423828e+00
5.386450767517089844e+00
5.420274734497070312e+00
5.396898269653320312e+00
5.533774852752685547e+00
5.386606216430664062e+00
5.433823585510253906e+00
5.382885456085205078e+00
5.364696025848388672e+00
5.398960113525390625e+00
5.476842880249023438e+00
5.438954353332519531e+00
5.427858352661132812e+00
5.472290039062500000e+00
5.386056900024414062e+00
5.397025108337402344e+00
5.478848934173583984e+00
5.392091274261474609e+00
5.506353378295898438e+00
5.388554573059082031e+00
5.389003276824951172e+00
5.584221363067626953e+00
5.452875137329101562e+00
5.377245426177978516e+00
5.412342548370361328e+00
5.403982639312744141e+00
5.473763465881347656e+00
5.350418090820312500e+00
5.465786933898925781e+00
5.450134277343750000e+00
5.428361892700195312e+00
5.387446403503417969e+00
