6.418016910552978516e+00
5.855233669281005859e+00
5.595689296722412109e+00
5.453370094299316406e+00
5.360045433044433594e+00
5.316916465759277344e+00
5.266745090484619141e+00
5.246030807495117188e+00
5.235666275024414062e+00
5.230272293090820312e+00
5.205962181091308594e+00
5.198239326477050781e+00
5.187639713287353516e+00
5.195484638214111328e+00
5.183738708496093750e+00
5.160970211029052734e+00
5.158882141113281250e+00
5.139062404632568359e+00
5.149914264678955078e+00
5.123384952545166016e+00
5.115420341491699219e+00
5.106590270996093750e+00
5.114470481872558594e+00
5.119458675384521484e+00
5.117352962493896484e+00
5.105622768402099609e+00
5.090321540832519531e+00
5.080273628234863281e+00
5.084300041198730469e+00
5.071406364440917969e+00
5.086892604827880859e+00
5.064683437347412109e+00
5.080354690551757812e+00
5.066901683807373047e+00
5.049717903137207031e+00
5.044483184814453125e+00
5.048172950744628906e+00
5.045598030090332031e+00
5.038163185119628906e+00
5.038737297058105469e+00
5.051511764526367188e+00
5.038273811340332031e+00
5.055590629577636719e+00
5.047941207885742188e+00
5.041624069213867188e+00
5.034427642822265625e+00
5.061489105224609375e+00
5.029447555541992188e+00
5.040264129638671875e+00
5.033708572387695312e+00
5.034193992614746094e+00
5.043437957763671875e+00
5.038591384887695312e+00
5.037563323974609375e+00
5.028415203094482422e+00
5.038939476013183594e+00
5.034214019775390625e+00
5.031184673309326172e+00
5.029322147369384766e+00
5.023267745971679688e+00
5.033382892608642578e+00
5.047173500061035156e+00
5.014854907989501953e+00
5.013161659240722656e+00
5.024859428405761719e+00
5.015942573547363281e+00
5.014974117279052734e+00
5.036165237426757812e+00
5.010363578796386719e+00
5.010444164276123047e+00
5.003390312194824219e+00
5.013188362121582031e+00
5.007533073425292969e+00
5.007357120513916016e+00
5.018586635589599609e+00
5.011601448059082031e+00
5.009757995605468750e+00
5.005687713623046875e+00
5.014440536499023438e+00
5.011500835418701172e+00
5.001442909240722656e+00
5.000964164733886719e+00
5.016835212707519531e+00
5.009315490722656250e+00
5.009769916534423828e+00
4.994032382965087891e+00
5.006289005279541016e+00
5.011798381805419922e+00
4.998503208160400391e+00
4.997349739074707031e+00
4.996461391448974609e+00
4.992626667022705078e+00
4.996244430541992188e+00
4.994812965393066406e+00
4.987293720245361328e+00
4.999172210693359375e+00
4.996922969818115234e+00
4.998599052429199219e+00
4.991456031799316406e+00
4.996768474578857422e+00
4.988842964172363281e+00
4.998112678527832031e+00
4.994415283203125000e+00
4.991977214813232422e+00
4.987432479858398438e+00
5.002402305603027344e+00
4.998558044433593750e+00
4.992691516876220703e+00
4.993725299835205078e+00
5.002371788024902344e+00
4.991548538208007812e+00
4.993249416351318359e+00
4.993771076202392578e+00
5.018687725067138672e+00
4.986269474029541016e+00
4.986318588256835938e+00
4.992796897888183594e+00
4.999702930450439453e+00
4.988089084625244141e+00
4.987273216247558594e+00
4.991662502288818359e+00
4.986702442169189453e+00
4.984328269958496094e+00
4.983963012695312500e+00
4.987893104553222656e+00
4.984196186065673828e+00
4.987508773803710938e+00
4.991463184356689453e+00
4.983041286468505859e+00
4.988100051879882812e+00
4.992050170898437500e+00
4.984881401062011719e+00
4.988673210144042969e+00
4.977451324462890625e+00
4.996089458465576172e+00
4.984337806701660156e+00
4.982749938964843750e+00
4.986409664154052734e+00
4.987643718719482422e+00
4.987802505493164062e+00
4.982016086578369141e+00
4.983528137207031250e+00
4.985859394073486328e+00
4.978777885437011719e+00
4.982775688171386719e+00
4.980397701263427734e+00
4.983043670654296875e+00
4.997762203216552734e+00
4.981944561004638672e+00
4.984930515289306641e+00
4.980023860931396484e+00
4.984863758087158203e+00
4.993473052978515625e+00
4.982941150665283203e+00
4.980912685394287109e+00
4.990556240081787109e+00
4.976813793182373047e+00
4.992234230041503906e+00
4.978234767913818359e+00
4.979505062103271484e+00
5.005630970001220703e+00
4.975451946258544922e+00
4.984083175659179688e+00
4.978369712829589844e+00
4.982556343078613281e+00
4.976637363433837891e+00
4.989161968231201172e+00
4.978377819061279297e+00
4.978812217712402344e+00
4.986798763275146484e+00
4.974469184875488281e+00
4.994306564331054688e+00
4.992362976074218750e+00
5.000989913940429688e+00
4.992862224578857422e+00
4.975862026214599609e+00
4.978920936584472656e+00
4.976698875427246094e+00
4.976040840148925781e+00
4.991800308227539062e+00
4.980340957641601562e+00
4.969985961914062500e+00
4.976633548736572266e+00
4.970564842224121094e+00
4.992311954498291016e+00
4.977864742279052734e+00
4.987032413482666016e+00
4.972759246826171875e+00
4.976530075073242188e+00
4.976726531982421875e+00
4.977818965911865234e+00
4.983003616333007812e+00
4.980827331542968750e+00
4.980503082275390625e+00
4.974303245544433594e+00
4.977032661437988281e+00
4.971023559570312500e+00
4.977832794189453125e+00
4.987254142761230469e+00
4.975320816040039062e+00
4.969306945800781250e+00
4.971877098083496094e+00
4.979423046112060547e+00
4.971991062164306641e+00
4.971828460693359375e+00
4.985549449920654297e+00
4.966916084289550781e+00
4.981999397277832031e+00
4.973039150238037109e+00
4.986413002014160156e+00
4.972854614257812500e+00
4.968716621398925781e+00
4.976546764373779297e+00
4.979682922363281250e+00
4.976771354675292969e+00
4.968852996826171875e+00
4.968225955963134766e+00
4.993363380432128906e+00
4.981579780578613281e+00
4.967172145843505859e+00
4.969182491302490234e+00
4.974880218505859375e+00
4.971380710601806641e+00
4.966894626617431641e+00
4.971241950988769531e+00
4.970100879669189453e+00
4.973407745361328125e+00
4.982255458831787109e+00
4.975355148315429688e+00
4.969607353210449219e+00
4.987716674804687500e+00
4.969638347625732422e+00
4.971770286560058594e+00
4.986041069030761719e+00
4.977664947509765625e+00
4.975259304046630859e+00
4.980967521667480469e+00
4.970001220703125000e+00
4.978185653686523438e+00
4.979610919952392578e+00
4.977926254272460938e+00
4.972137928009033203e+00
4.969628810882568359e+00
4.968303680419921875e+00
4.973496437072753906e+00
4.978133201599121094e+00
4.979794502258300781e+00
4.974877357482910156e+00
4.965803146362304688e+00
4.970269203186035156e+00
4.976228713989257812e+00
4.968190670013427734e+00
4.975289821624755859e+00
4.971955299377441406e+00
4.980095863342285156e+00
4.985874176025390625e+00
4.985249996185302734e+00
4.969511985778808594e+00
4.971098899841308594e+00
4.965852260589599609e+00
4.969017982482910156e+00
4.971133708953857422e+00
4.979833126068115234e+00
4.968458175659179688e+00
4.970041275024414062e+00
4.970314979553222656e+00
4.964656829833984375e+00
4.965086936950683594e+00
4.967950344085693359e+00
4.973148345947265625e+00
4.974558353424072266e+00
4.982082366943359375e+00
4.972213268280029297e+00
4.973021030426025391e+00
4.967822074890136719e+00
4.977656364440917969e+00
4.970037937164306641e+00
4.977934837341308594e+00
4.963665008544921875e+00
4.963929653167724609e+00
4.982894897460937500e+00
5.002268791198730469e+00
4.976330280303955078e+00
4.969010829925537109e+00
4.973762035369873047e+00
4.978960037231445312e+00
4.965144634246826172e+00
4.983886241912841797e+00
4.971926212310791016e+00
4.968444347381591797e+00
4.970758914947509766e+00
4.968484401702880859e+00
4.971885681152343750e+00
4.971407890319824219e+00
4.980554580688476562e+00
4.984361648559570312e+00
4.971993446350097656e+00
4.964718341827392578e+00
4.970702171325683594e+00
4.967837810516357422e+00
4.965424537658691406e+00
4.963814258575439453e+00
4.974699497222900391e+00
4.968806266784667969e+00
4.965597629547119141e+00
4.961084842681884766e+00
4.959054946899414062e+00
4.961824417114257812e+00
4.966650009155273438e+00
4.960218429565429688e+00
4.968643665313720703e+00
4.962812423706054688e+00
4.964510917663574219e+00
4.963467597961425781e+00
4.978638648986816406e+00
4.973446369171142578e+00
4.965126037597656250e+00
4.962312698364257812e+00
4.962756156921386719e+00
4.959513664245605469e+00
4.966041088104248047e+00
4.981303691864013672e+00
4.960318088531494141e+00
4.963633537292480469e+00
4.968756198883056641e+00
4.959902286529541016e+00
4.966207504272460938e+00
4.966825962066650391e+00
4.963984966278076172e+00
4.961872577667236328e+00
4.961346626281738281e+00
4.968477725982666016e+00
4.963496208190917969e+00
4.959120750427246094e+00
4.960395812988281250e+00
4.964050292968750000e+00
4.959010124206542969e+00
4.980528831481933594e+00
4.967155933380126953e+00
4.965374946594238281e+00
4.967801570892333984e+00
4.965769767761230469e+00
4.969700813293457031e+00
4.967284679412841797e+00
4.968511581420898438e+00
4.969290733337402344e+00
4.958386421203613281e+00
4.977220535278320312e+00
4.958966255187988281e+00
4.968951225280761719e+00
4.961533546447753906e+00
4.971190452575683594e+00
4.966035842895507812e+00
4.962486267089843750e+00
4.971245765686035156e+00
4.973733425140380859e+00
4.964737415313720703e+00
4.962058544158935547e+00
4.961914062500000000e+00
4.966147422790527344e+00
4.964863300323486328e+00
4.968104362487792969e+00
4.962543964385986328e+00
4.962366580963134766e+00
4.963937759399414062e+00
4.961987972259521484e+00
4.962041854858398438e+00
4.957889080047607422e+00
4.961925029754638672e+00
4.966377735137939453e+00
4.959730148315429688e+00
4.955769538879394531e+00
4.961040496826171875e+00
4.970327377319335938e+00
4.969980239868164062e+00
4.962139606475830078e+00
4.970255851745605469e+00
4.965651512145996094e+00
4.964722156524658203e+00
4.965157032012939453e+00
4.959450244903564453e+00
4.961352348327636719e+00
4.959875583648681641e+00
4.958794593811035156e+00
4.956035137176513672e+00
4.963860511779785156e+00
4.968307495117187500e+00
4.970201492309570312e+00
4.979140281677246094e+00
4.958665847778320312e+00
4.963757991790771484e+00
4.984429359436035156e+00
4.963400840759277344e+00
4.960227966308593750e+00
4.961795806884765625e+00
4.963253974914550781e+00
4.961051464080810547e+00
4.974535942077636719e+00
4.960571765899658203e+00
4.960202217102050781e+00
4.964870929718017578e+00
4.964933395385742188e+00
4.972459793090820312e+00
4.969437122344970703e+00
4.971639633178710938e+00
4.957913398742675781e+00
4.959228515625000000e+00
4.975008487701416016e+00
4.960202693939208984e+00
4.956665039062500000e+00
4.959790229797363281e+00
4.962089538574218750e+00
4.961608409881591797e+00
4.956278800964355469e+00
4.953176021575927734e+00
4.965566158294677734e+00
4.961159706115722656e+00
4.961759090423583984e+00
4.958777427673339844e+00
4.957638740539550781e+00
4.983114242553710938e+00
4.969112396240234375e+00
4.957674503326416016e+00
4.972770690917968750e+00
4.960977077484130859e+00
4.960521697998046875e+00
4.955183029174804688e+00
4.959128856658935547e+00
4.963749408721923828e+00
4.954436302185058594e+00
4.956076622009277344e+00
4.960382461547851562e+00
4.961174964904785156e+00
4.957155227661132812e+00
4.955394744873046875e+00
4.957706451416015625e+00
4.956918239593505859e+00
4.956322669982910156e+00
4.955544948577880859e+00
4.955134868621826172e+00
4.956079483032226562e+00
4.961272239685058594e+00
4.957248687744140625e+00
4.960581302642822266e+00
4.957077980041503906e+00
4.952932834625244141e+00
4.962107658386230469e+00
4.964938163757324219e+00
4.954605102539062500e+00
4.957046031951904297e+00
4.956101894378662109e+00
4.961499214172363281e+00
4.965355396270751953e+00
4.961431980133056641e+00
4.974752426147460938e+00
4.959801673889160156e+00
4.966207504272460938e+00
4.964592456817626953e+00
4.955687522888183594e+00
4.961650848388671875e+00
4.957427024841308594e+00
4.961428642272949219e+00
4.964174270629882812e+00
4.954600811004638672e+00
4.958596229553222656e+00
4.954658508300781250e+00
4.980606555938720703e+00
4.964101791381835938e+00
4.963147640228271484e+00
4.966065406799316406e+00
4.959267616271972656e+00
4.960507869720458984e+00
4.957493305206298828e+00
4.960760593414306641e+00
4.960111141204833984e+00
4.977311134338378906e+00
4.959151268005371094e+00
4.955096244812011719e+00
4.956799030303955078e+00
4.957638263702392578e+00
4.959037303924560547e+00
4.956920623779296875e+00
4.962590694427490234e+00
4.954117774963378906e+00
4.960915565490722656e+00
4.961250305175781250e+00
4.956184387207031250e+00
4.954251289367675781e+00
4.956599235534667969e+00
4.954789638519287109e+00
4.958731174468994141e+00
4.959847450256347656e+00
4.959844112396240234e+00
4.953322887420654297e+00
4.960820198059082031e+00
4.956625461578369141e+00
4.969660282135009766e+00
4.963866710662841797e+00
4.955550193786621094e+00
4.957891464233398438e+00
4.957085609436035156e+00
4.962341308593750000e+00
4.964495658874511719e+00
4.955656528472900391e+00
4.957008838653564453e+00
4.965672492980957031e+00
4.958129405975341797e+00
4.960961341857910156e+00
4.964341163635253906e+00
4.958328723907470703e+00
4.954535961151123047e+00
4.959368228912353516e+00
4.953851222991943359e+00
4.958897113800048828e+00
4.956830978393554688e+00
4.957895278930664062e+00
4.964057922363281250e+00
4.954146862030029297e+00
4.955130577087402344e+00
4.951637268066406250e+00
4.958168983459472656e+00
4.957322120666503906e+00
4.961944580078125000e+00
4.955097675323486328e+00
4.978958129882812500e+00
4.956131935119628906e+00
4.958148002624511719e+00
4.954356670379638672e+00
4.953339099884033203e+00
4.953124046325683594e+00
4.965579986572265625e+00
4.956434726715087891e+00
4.959807395935058594e+00
4.974014282226562500e+00
4.959112167358398438e+00
4.956543445587158203e+00
4.959884166717529297e+00
4.959191799163818359e+00
4.957666873931884766e+00
4.963150978088378906e+00
4.954770565032958984e+00
4.951422214508056641e+00
4.959795951843261719e+00
4.959712982177734375e+00
4.958186149597167969e+00
4.968994617462158203e+00
4.956367969512939453e+00
4.959653377532958984e+00
4.966286182403564453e+00
4.953589439392089844e+00
4.952716827392578125e+00
4.960997104644775391e+00
4.953685283660888672e+00
4.959479331970214844e+00
4.952296257019042969e+00
4.951771259307861328e+00
4.954553604125976562e+00
4.954246520996093750e+00
4.962369918823242188e+00
4.951611042022705078e+00
4.953155517578125000e+00
4.949131965637207031e+00
4.953439235687255859e+00
4.958090305328369141e+00
4.951089859008789062e+00
4.951301574707031250e+00
4.959939479827880859e+00
4.956523895263671875e+00
4.955109119415283203e+00
4.951255321502685547e+00
4.953389167785644531e+00
4.956739425659179688e+00
4.954873561859130859e+00
4.956926822662353516e+00
4.953565597534179688e+00
4.955215454101562500e+00
4.951563835144042969e+00
4.965635299682617188e+00
4.954855442047119141e+00
4.960767745971679688e+00
4.958851814270019531e+00
4.953791618347167969e+00
4.956200122833251953e+00
4.958745002746582031e+00
4.958426475524902344e+00
4.961657047271728516e+00
4.952435493469238281e+00
4.962930679321289062e+00
4.954564094543457031e+00
4.955130100250244141e+00
4.955076217651367188e+00
4.958426475524902344e+00
4.972088813781738281e+00
4.970303535461425781e+00
4.957514286041259766e+00
4.957285881042480469e+00
4.959769248962402344e+00
4.961430549621582031e+00
4.959442138671875000e+00
4.957894325256347656e+00
4.958550453186035156e+00
4.957869052886962891e+00
4.958665847778320312e+00
4.957454681396484375e+00
4.951352596282958984e+00
4.951470375061035156e+00
4.954689025878906250e+00
4.952202796936035156e+00
4.957580566406250000e+00
4.952486991882324219e+00
4.963812351226806641e+00
4.952514171600341797e+00
4.959161758422851562e+00
4.953223705291748047e+00
4.951328754425048828e+00
4.952630996704101562e+00
4.957722187042236328e+00
4.967875480651855469e+00
4.956161975860595703e+00
4.955815792083740234e+00
4.954143524169921875e+00
4.949215412139892578e+00
4.972566604614257812e+00
4.951679229736328125e+00
4.951607227325439453e+00
4.951605319976806641e+00
4.952089786529541016e+00
4.970333099365234375e+00
4.951157569885253906e+00
4.959128379821777344e+00
4.953405380249023438e+00
4.963190555572509766e+00
4.952398777008056641e+00
4.948772430419921875e+00
4.965995788574218750e+00
4.952628135681152344e+00
4.949379920959472656e+00
4.952619552612304688e+00
4.951553821563720703e+00
4.951198101043701172e+00
4.956947326660156250e+00
4.961447715759277344e+00
4.951310634613037109e+00
4.952638149261474609e+00
4.952574253082275391e+00
4.949377536773681641e+00
4.955896377563476562e+00
4.949616432189941406e+00
4.951364517211914062e+00
4.951359748840332031e+00
4.949420928955078125e+00
4.951048851013183594e+00
4.956977367401123047e+00
4.949118137359619141e+00
4.954782485961914062e+00
4.955308914184570312e+00
4.950785160064697266e+00
4.946519374847412109e+00
4.960894584655761719e+00
4.951863288879394531e+00
4.949345111846923828e+00
4.958513736724853516e+00
4.979116439819335938e+00
4.954338550567626953e+00
4.952857494354248047e+00
4.954267978668212891e+00
4.958092212677001953e+00
4.953500270843505859e+00
4.955204010009765625e+00
4.950607299804687500e+00
4.952013015747070312e+00
4.953409671783447266e+00
4.949309825897216797e+00
4.950870037078857422e+00
4.952961444854736328e+00
4.952056407928466797e+00
4.952360153198242188e+00
4.958259105682373047e+00
4.953052520751953125e+00
4.955823898315429688e+00
4.956765174865722656e+00
4.977919101715087891e+00
4.959762573242187500e+00
4.949305534362792969e+00
4.958267688751220703e+00
4.950615406036376953e+00
4.975367069244384766e+00
4.955150604248046875e+00
4.948661804199218750e+00
4.955210685729980469e+00
4.959591388702392578e+00
4.953180313110351562e+00
4.951641082763671875e+00
4.962366104125976562e+00
4.958528995513916016e+00
4.962105274200439453e+00
4.955587863922119141e+00
4.980274677276611328e+00
4.955430030822753906e+00
4.949257373809814453e+00
4.957498550415039062e+00
4.955121994018554688e+00
4.952485561370849609e+00
4.952319145202636719e+00
4.957335472106933594e+00
4.951952934265136719e+00
4.947696685791015625e+00
4.963720321655273438e+00
4.951070785522460938e+00
4.952537536621093750e+00
4.949733257293701172e+00
4.956126213073730469e+00
4.948968410491943359e+00
4.958130359649658203e+00
4.956333637237548828e+00
4.953747749328613281e+00
4.988490104675292969e+00
4.948527336120605469e+00
4.951035022735595703e+00
4.956139564514160156e+00
4.951960086822509766e+00
4.951047420501708984e+00
4.962299823760986328e+00
4.958747863769531250e+00
4.957048892974853516e+00
4.948287963867187500e+00
4.961359977722167969e+00
4.959655761718750000e+00
4.959383487701416016e+00
4.950641155242919922e+00
4.956908702850341797e+00
4.952228069305419922e+00
4.960399627685546875e+00
4.955304145812988281e+00
4.947975158691406250e+00
4.950227260589599609e+00
4.953990936279296875e+00
4.951888084411621094e+00
4.952887535095214844e+00
4.951528549194335938e+00
4.953852176666259766e+00
4.954899311065673828e+00
4.956927776336669922e+00
4.971449851989746094e+00
4.951910018920898438e+00
4.955911636352539062e+00
4.964237689971923828e+00
4.952682971954345703e+00
4.952033519744873047e+00
4.954688549041748047e+00
4.951064586639404297e+00
4.953941345214843750e+00
4.978281497955322266e+00
4.966205596923828125e+00
4.953201293945312500e+00
4.969466686248779297e+00
4.953152179718017578e+00
4.952866554260253906e+00
4.949230194091796875e+00
4.947529315948486328e+00
4.955554962158203125e+00
4.950942516326904297e+00
4.954065322875976562e+00
4.951903820037841797e+00
4.948995113372802734e+00
4.950301647186279297e+00
4.951066970825195312e+00
4.951777935028076172e+00
4.952610015869140625e+00
4.954903602600097656e+00
4.950399398803710938e+00
4.955256462097167969e+00
4.947517395019531250e+00
4.948524951934814453e+00
4.949349880218505859e+00
4.951704502105712891e+00
4.966662406921386719e+00
4.955162525177001953e+00
4.952375888824462891e+00
4.947342395782470703e+00
4.951330184936523438e+00
4.953950881958007812e+00
4.967354297637939453e+00
4.948624610900878906e+00
4.948784828186035156e+00
4.951645851135253906e+00
4.950636863708496094e+00
4.951133251190185547e+00
4.950135231018066406e+00
4.949579715728759766e+00
4.947703361511230469e+00
4.947592258453369141e+00
4.957472801208496094e+00
4.956228256225585938e+00
4.953711986541748047e+00
4.950422286987304688e+00
4.955386161804199219e+00
4.953099250793457031e+00
4.955111503601074219e+00
4.950460910797119141e+00
4.946786880493164062e+00
4.950153350830078125e+00
4.950592994689941406e+00
4.946848869323730469e+00
4.956711292266845703e+00
4.946955204010009766e+00
4.958711624145507812e+00
4.949206829071044922e+00
4.950621604919433594e+00
4.946943759918212891e+00
4.955678939819335938e+00
4.963366031646728516e+00
4.947463035583496094e+00
4.946774959564208984e+00
4.957315921783447266e+00
4.947916030883789062e+00
4.952108383178710938e+00
4.953718662261962891e+00
4.958620548248291016e+00
4.963469982147216797e+00
4.950240135192871094e+00
4.948292732238769531e+00
4.951592445373535156e+00
4.951003551483154297e+00
4.965624332427978516e+00
4.952226161956787109e+00
4.953921318054199219e+00
4.950365066528320312e+00
4.949779510498046875e+00
4.950023651123046875e+00
4.949126243591308594e+00
4.951646327972412109e+00
4.951399326324462891e+00
4.965422630310058594e+00
4.949864387512207031e+00
4.953753948211669922e+00
4.950871944427490234e+00
4.948383808135986328e+00
4.958733558654785156e+00
4.958921432495117188e+00
4.949850559234619141e+00
4.948191165924072266e+00
4.952588081359863281e+00
4.950106620788574219e+00
4.951654434204101562e+00
4.949341773986816406e+00
4.946452617645263672e+00
4.951542854309082031e+00
4.949827194213867188e+00
4.958722114562988281e+00
4.949679851531982422e+00
4.960428237915039062e+00
4.947485446929931641e+00
4.950851440429687500e+00
4.950507640838623047e+00
4.950890541076660156e+00
4.952024936676025391e+00
4.949195384979248047e+00
4.950778007507324219e+00
4.957062244415283203e+00
4.948419094085693359e+00
4.948858261108398438e+00
4.950533866882324219e+00
4.949100017547607422e+00
4.972485542297363281e+00
4.948995590209960938e+00
4.968097686767578125e+00
4.946486473083496094e+00
4.949840068817138672e+00
4.948731899261474609e+00
4.947229385375976562e+00
4.953003883361816406e+00
4.964231491088867188e+00
4.946191787719726562e+00
4.947326183319091797e+00
4.956441402435302734e+00
4.951817035675048828e+00
4.950074672698974609e+00
4.944880008697509766e+00
4.946929454803466797e+00
4.949808120727539062e+00
4.948510169982910156e+00
4.954180717468261719e+00
4.959023952484130859e+00
4.947805881500244141e+00
4.945894718170166016e+00
4.948918819427490234e+00
4.948815345764160156e+00
4.945492267608642578e+00
4.954906940460205078e+00
4.948575019836425781e+00
4.950895309448242188e+00
4.950798034667968750e+00
4.954118728637695312e+00
4.947124958038330078e+00
4.952355861663818359e+00
4.966606140136718750e+00
4.953907966613769531e+00
4.950094223022460938e+00
4.951390266418457031e+00
4.957601547241210938e+00
4.944944381713867188e+00
4.950181007385253906e+00
4.949063301086425781e+00
4.953541278839111328e+00
4.949024200439453125e+00
4.950616359710693359e+00
4.948018074035644531e+00
4.945962429046630859e+00
4.949510574340820312e+00
4.983183383941650391e+00
4.948477745056152344e+00
4.949376583099365234e+00
4.947609424591064453e+00
4.953121185302734375e+00
4.952395915985107422e+00
4.948821067810058594e+00
4.952686786651611328e+00
4.950332641601562500e+00
4.948391914367675781e+00
4.953642368316650391e+00
4.948654651641845703e+00
4.966103553771972656e+00
4.952223777770996094e+00
4.946696281433105469e+00
4.953750133514404297e+00
4.951256275177001953e+00
4.956504821777343750e+00
4.948297977447509766e+00
4.948136329650878906e+00
4.970125675201416016e+00
4.948563098907470703e+00
4.948489665985107422e+00
4.947872161865234375e+00
4.946806907653808594e+00
4.947748184204101562e+00
4.947162628173828125e+00
4.952957153320312500e+00
4.947919845581054688e+00
4.954516887664794922e+00
4.946272850036621094e+00
4.948966026306152344e+00
4.951631546020507812e+00
4.965909957885742188e+00
4.954014301300048828e+00
4.953668117523193359e+00
4.956346511840820312e+00
4.948603630065917969e+00
4.952703952789306641e+00
4.944796562194824219e+00
4.949713706970214844e+00
4.944645881652832031e+00
4.948631286621093750e+00
4.951021194458007812e+00
4.953836917877197266e+00
4.949958324432373047e+00
4.957700252532958984e+00
4.948391914367675781e+00
4.947578907012939453e+00
4.960423469543457031e+00
4.951601028442382812e+00
4.946989059448242188e+00
4.946988105773925781e+00
4.946516990661621094e+00
4.946035861968994141e+00
4.946786880493164062e+00
4.953744411468505859e+00
4.948828220367431641e+00
4.948965072631835938e+00
4.956541061401367188e+00
