6.719533920288085938e+00
6.335764884948730469e+00
5.961800575256347656e+00
5.759624958038330078e+00
5.631769657135009766e+00
5.502462387084960938e+00
5.458454132080078125e+00
5.437761306762695312e+00
5.401251316070556641e+00
5.392310142517089844e+00
5.394448280334472656e+00
5.362193107604980469e+00
5.370606422424316406e+00
5.344842433929443359e+00
5.345632553100585938e+00
5.332202434539794922e+00
5.328888893127441406e+00
5.281367301940917969e+00
5.290362358093261719e+00
5.269349098205566406e+00
5.284498214721679688e+00
5.278839111328125000e+00
5.240197181701660156e+00
5.243567943572998047e+00
5.264709472656250000e+00
5.215278625488281250e+00
5.209938049316406250e+00
5.261612892150878906e+00
5.209582328796386719e+00
5.195508003234863281e+00
5.213715553283691406e+00
5.173399448394775391e+00
5.178531646728515625e+00
5.188682079315185547e+00
5.165313720703125000e+00
5.145360946655273438e+00
5.140467166900634766e+00
5.136065959930419922e+00
5.136122703552246094e+00
5.126228332519531250e+00
5.139875888824462891e+00
5.179848670959472656e+00
5.124988079071044922e+00
5.122007369995117188e+00
5.132133960723876953e+00
5.136770248413085938e+00
5.087772369384765625e+00
5.111372947692871094e+00
5.130347728729248047e+00
5.096412181854248047e+00
5.090008258819580078e+00
5.116920471191406250e+00
5.110280036926269531e+00
5.120915412902832031e+00
5.086158752441406250e+00
5.095675468444824219e+00
5.105766296386718750e+00
5.068001747131347656e+00
5.079687118530273438e+00
5.067507266998291016e+00
5.087766647338867188e+00
5.094175338745117188e+00
5.092135429382324219e+00
5.078025817871093750e+00
5.072073459625244141e+00
5.105074882507324219e+00
5.059604644775390625e+00
5.091655731201171875e+00
5.062676906585693359e+00
5.065863609313964844e+00
5.084465026855468750e+00
5.070237636566162109e+00
5.077214717864990234e+00
5.167688369750976562e+00
5.064938545227050781e+00
5.074369907379150391e+00
5.085080623626708984e+00
5.066094398498535156e+00
5.096522331237792969e+00
5.060105323791503906e+00
5.069610595703125000e+00
5.076011657714843750e+00
5.051861763000488281e+00
5.108211994171142578e+00
5.116270065307617188e+00
5.060331344604492188e+00
5.061761856079101562e+00
5.070533752441406250e+00
5.078557491302490234e+00
5.103609085083007812e+00
5.064567565917968750e+00
5.055981159210205078e+00
5.051254272460937500e+00
5.091882228851318359e+00
5.048128604888916016e+00
5.051146507263183594e+00
5.083187103271484375e+00
5.060025215148925781e+00
5.106523990631103516e+00
5.084779739379882812e+00
5.072031021118164062e+00
5.063515663146972656e+00
5.046832561492919922e+00
5.068583488464355469e+00
5.117907524108886719e+00
5.065093040466308594e+00
5.034011840820312500e+00
5.059776306152343750e+00
5.033533096313476562e+00
5.050818920135498047e+00
5.057948589324951172e+00
5.039379119873046875e+00
5.048713207244873047e+00
5.063714027404785156e+00
5.058927059173583984e+00
5.097806930541992188e+00
5.118245124816894531e+00
5.052180767059326172e+00
5.064043045043945312e+00
5.066798210144042969e+00
5.034703254699707031e+00
5.038067340850830078e+00
5.042347908020019531e+00
5.029663085937500000e+00
5.054490089416503906e+00
5.040595531463623047e+00
5.022768020629882812e+00
5.041286945343017578e+00
5.047204017639160156e+00
5.031523227691650391e+00
5.047190666198730469e+00
5.045213222503662109e+00
5.018246650695800781e+00
5.034110069274902344e+00
5.023956298828125000e+00
5.046580791473388672e+00
5.035052299499511719e+00
5.037289142608642578e+00
5.026735782623291016e+00
5.035761356353759766e+00
5.050240993499755859e+00
5.044825077056884766e+00
5.058671474456787109e+00
5.065886974334716797e+00
5.035650253295898438e+00
5.038313865661621094e+00
5.039578914642333984e+00
5.053096771240234375e+00
5.048125743865966797e+00
5.030473232269287109e+00
5.042572498321533203e+00
5.031599521636962891e+00
5.037608623504638672e+00
5.026345729827880859e+00
5.014553070068359375e+00
5.078654289245605469e+00
5.046339035034179688e+00
5.066039085388183594e+00
5.020054817199707031e+00
5.040233135223388672e+00
5.036350250244140625e+00
5.047039985656738281e+00
5.032379150390625000e+00
5.032433986663818359e+00
5.031727790832519531e+00
5.040312767028808594e+00
5.023371696472167969e+00
5.027554035186767578e+00
5.024206161499023438e+00
5.051055908203125000e+00
5.022920608520507812e+00
5.004057884216308594e+00
5.045310497283935547e+00
5.087621212005615234e+00
5.070663452148437500e+00
5.034069061279296875e+00
5.028730869293212891e+00
5.032480239868164062e+00
5.049394130706787109e+00
5.090431690216064453e+00
5.042712211608886719e+00
5.019831657409667969e+00
5.043079376220703125e+00
5.063553810119628906e+00
5.007021903991699219e+00
5.046092033386230469e+00
5.045348167419433594e+00
5.012957572937011719e+00
5.032620429992675781e+00
5.028202056884765625e+00
5.025028705596923828e+00
5.059343814849853516e+00
5.052486896514892578e+00
5.040636062622070312e+00
5.035762786865234375e+00
5.007602214813232422e+00
5.019306659698486328e+00
5.020989894866943359e+00
5.013602733612060547e+00
5.023443698883056641e+00
5.022568702697753906e+00
5.093437194824218750e+00
5.040396213531494141e+00
5.027360439300537109e+00
5.014690399169921875e+00
5.000115394592285156e+00
5.025658607482910156e+00
5.036896705627441406e+00
5.026195049285888672e+00
5.003320693969726562e+00
5.015866279602050781e+00
5.022653579711914062e+00
5.013519287109375000e+00
5.025223731994628906e+00
5.062784671783447266e+00
5.071635246276855469e+00
5.018759250640869141e+00
5.013950347900390625e+00
5.051608085632324219e+00
5.004650115966796875e+00
5.040071487426757812e+00
5.012778282165527344e+00
5.010837554931640625e+00
5.029076576232910156e+00
5.008699893951416016e+00
5.061597824096679688e+00
5.035726547241210938e+00
5.015130519866943359e+00
5.010719299316406250e+00
5.041661739349365234e+00
5.021061897277832031e+00
5.010640621185302734e+00
5.022297382354736328e+00
5.035619735717773438e+00
5.004531860351562500e+00
5.045057296752929688e+00
5.016607761383056641e+00
5.035453796386718750e+00
5.056509017944335938e+00
5.012082099914550781e+00
5.013667106628417969e+00
4.998762130737304688e+00
5.010656356811523438e+00
5.016815185546875000e+00
5.028740406036376953e+00
5.020745277404785156e+00
5.002148628234863281e+00
5.037773132324218750e+00
5.055298328399658203e+00
5.040583610534667969e+00
5.070454597473144531e+00
5.045191287994384766e+00
5.025616645812988281e+00
5.022220611572265625e+00
5.032638072967529297e+00
5.064141750335693359e+00
5.027697086334228516e+00
5.012737751007080078e+00
5.042997837066650391e+00
5.009021759033203125e+00
4.999418735504150391e+00
4.995480537414550781e+00
5.039309501647949219e+00
5.003876686096191406e+00
5.025419235229492188e+00
5.039201736450195312e+00
5.009611129760742188e+00
5.020740509033203125e+00
5.044486045837402344e+00
5.028203487396240234e+00
4.996536254882812500e+00
5.028138160705566406e+00
5.025373458862304688e+00
5.015973567962646484e+00
5.006194591522216797e+00
5.006015777587890625e+00
5.002939224243164062e+00
5.025751113891601562e+00
5.030773162841796875e+00
5.024273872375488281e+00
5.016080856323242188e+00
5.038061141967773438e+00
5.017558574676513672e+00
5.038248538970947266e+00
5.015176296234130859e+00
5.010593414306640625e+00
5.013425827026367188e+00
5.007266998291015625e+00
5.008784294128417969e+00
5.017415046691894531e+00
5.025538444519042969e+00
5.042551994323730469e+00
5.058846950531005859e+00
5.032297134399414062e+00
5.009846210479736328e+00
5.033685684204101562e+00
5.026404380798339844e+00
5.023761749267578125e+00
5.003246784210205078e+00
4.991327285766601562e+00
5.043603897094726562e+00
5.016245841979980469e+00
5.005547523498535156e+00
5.006752014160156250e+00
5.001537322998046875e+00
5.010197639465332031e+00
5.006385803222656250e+00
4.995792388916015625e+00
5.004618167877197266e+00
5.024524211883544922e+00
5.033831596374511719e+00
5.006515502929687500e+00
5.020957946777343750e+00
5.001249313354492188e+00
5.016301155090332031e+00
5.033404350280761719e+00
5.017228126525878906e+00
5.014182090759277344e+00
5.004092216491699219e+00
4.995207786560058594e+00
4.999683380126953125e+00
5.003354072570800781e+00
4.997141361236572266e+00
5.004708290100097656e+00
5.012382507324218750e+00
5.004961490631103516e+00
5.018564224243164062e+00
5.003469467163085938e+00
5.017976760864257812e+00
5.021035671234130859e+00
5.013952732086181641e+00
5.010200977325439453e+00
5.035084724426269531e+00
5.038249492645263672e+00
5.043222904205322266e+00
5.037781715393066406e+00
5.007691860198974609e+00
5.018702507019042969e+00
5.008508205413818359e+00
5.013449668884277344e+00
5.052056312561035156e+00
5.002663135528564453e+00
5.001429557800292969e+00
5.018868446350097656e+00
5.028870582580566406e+00
5.013505935668945312e+00
5.013171195983886719e+00
5.003660202026367188e+00
5.038377761840820312e+00
4.995630264282226562e+00
4.999684333801269531e+00
5.000881195068359375e+00
5.015519142150878906e+00
4.994931697845458984e+00
5.001368522644042969e+00
4.996559143066406250e+00
4.998180389404296875e+00
5.004549503326416016e+00
5.006050109863281250e+00
5.030869960784912109e+00
5.007573127746582031e+00
4.985808849334716797e+00
5.020826816558837891e+00
4.986080169677734375e+00
5.013664245605468750e+00
5.000544548034667969e+00
5.021691799163818359e+00
5.010621070861816406e+00
4.994246006011962891e+00
4.995721817016601562e+00
5.032165527343750000e+00
5.024033546447753906e+00
5.047027587890625000e+00
5.020639419555664062e+00
5.022846221923828125e+00
5.024518966674804688e+00
5.022466182708740234e+00
5.030428409576416016e+00
5.006011486053466797e+00
5.019994735717773438e+00
5.000283241271972656e+00
4.998794555664062500e+00
5.008799552917480469e+00
5.022627830505371094e+00
4.996966838836669922e+00
5.026144981384277344e+00
4.995861053466796875e+00
5.011776924133300781e+00
4.995313644409179688e+00
5.007513046264648438e+00
4.998957633972167969e+00
5.008069038391113281e+00
5.024190902709960938e+00
4.993481636047363281e+00
5.016606330871582031e+00
4.999274253845214844e+00
5.016530990600585938e+00
5.043083190917968750e+00
5.037378787994384766e+00
5.009223937988281250e+00
4.988769531250000000e+00
5.001602172851562500e+00
5.016517639160156250e+00
4.998924732208251953e+00
4.987505912780761719e+00
5.002087593078613281e+00
5.004124641418457031e+00
5.021749019622802734e+00
5.021438598632812500e+00
5.016140460968017578e+00
4.995733737945556641e+00
4.988402366638183594e+00
5.029514312744140625e+00
5.003914833068847656e+00
5.007863521575927734e+00
5.006838798522949219e+00
5.031287670135498047e+00
4.993543148040771484e+00
4.992764949798583984e+00
5.028965950012207031e+00
5.036954879760742188e+00
4.988611698150634766e+00
5.016432285308837891e+00
4.994672775268554688e+00
5.020185947418212891e+00
5.032113552093505859e+00
5.011129379272460938e+00
4.993356227874755859e+00
4.994487285614013672e+00
5.004309177398681641e+00
5.000375747680664062e+00
5.003016471862792969e+00
5.034242153167724609e+00
5.019463062286376953e+00
4.985697746276855469e+00
4.993248462677001953e+00
4.990877628326416016e+00
4.997174739837646484e+00
4.992228984832763672e+00
5.014590740203857422e+00
5.008544921875000000e+00
5.010344505310058594e+00
4.989230155944824219e+00
5.050906658172607422e+00
4.994007110595703125e+00
5.026334762573242188e+00
5.045396804809570312e+00
5.019643783569335938e+00
5.037007808685302734e+00
5.026553630828857422e+00
5.001095771789550781e+00
5.004703998565673828e+00
5.019326210021972656e+00
5.038840293884277344e+00
5.016363143920898438e+00
4.996651172637939453e+00
5.006251335144042969e+00
5.000530719757080078e+00
5.015869140625000000e+00
4.990991115570068359e+00
5.001061439514160156e+00
5.012008190155029297e+00
4.994700431823730469e+00
5.013939857482910156e+00
5.009081840515136719e+00
5.009986877441406250e+00
5.010148525238037109e+00
5.047944545745849609e+00
5.003583431243896484e+00
5.028132915496826172e+00
5.018868923187255859e+00
4.993992805480957031e+00
4.993827342987060547e+00
4.993487358093261719e+00
5.038443088531494141e+00
4.988576889038085938e+00
4.996565818786621094e+00
4.994216442108154297e+00
5.009644508361816406e+00
4.988788604736328125e+00
5.017501831054687500e+00
5.005206108093261719e+00
5.032516956329345703e+00
5.010202884674072266e+00
5.005669593811035156e+00
5.035323619842529297e+00
4.983696937561035156e+00
5.040238857269287109e+00
4.994258403778076172e+00
5.019958496093750000e+00
5.022309303283691406e+00
4.998208999633789062e+00
4.993085861206054688e+00
5.004505157470703125e+00
5.015208721160888672e+00
4.995174407958984375e+00
5.004932880401611328e+00
4.997965812683105469e+00
4.996160507202148438e+00
5.004867076873779297e+00
5.006967544555664062e+00
4.991911411285400391e+00
4.994564533233642578e+00
4.991765022277832031e+00
5.029593467712402344e+00
5.034539222717285156e+00
5.044647693634033203e+00
5.034960746765136719e+00
5.013425350189208984e+00
4.990932464599609375e+00
4.992515087127685547e+00
4.996535301208496094e+00
5.006130218505859375e+00
4.993323326110839844e+00
4.993946552276611328e+00
5.010623455047607422e+00
4.999711036682128906e+00
4.992721080780029297e+00
4.988204002380371094e+00
5.003708362579345703e+00
4.990123748779296875e+00
5.009388923645019531e+00
5.018367767333984375e+00
4.985910892486572266e+00
5.005775451660156250e+00
5.010070800781250000e+00
5.040111541748046875e+00
4.986586093902587891e+00
4.998787879943847656e+00
5.000635147094726562e+00
4.983772754669189453e+00
5.049573898315429688e+00
4.989742755889892578e+00
4.999992847442626953e+00
5.021298885345458984e+00
4.992995262145996094e+00
5.010862350463867188e+00
4.994605541229248047e+00
5.012681484222412109e+00
5.002433776855468750e+00
4.993033885955810547e+00
5.024497985839843750e+00
4.985208511352539062e+00
4.988413810729980469e+00
4.981359004974365234e+00
4.988070964813232422e+00
5.011387825012207031e+00
5.000792026519775391e+00
4.993369579315185547e+00
5.021742343902587891e+00
4.999916553497314453e+00
4.995888710021972656e+00
5.015842914581298828e+00
4.993566989898681641e+00
5.006791591644287109e+00
4.995648384094238281e+00
5.019185066223144531e+00
5.038461685180664062e+00
4.987597465515136719e+00
5.008858680725097656e+00
4.985617637634277344e+00
4.977684020996093750e+00
5.004945755004882812e+00
4.996057510375976562e+00
4.999798774719238281e+00
5.021924972534179688e+00
5.013211250305175781e+00
4.998832702636718750e+00
4.996728897094726562e+00
4.996220111846923828e+00
4.991152763366699219e+00
4.988401889801025391e+00
4.983484745025634766e+00
4.994307994842529297e+00
5.024316787719726562e+00
4.984335899353027344e+00
5.028765678405761719e+00
4.987581253051757812e+00
5.015480995178222656e+00
5.031405448913574219e+00
5.002642154693603516e+00
4.999051094055175781e+00
4.991535186767578125e+00
4.996052265167236328e+00
4.989476680755615234e+00
4.993593215942382812e+00
5.007127761840820312e+00
4.995468616485595703e+00
5.001734256744384766e+00
5.011669158935546875e+00
5.003111839294433594e+00
5.012395858764648438e+00
4.997341156005859375e+00
4.997471332550048828e+00
4.999572277069091797e+00
4.990057945251464844e+00
4.994146347045898438e+00
4.994007587432861328e+00
5.003526210784912109e+00
5.012383460998535156e+00
4.986500263214111328e+00
4.988554477691650391e+00
4.985113620758056641e+00
4.981095314025878906e+00
5.015474319458007812e+00
5.015454292297363281e+00
4.992812633514404297e+00
5.010397911071777344e+00
4.993505001068115234e+00
5.002800464630126953e+00
5.011844635009765625e+00
5.024156570434570312e+00
4.993887901306152344e+00
5.000451564788818359e+00
4.988288879394531250e+00
4.974692344665527344e+00
4.987598419189453125e+00
4.990846633911132812e+00
4.975792884826660156e+00
4.992481231689453125e+00
4.989399909973144531e+00
4.979946613311767578e+00
5.036510467529296875e+00
4.997337818145751953e+00
4.991508007049560547e+00
4.988472938537597656e+00
4.998690128326416016e+00
4.993489265441894531e+00
4.995245456695556641e+00
4.998859882354736328e+00
4.987683296203613281e+00
4.985634803771972656e+00
5.008434295654296875e+00
4.978324413299560547e+00
5.000404834747314453e+00
5.016372680664062500e+00
5.005906581878662109e+00
5.007151126861572266e+00
4.980830669403076172e+00
4.985744953155517578e+00
4.989868640899658203e+00
5.004977226257324219e+00
4.990200996398925781e+00
4.986781120300292969e+00
5.012387275695800781e+00
5.000037193298339844e+00
4.974257469177246094e+00
4.985589504241943359e+00
4.995810031890869141e+00
4.989333152770996094e+00
5.000745773315429688e+00
5.009920597076416016e+00
4.997599601745605469e+00
5.009780406951904297e+00
4.983106136322021484e+00
5.000251293182373047e+00
4.989428997039794922e+00
4.985632896423339844e+00
5.003872394561767578e+00
4.980660915374755859e+00
5.007909774780273438e+00
4.988046169281005859e+00
5.016058444976806641e+00
4.996347427368164062e+00
4.995996475219726562e+00
4.995467185974121094e+00
4.988159656524658203e+00
4.986931324005126953e+00
5.032707214355468750e+00
4.994580745697021484e+00
4.988931655883789062e+00
4.992480754852294922e+00
4.975028038024902344e+00
5.016369342803955078e+00
5.055298328399658203e+00
5.005712032318115234e+00
4.993693351745605469e+00
5.014805316925048828e+00
4.998381614685058594e+00
5.009952545166015625e+00
4.984371185302734375e+00
4.983922958374023438e+00
4.980426788330078125e+00
4.991317749023437500e+00
4.993037700653076172e+00
4.992747306823730469e+00
4.984611511230468750e+00
4.983736038208007812e+00
4.988515853881835938e+00
4.999022960662841797e+00
4.983544349670410156e+00
4.980188369750976562e+00
5.007905006408691406e+00
4.970351219177246094e+00
4.976045131683349609e+00
4.995283126831054688e+00
5.003317832946777344e+00
5.056756496429443359e+00
4.977707386016845703e+00
4.990391731262207031e+00
4.986497879028320312e+00
5.000363349914550781e+00
4.990022659301757812e+00
4.991713523864746094e+00
5.009988784790039062e+00
5.012771606445312500e+00
5.006183624267578125e+00
4.985409736633300781e+00
4.991627693176269531e+00
4.977644920349121094e+00
4.993983268737792969e+00
4.993801116943359375e+00
5.031896591186523438e+00
5.018470764160156250e+00
5.005431175231933594e+00
5.019707202911376953e+00
4.997490882873535156e+00
5.037500381469726562e+00
5.006670951843261719e+00
4.990384578704833984e+00
4.996000289916992188e+00
5.004853248596191406e+00
5.023502349853515625e+00
4.993766307830810547e+00
5.003208160400390625e+00
4.987325668334960938e+00
4.980560302734375000e+00
5.002937316894531250e+00
5.098225593566894531e+00
4.991923809051513672e+00
4.983404159545898438e+00
4.987112998962402344e+00
4.984268188476562500e+00
4.992671489715576172e+00
4.992971420288085938e+00
5.011030673980712891e+00
4.990203857421875000e+00
4.989257812500000000e+00
5.024195671081542969e+00
4.983912944793701172e+00
4.984940528869628906e+00
5.009737968444824219e+00
4.991255283355712891e+00
4.992672443389892578e+00
5.002860546112060547e+00
4.988645553588867188e+00
5.013587951660156250e+00
4.991815090179443359e+00
4.982786655426025391e+00
5.014168739318847656e+00
4.992921352386474609e+00
5.000942230224609375e+00
4.994258403778076172e+00
5.000507831573486328e+00
5.009171009063720703e+00
4.994309425354003906e+00
4.989218711853027344e+00
5.003858089447021484e+00
5.000083923339843750e+00
4.983193874359130859e+00
4.980275630950927734e+00
5.006997108459472656e+00
5.005946636199951172e+00
5.003068923950195312e+00
5.051385879516601562e+00
4.990267753601074219e+00
4.992465019226074219e+00
5.001281738281250000e+00
4.986262321472167969e+00
4.985191345214843750e+00
5.000160217285156250e+00
5.009778022766113281e+00
4.974224567413330078e+00
5.022586822509765625e+00
4.985946655273437500e+00
4.984227180480957031e+00
4.975822448730468750e+00
5.008468627929687500e+00
4.976507663726806641e+00
5.012435436248779297e+00
4.979261875152587891e+00
4.999410629272460938e+00
5.010846138000488281e+00
4.985341072082519531e+00
4.993027687072753906e+00
5.010982513427734375e+00
4.986099243164062500e+00
4.984312057495117188e+00
5.023632526397705078e+00
4.987011909484863281e+00
5.017249107360839844e+00
4.986489295959472656e+00
4.988131046295166016e+00
5.000724315643310547e+00
4.978651523590087891e+00
4.979052066802978516e+00
4.983619689941406250e+00
4.982868671417236328e+00
5.002316474914550781e+00
4.972980022430419922e+00
5.048922061920166016e+00
5.007307529449462891e+00
4.994425773620605469e+00
4.972037315368652344e+00
4.978624343872070312e+00
5.009702682495117188e+00
4.984477996826171875e+00
4.990082740783691406e+00
4.976110935211181641e+00
4.992013931274414062e+00
4.991125106811523438e+00
5.012260913848876953e+00
4.981452465057373047e+00
4.984140396118164062e+00
4.971682071685791016e+00
4.980169296264648438e+00
4.981166362762451172e+00
4.994567394256591797e+00
4.974701404571533203e+00
4.991132259368896484e+00
4.993946552276611328e+00
5.024240493774414062e+00
4.987163543701171875e+00
4.995407104492187500e+00
4.995498657226562500e+00
4.990252971649169922e+00
4.982187271118164062e+00
5.008814811706542969e+00
4.990581512451171875e+00
4.986738204956054688e+00
5.007741451263427734e+00
4.995376586914062500e+00
4.991601467132568359e+00
4.989558696746826172e+00
4.992871761322021484e+00
4.984151363372802734e+00
5.004116058349609375e+00
4.977935791015625000e+00
5.021724224090576172e+00
5.006638050079345703e+00
4.984520912170410156e+00
5.012337207794189453e+00
4.988567352294921875e+00
4.990163803100585938e+00
4.978053569793701172e+00
4.978519916534423828e+00
4.984143733978271484e+00
4.992989063262939453e+00
4.987946987152099609e+00
4.990612030029296875e+00
4.987937927246093750e+00
4.986647605895996094e+00
4.986772060394287109e+00
4.977678298950195312e+00
4.983457565307617188e+00
5.000634670257568359e+00
4.987807273864746094e+00
4.981627941131591797e+00
4.976504325866699219e+00
4.995693206787109375e+00
5.012661933898925781e+00
4.986740112304687500e+00
5.004810333251953125e+00
4.977068901062011719e+00
4.986876487731933594e+00
5.003343105316162109e+00
4.983281135559082031e+00
4.976165771484375000e+00
4.994767665863037109e+00
5.004972457885742188e+00
5.014372348785400391e+00
4.990955352783203125e+00
4.984321117401123047e+00
5.021225929260253906e+00
4.983470916748046875e+00
4.978417873382568359e+00
5.000964641571044922e+00
5.008077621459960938e+00
4.977828025817871094e+00
4.990505695343017578e+00
4.994778156280517578e+00
4.991166114807128906e+00
4.981410980224609375e+00
4.981379508972167969e+00
4.978798389434814453e+00
5.001516342163085938e+00
4.988290309906005859e+00
5.005032539367675781e+00
4.985579013824462891e+00
4.996455669403076172e+00
5.000031471252441406e+00
4.978888511657714844e+00
4.979036331176757812e+00
4.983179569244384766e+00
4.976609230041503906e+00
4.978936195373535156e+00
4.973918914794921875e+00
4.973807334899902344e+00
5.003452301025390625e+00
4.986802101135253906e+00
4.987117767333984375e+00
4.987980365753173828e+00
5.002646446228027344e+00
4.985265254974365234e+00
4.987205028533935547e+00
4.985900402069091797e+00
4.978450775146484375e+00
4.986193656921386719e+00
5.004308223724365234e+00
5.001887321472167969e+00
4.971097469329833984e+00
4.977876663208007812e+00
4.999966621398925781e+00
4.989208221435546875e+00
4.979638099670410156e+00
4.995537757873535156e+00
5.015693664550781250e+00
4.979362487792968750e+00
4.978917598724365234e+00
4.982969760894775391e+00
4.993654251098632812e+00
4.986198425292968750e+00
4.994072914123535156e+00
5.001459598541259766e+00
4.990566730499267578e+00
4.990277767181396484e+00
5.001289367675781250e+00
4.981362819671630859e+00
4.980768203735351562e+00
4.989683151245117188e+00
5.006900310516357422e+00
4.984299182891845703e+00
5.006870746612548828e+00
5.005923748016357422e+00
5.007298946380615234e+00
5.008320331573486328e+00
4.982882976531982422e+00
4.996143817901611328e+00
4.980832099914550781e+00
5.013361930847167969e+00
4.997586250305175781e+00
4.989392280578613281e+00
4.989481449127197266e+00
4.977328300476074219e+00
4.985447883605957031e+00
5.032019615173339844e+00
5.045762062072753906e+00
4.994385719299316406e+00
5.008205890655517578e+00
5.039991378784179688e+00
4.991367340087890625e+00
5.022191047668457031e+00
5.016056060791015625e+00
4.984153747558593750e+00
4.995491027832031250e+00
5.002581119537353516e+00
4.979109764099121094e+00
4.981415748596191406e+00
4.994949340820312500e+00
4.981664180755615234e+00
4.989313602447509766e+00
4.975602149963378906e+00
5.036908626556396484e+00
5.004602432250976562e+00
5.022291183471679688e+00
5.003435611724853516e+00
4.998314857482910156e+00
5.003058433532714844e+00
4.986437320709228516e+00
4.983083248138427734e+00
