6.848021507263183594e+00
6.702982902526855469e+00
6.702138900756835938e+00
6.674211502075195312e+00
6.496237754821777344e+00
6.454487323760986328e+00
6.380596160888671875e+00
6.328869342803955078e+00
6.431781768798828125e+00
6.313036918640136719e+00
6.295536041259765625e+00
6.237228870391845703e+00
6.048390865325927734e+00
6.196616172790527344e+00
6.271321296691894531e+00
6.089529514312744141e+00
6.080025672912597656e+00
6.254004478454589844e+00
6.080723762512207031e+00
6.058189868927001953e+00
6.114965915679931641e+00
6.052179336547851562e+00
6.149553298950195312e+00
6.040641307830810547e+00
6.205759525299072266e+00
6.035740852355957031e+00
6.036083698272705078e+00
6.070604324340820312e+00
6.214777469635009766e+00
5.966543197631835938e+00
6.062325954437255859e+00
6.159653186798095703e+00
6.082084178924560547e+00
6.084245204925537109e+00
6.055546283721923828e+00
5.967252731323242188e+00
6.060519695281982422e+00
5.989097118377685547e+00
5.969918251037597656e+00
5.998123168945312500e+00
6.060336589813232422e+00
5.960867881774902344e+00
5.868452072143554688e+00
5.957629680633544922e+00
6.004066467285156250e+00
6.047065734863281250e+00
5.965498924255371094e+00
5.986140251159667969e+00
6.017576694488525391e+00
6.004673480987548828e+00
5.927950382232666016e+00
5.880430698394775391e+00
6.439517498016357422e+00
6.019628524780273438e+00
6.023294448852539062e+00
5.969525337219238281e+00
5.907712936401367188e+00
5.959928512573242188e+00
5.973988533020019531e+00
6.131896972656250000e+00
6.011649608612060547e+00
6.031929016113281250e+00
5.952972412109375000e+00
5.903086185455322266e+00
5.931194782257080078e+00
5.924350738525390625e+00
5.967967510223388672e+00
5.766235828399658203e+00
5.964951038360595703e+00
5.925574302673339844e+00
5.825169086456298828e+00
5.960819244384765625e+00
5.875421524047851562e+00
5.960547447204589844e+00
5.906638145446777344e+00
5.990326881408691406e+00
5.902531147003173828e+00
5.907097816467285156e+00
6.091143131256103516e+00
6.031677722930908203e+00
5.987651348114013672e+00
5.968454837799072266e+00
5.934988021850585938e+00
5.795502185821533203e+00
6.021825313568115234e+00
5.942008495330810547e+00
6.013175964355468750e+00
5.872731685638427734e+00
5.864466190338134766e+00
5.876445293426513672e+00
5.924245357513427734e+00
6.135549545288085938e+00
6.011953353881835938e+00
5.878633975982666016e+00
5.875486850738525391e+00
5.964631080627441406e+00
5.795147418975830078e+00
5.985670089721679688e+00
5.839891910552978516e+00
5.835336208343505859e+00
5.957573890686035156e+00
6.019229412078857422e+00
5.907724380493164062e+00
5.790229797363281250e+00
6.026187419891357422e+00
5.983426570892333984e+00
5.882094383239746094e+00
5.921581745147705078e+00
5.848934650421142578e+00
5.784863471984863281e+00
6.009928226470947266e+00
6.130887031555175781e+00
5.866994857788085938e+00
5.931589126586914062e+00
5.787284851074218750e+00
5.917387962341308594e+00
5.794590950012207031e+00
5.759936332702636719e+00
5.779196262359619141e+00
5.833035945892333984e+00
6.021087169647216797e+00
5.944312572479248047e+00
6.022983551025390625e+00
5.828570365905761719e+00
5.891282558441162109e+00
5.779481887817382812e+00
5.840767860412597656e+00
5.814208984375000000e+00
5.760810852050781250e+00
5.841267108917236328e+00
5.955885410308837891e+00
5.903366565704345703e+00
5.766010761260986328e+00
5.750207901000976562e+00
5.871840476989746094e+00
5.867156982421875000e+00
5.746249198913574219e+00
5.841858863830566406e+00
5.885181903839111328e+00
5.893376350402832031e+00
5.778356075286865234e+00
5.794910430908203125e+00
5.772079467773437500e+00
5.758182048797607422e+00
5.763270378112792969e+00
5.953165054321289062e+00
5.855751514434814453e+00
5.763741016387939453e+00
5.970415592193603516e+00
5.750982284545898438e+00
5.885563850402832031e+00
5.784535408020019531e+00
5.781590938568115234e+00
5.935342788696289062e+00
5.804497241973876953e+00
5.821606159210205078e+00
5.730837821960449219e+00
5.884195804595947266e+00
5.888729095458984375e+00
5.791579246520996094e+00
5.887022972106933594e+00
5.820928573608398438e+00
5.918567657470703125e+00
5.945293903350830078e+00
5.839645385742187500e+00
6.287060737609863281e+00
5.725861549377441406e+00
5.759757995605468750e+00
5.822963237762451172e+00
5.769979476928710938e+00
6.029755115509033203e+00
5.807147502899169922e+00
5.804525375366210938e+00
5.937189102172851562e+00
5.751224040985107422e+00
5.895962238311767578e+00
5.792360782623291016e+00
5.823414802551269531e+00
5.761116027832031250e+00
5.868549346923828125e+00
5.674201011657714844e+00
5.749945640563964844e+00
5.877608776092529297e+00
5.763528347015380859e+00
5.776804447174072266e+00
5.799886703491210938e+00
5.907612800598144531e+00
5.838961601257324219e+00
5.917148590087890625e+00
5.790039062500000000e+00
5.751548767089843750e+00
5.786536216735839844e+00
5.769303321838378906e+00
5.939689159393310547e+00
5.667699813842773438e+00
6.060651779174804688e+00
5.913226127624511719e+00
5.786957740783691406e+00
5.777000904083251953e+00
5.786393642425537109e+00
5.732948780059814453e+00
5.854183197021484375e+00
5.824264526367187500e+00
5.750019073486328125e+00
5.681932449340820312e+00
5.777950286865234375e+00
5.753456115722656250e+00
5.729770660400390625e+00
5.753686904907226562e+00
5.825372695922851562e+00
5.749817371368408203e+00
5.711920738220214844e+00
5.932577133178710938e+00
5.766250610351562500e+00
5.855296611785888672e+00
5.812700271606445312e+00
5.789377689361572266e+00
5.822209835052490234e+00
5.789131164550781250e+00
5.903006553649902344e+00
5.896658897399902344e+00
5.637691497802734375e+00
5.700424194335937500e+00
5.754678726196289062e+00
5.913822174072265625e+00
5.932665824890136719e+00
5.920223712921142578e+00
5.836230754852294922e+00
5.806946277618408203e+00
5.793109416961669922e+00
5.830129623413085938e+00
5.767803192138671875e+00
5.679367065429687500e+00
5.816178321838378906e+00
5.741437435150146484e+00
5.784217834472656250e+00
5.817810535430908203e+00
5.732199192047119141e+00
6.029965877532958984e+00
5.848370552062988281e+00
5.854445457458496094e+00
5.721981525421142578e+00
5.834156036376953125e+00
5.741039276123046875e+00
5.816463947296142578e+00
6.153670787811279297e+00
5.909311771392822266e+00
5.779562473297119141e+00
5.715944766998291016e+00
5.784038543701171875e+00
5.786632537841796875e+00
5.763077735900878906e+00
5.776833057403564453e+00
5.776096343994140625e+00
5.739873886108398438e+00
5.753650665283203125e+00
5.808017253875732422e+00
5.670479297637939453e+00
5.736465930938720703e+00
5.800969123840332031e+00
5.831090927124023438e+00
5.711845397949218750e+00
5.723421096801757812e+00
5.715225219726562500e+00
5.747662544250488281e+00
5.742748260498046875e+00
5.854205131530761719e+00
5.688228130340576172e+00
5.743951797485351562e+00
5.753053188323974609e+00
5.675583839416503906e+00
5.734810829162597656e+00
5.767735481262207031e+00
5.607927799224853516e+00
5.780405998229980469e+00
5.798282146453857422e+00
5.701888084411621094e+00
5.894437789916992188e+00
5.783491611480712891e+00
5.790896415710449219e+00
5.830622673034667969e+00
5.718376159667968750e+00
5.922684192657470703e+00
5.788670063018798828e+00
6.045006752014160156e+00
5.975480079650878906e+00
5.759149074554443359e+00
5.765182495117187500e+00
5.674912452697753906e+00
5.715964317321777344e+00
5.830794334411621094e+00
5.670394420623779297e+00
5.754672527313232422e+00
6.098318099975585938e+00
5.731558799743652344e+00
5.708146095275878906e+00
5.747395515441894531e+00
5.816225528717041016e+00
5.725291728973388672e+00
5.701835155487060547e+00
5.841950416564941406e+00
5.681514263153076172e+00
5.939156055450439453e+00
5.643147468566894531e+00
5.871547698974609375e+00
5.912759780883789062e+00
5.641508579254150391e+00
5.775869369506835938e+00
5.697723388671875000e+00
5.815593719482421875e+00
5.760458469390869141e+00
5.681524753570556641e+00
5.687689781188964844e+00
5.715744018554687500e+00
5.845145702362060547e+00
5.790714740753173828e+00
5.857483863830566406e+00
5.665600299835205078e+00
5.753557205200195312e+00
5.837794780731201172e+00
5.674669265747070312e+00
5.734902858734130859e+00
5.612147331237792969e+00
5.667644977569580078e+00
5.776613235473632812e+00
5.711691379547119141e+00
5.674077510833740234e+00
5.732055187225341797e+00
5.686411857604980469e+00
5.772015571594238281e+00
5.892917156219482422e+00
5.690347671508789062e+00
5.772825241088867188e+00
5.726451396942138672e+00
5.802012443542480469e+00
5.612806797027587891e+00
5.581078529357910156e+00
5.683749198913574219e+00
5.688010215759277344e+00
5.854090690612792969e+00
5.849744796752929688e+00
5.788654327392578125e+00
5.704208850860595703e+00
5.672026157379150391e+00
5.678332328796386719e+00
5.718812942504882812e+00
5.691783905029296875e+00
5.701066017150878906e+00
5.701593399047851562e+00
5.707728862762451172e+00
5.770893573760986328e+00
5.677569389343261719e+00
5.715374469757080078e+00
5.709319591522216797e+00
5.830927848815917969e+00
5.675752639770507812e+00
5.627348899841308594e+00
5.771679878234863281e+00
5.724527835845947266e+00
5.785342693328857422e+00
5.705657958984375000e+00
5.655892372131347656e+00
5.695791244506835938e+00
5.757168769836425781e+00
5.697109222412109375e+00
5.724116325378417969e+00
5.724456310272216797e+00
5.720284938812255859e+00
5.819086551666259766e+00
5.644444942474365234e+00
5.785240173339843750e+00
5.600310802459716797e+00
5.629261016845703125e+00
5.747920036315917969e+00
5.827635288238525391e+00
5.694206237792968750e+00
5.697697639465332031e+00
5.701516151428222656e+00
5.796476840972900391e+00
5.837049007415771484e+00
5.950441837310791016e+00
5.684504508972167969e+00
5.696768283843994141e+00
5.745450973510742188e+00
5.689962387084960938e+00
5.686185836791992188e+00
5.679725170135498047e+00
5.691726684570312500e+00
5.731940746307373047e+00
5.585594177246093750e+00
5.754925251007080078e+00
5.888248443603515625e+00
5.638372898101806641e+00
5.731731414794921875e+00
5.750554084777832031e+00
5.700321674346923828e+00
5.642029762268066406e+00
5.653558254241943359e+00
5.694750785827636719e+00
5.656793594360351562e+00
5.720554351806640625e+00
5.772715568542480469e+00
5.716387271881103516e+00
5.743634223937988281e+00
5.703513145446777344e+00
5.654546260833740234e+00
5.691722393035888672e+00
5.689781665802001953e+00
5.714219093322753906e+00
5.604260444641113281e+00
5.637997627258300781e+00
5.625987052917480469e+00
5.787678241729736328e+00
5.707174301147460938e+00
5.671463966369628906e+00
5.657696247100830078e+00
5.611595153808593750e+00
5.797178268432617188e+00
6.198335170745849609e+00
5.731812477111816406e+00
5.720917224884033203e+00
5.749668121337890625e+00
5.681475162506103516e+00
5.755482196807861328e+00
5.771158218383789062e+00
5.673069953918457031e+00
5.719417095184326172e+00
5.740259647369384766e+00
5.937070846557617188e+00
5.713669776916503906e+00
5.740227699279785156e+00
5.745909690856933594e+00
5.674038887023925781e+00
5.725315093994140625e+00
5.744683742523193359e+00
5.673014163970947266e+00
5.756545066833496094e+00
5.722547054290771484e+00
5.732820510864257812e+00
5.729674339294433594e+00
5.845857143402099609e+00
5.730422496795654297e+00
5.700521945953369141e+00
5.714929580688476562e+00
5.698186874389648438e+00
5.841200351715087891e+00
5.624365329742431641e+00
5.678589820861816406e+00
5.675654411315917969e+00
5.652105331420898438e+00
5.769639015197753906e+00
5.727980613708496094e+00
5.694901466369628906e+00
5.680699348449707031e+00
5.783208370208740234e+00
5.677503585815429688e+00
5.692225456237792969e+00
5.727529048919677734e+00
5.654555320739746094e+00
5.708299636840820312e+00
5.727514266967773438e+00
5.725347518920898438e+00
5.625086307525634766e+00
6.218476295471191406e+00
5.617504119873046875e+00
5.727713108062744141e+00
5.736200332641601562e+00
5.857988357543945312e+00
5.940612316131591797e+00
5.659755706787109375e+00
5.675740718841552734e+00
5.708018779754638672e+00
5.746974945068359375e+00
5.688256263732910156e+00
5.677498817443847656e+00
5.861782073974609375e+00
5.759152412414550781e+00
5.741436004638671875e+00
5.842166423797607422e+00
5.841733455657958984e+00
5.667682647705078125e+00
5.831077575683593750e+00
5.717037677764892578e+00
5.791114330291748047e+00
5.669771671295166016e+00
5.805118560791015625e+00
5.668543815612792969e+00
5.676980018615722656e+00
5.661407947540283203e+00
5.882301807403564453e+00
5.732548713684082031e+00
5.617259502410888672e+00
5.716447830200195312e+00
5.681172847747802734e+00
5.628079414367675781e+00
5.647913932800292969e+00
5.633555889129638672e+00
5.706686973571777344e+00
5.759201526641845703e+00
5.620802879333496094e+00
5.675852298736572266e+00
5.869097709655761719e+00
5.742596149444580078e+00
5.765889167785644531e+00
5.784580230712890625e+00
5.742539882659912109e+00
5.622383594512939453e+00
5.755737781524658203e+00
5.719559669494628906e+00
5.537209510803222656e+00
5.639748573303222656e+00
5.735161304473876953e+00
5.721613883972167969e+00
5.714111328125000000e+00
5.582224845886230469e+00
5.551633834838867188e+00
5.807669639587402344e+00
5.654713630676269531e+00
5.714518547058105469e+00
5.826200962066650391e+00
5.703544139862060547e+00
5.674708366394042969e+00
5.656457424163818359e+00
5.690383911132812500e+00
5.707736968994140625e+00
5.688762664794921875e+00
5.861671447753906250e+00
5.727180004119873047e+00
5.766939163208007812e+00
5.696094989776611328e+00
5.843013286590576172e+00
5.630042552947998047e+00
5.690200328826904297e+00
5.688551902770996094e+00
5.682810783386230469e+00
5.644319057464599609e+00
5.874805450439453125e+00
5.750128746032714844e+00
5.663495540618896484e+00
5.823907375335693359e+00
5.691705703735351562e+00
5.675051212310791016e+00
5.628454685211181641e+00
5.653284072875976562e+00
5.788087844848632812e+00
5.671928882598876953e+00
5.720750808715820312e+00
5.827926635742187500e+00
5.758537292480468750e+00
5.652572154998779297e+00
5.670990943908691406e+00
5.835908889770507812e+00
5.619942665100097656e+00
5.790622711181640625e+00
5.650825977325439453e+00
5.669273376464843750e+00
5.622586727142333984e+00
5.640202522277832031e+00
5.672217845916748047e+00
5.615316390991210938e+00
5.693350791931152344e+00
5.656270027160644531e+00
5.771862506866455078e+00
5.570016384124755859e+00
5.663704395294189453e+00
5.687913894653320312e+00
5.623421669006347656e+00
5.796793937683105469e+00
5.742452621459960938e+00
5.614996433258056641e+00
5.655458927154541016e+00
5.660765647888183594e+00
5.723728179931640625e+00
5.736217498779296875e+00
5.674417495727539062e+00
5.768034934997558594e+00
5.839283943176269531e+00
5.581793308258056641e+00
5.752737998962402344e+00
5.667596817016601562e+00
5.641643524169921875e+00
5.696755409240722656e+00
5.681247711181640625e+00
5.873566150665283203e+00
5.691708087921142578e+00
5.729990005493164062e+00
5.688682556152343750e+00
5.727159500122070312e+00
5.768592834472656250e+00
5.645200252532958984e+00
5.655592441558837891e+00
5.703718185424804688e+00
5.660912513732910156e+00
5.685228347778320312e+00
5.665606975555419922e+00
5.792372703552246094e+00
5.781718254089355469e+00
5.613242626190185547e+00
5.680760383605957031e+00
5.651627540588378906e+00
5.716036796569824219e+00
5.653082847595214844e+00
5.775922775268554688e+00
5.784772396087646484e+00
5.776035785675048828e+00
5.660119056701660156e+00
5.621341705322265625e+00
5.962847709655761719e+00
5.793064594268798828e+00
5.686149597167968750e+00
5.628475666046142578e+00
5.683462142944335938e+00
5.689592838287353516e+00
5.785388946533203125e+00
5.667993068695068359e+00
5.751871109008789062e+00
5.732767105102539062e+00
5.704493045806884766e+00
5.788956642150878906e+00
5.595020294189453125e+00
5.681972503662109375e+00
5.605867385864257812e+00
5.626209735870361328e+00
5.616734504699707031e+00
5.752614974975585938e+00
5.724993705749511719e+00
5.770321369171142578e+00
5.776171684265136719e+00
5.652774810791015625e+00
5.587022304534912109e+00
5.712637901306152344e+00
5.728255271911621094e+00
5.687952041625976562e+00
5.866110801696777344e+00
5.650321006774902344e+00
5.768802642822265625e+00
5.691780567169189453e+00
5.709048271179199219e+00
5.640575885772705078e+00
5.732691764831542969e+00
5.781334400177001953e+00
5.653583526611328125e+00
5.668833732604980469e+00
5.887402534484863281e+00
5.870966911315917969e+00
5.616224765777587891e+00
5.720561504364013672e+00
5.673000335693359375e+00
5.691584110260009766e+00
5.742290019989013672e+00
5.706110000610351562e+00
5.675970554351806641e+00
5.763854026794433594e+00
5.667904853820800781e+00
5.696719169616699219e+00
5.718644142150878906e+00
5.654443264007568359e+00
5.617792606353759766e+00
5.612911224365234375e+00
5.656568527221679688e+00
5.683313846588134766e+00
5.880295276641845703e+00
5.666368007659912109e+00
5.705503463745117188e+00
5.692077636718750000e+00
5.694499969482421875e+00
5.997274398803710938e+00
5.663823127746582031e+00
5.710001945495605469e+00
5.658714771270751953e+00
5.717399597167968750e+00
5.587375640869140625e+00
5.645932674407958984e+00
5.644861698150634766e+00
5.622123718261718750e+00
5.682034492492675781e+00
5.682246685028076172e+00
5.713995933532714844e+00
5.662216186523437500e+00
5.702379226684570312e+00
5.660583019256591797e+00
5.644125938415527344e+00
5.629405975341796875e+00
5.594393730163574219e+00
5.787516593933105469e+00
5.768487453460693359e+00
5.780575275421142578e+00
5.708783626556396484e+00
5.825479984283447266e+00
5.620178699493408203e+00
5.662620544433593750e+00
5.757093429565429688e+00
5.605746269226074219e+00
5.759257793426513672e+00
5.738698005676269531e+00
5.733418464660644531e+00
5.721714496612548828e+00
5.666653633117675781e+00
5.668696880340576172e+00
5.679780483245849609e+00
5.641545295715332031e+00
5.668552398681640625e+00
5.839994907379150391e+00
5.631773948669433594e+00
5.827565193176269531e+00
5.770829677581787109e+00
5.656343460083007812e+00
5.772644042968750000e+00
5.718946933746337891e+00
5.621924400329589844e+00
5.651930809020996094e+00
5.672599792480468750e+00
5.631796836853027344e+00
5.615027427673339844e+00
5.677470684051513672e+00
5.773957729339599609e+00
5.660971641540527344e+00
5.651057243347167969e+00
5.787707805633544922e+00
5.619034290313720703e+00
5.735004425048828125e+00
5.656073570251464844e+00
5.609203338623046875e+00
5.701711177825927734e+00
5.714470863342285156e+00
5.588727951049804688e+00
5.680979251861572266e+00
5.800655841827392578e+00
5.718550205230712891e+00
5.778731346130371094e+00
5.715276718139648438e+00
5.820184230804443359e+00
5.603745460510253906e+00
5.696102142333984375e+00
5.653510570526123047e+00
5.786166191101074219e+00
5.632782936096191406e+00
5.760570526123046875e+00
5.735598564147949219e+00
5.677836894989013672e+00
5.642284870147705078e+00
5.898237228393554688e+00
5.753119945526123047e+00
5.673423290252685547e+00
5.628814697265625000e+00
5.620831012725830078e+00
5.751530170440673828e+00
5.795756816864013672e+00
5.660617351531982422e+00
5.637445926666259766e+00
5.774610996246337891e+00
5.734631538391113281e+00
5.671030998229980469e+00
5.639078140258789062e+00
5.661168098449707031e+00
5.625738143920898438e+00
5.620342254638671875e+00
5.684547901153564453e+00
5.656815528869628906e+00
5.601238727569580078e+00
5.730226516723632812e+00
5.711385250091552734e+00
5.820196628570556641e+00
5.584578037261962891e+00
5.656471252441406250e+00
5.758091926574707031e+00
5.854094982147216797e+00
5.801145553588867188e+00
5.827837467193603516e+00
5.652797222137451172e+00
5.704100131988525391e+00
5.795759201049804688e+00
5.717129230499267578e+00
5.666353225708007812e+00
5.660820484161376953e+00
5.616424083709716797e+00
5.615048408508300781e+00
5.756886005401611328e+00
5.767498016357421875e+00
5.695155143737792969e+00
5.735441207885742188e+00
5.864493846893310547e+00
5.631951332092285156e+00
5.785102844238281250e+00
5.616251945495605469e+00
5.700733661651611328e+00
5.773569107055664062e+00
5.585505962371826172e+00
5.580425739288330078e+00
5.673131465911865234e+00
5.768997669219970703e+00
5.714174747467041016e+00
5.689727783203125000e+00
5.677546501159667969e+00
5.684399604797363281e+00
5.660101413726806641e+00
5.645634174346923828e+00
5.771815776824951172e+00
5.780692577362060547e+00
5.632034301757812500e+00
5.585351943969726562e+00
5.569439411163330078e+00
5.695163726806640625e+00
5.748716354370117188e+00
5.724335670471191406e+00
5.663238525390625000e+00
5.742955207824707031e+00
5.643755912780761719e+00
5.734553337097167969e+00
5.639653682708740234e+00
5.750939846038818359e+00
5.708286762237548828e+00
5.619735717773437500e+00
5.773757457733154297e+00
5.641527175903320312e+00
5.797107696533203125e+00
5.659293651580810547e+00
5.795516967773437500e+00
5.705652236938476562e+00
5.774972438812255859e+00
5.763363838195800781e+00
5.686435699462890625e+00
5.653027534484863281e+00
5.745193481445312500e+00
5.599741458892822266e+00
5.738669872283935547e+00
5.666923522949218750e+00
5.657238483428955078e+00
5.671156883239746094e+00
5.640127182006835938e+00
5.649666786193847656e+00
5.652390480041503906e+00
5.627386093139648438e+00
5.690368652343750000e+00
5.749976634979248047e+00
5.532170295715332031e+00
5.534331321716308594e+00
5.580758571624755859e+00
5.598756313323974609e+00
5.578813552856445312e+00
5.614711761474609375e+00
5.572878360748291016e+00
5.695302009582519531e+00
5.666509628295898438e+00
5.580729007720947266e+00
5.575143814086914062e+00
5.694178104400634766e+00
5.679690837860107422e+00
5.694865703582763672e+00
5.619933605194091797e+00
5.684962272644042969e+00
5.679028034210205078e+00
5.594518661499023438e+00
5.545493602752685547e+00
5.625298023223876953e+00
5.618025779724121094e+00
5.618975639343261719e+00
5.670122146606445312e+00
5.638718128204345703e+00
5.657362937927246094e+00
5.653529167175292969e+00
5.670396327972412109e+00
5.731185913085937500e+00
5.701327323913574219e+00
5.652769565582275391e+00
5.615396022796630859e+00
5.558212280273437500e+00
5.642354965209960938e+00
5.776513099670410156e+00
5.752258777618408203e+00
5.628330230712890625e+00
5.611684799194335938e+00
5.735472679138183594e+00
5.762250900268554688e+00
5.607450485229492188e+00
5.618958473205566406e+00
5.701630115509033203e+00
5.747294425964355469e+00
5.629261016845703125e+00
5.611073017120361328e+00
5.777573585510253906e+00
5.650215625762939453e+00
5.618123054504394531e+00
5.736591815948486328e+00
5.640325546264648438e+00
5.725838184356689453e+00
5.750786781311035156e+00
5.804377555847167969e+00
5.560892105102539062e+00
5.662197113037109375e+00
5.698429584503173828e+00
5.598883628845214844e+00
5.667098045349121094e+00
5.614758491516113281e+00
5.670954704284667969e+00
5.617086887359619141e+00
5.653134346008300781e+00
5.739018440246582031e+00
5.644256591796875000e+00
5.606863021850585938e+00
5.552565097808837891e+00
5.656479835510253906e+00
5.591568470001220703e+00
5.910265922546386719e+00
5.639957904815673828e+00
5.723391532897949219e+00
5.550795078277587891e+00
5.603155612945556641e+00
5.795582771301269531e+00
5.582392215728759766e+00
5.726121902465820312e+00
5.757557392120361328e+00
5.746809482574462891e+00
5.691071033477783203e+00
5.638530731201171875e+00
5.609690666198730469e+00
5.641437053680419922e+00
5.773286819458007812e+00
5.538676261901855469e+00
5.708445549011230469e+00
5.602046489715576172e+00
5.651911258697509766e+00
5.863752365112304688e+00
5.623481750488281250e+00
5.807987213134765625e+00
5.617257118225097656e+00
5.628501415252685547e+00
5.633245944976806641e+00
5.734932422637939453e+00
5.668681144714355469e+00
5.702912330627441406e+00
5.756754398345947266e+00
5.624547958374023438e+00
5.628076553344726562e+00
5.608588218688964844e+00
5.693120002746582031e+00
5.674592494964599609e+00
5.726392269134521484e+00
5.637313842773437500e+00
5.575950622558593750e+00
5.643142700195312500e+00
5.754493713378906250e+00
5.673162937164306641e+00
5.659034729003906250e+00
5.759733200073242188e+00
5.734909057617187500e+00
5.563989162445068359e+00
5.665908813476562500e+00
5.686265468597412109e+00
5.689116001129150391e+00
5.573609352111816406e+00
5.613528251647949219e+00
5.606942653656005859e+00
5.611811637878417969e+00
5.551556587219238281e+00
5.710599899291992188e+00
5.607782363891601562e+00
5.818922042846679688e+00
5.869758605957031250e+00
5.743642330169677734e+00
5.551469802856445312e+00
5.751939296722412109e+00
5.660444259643554688e+00
5.703302860260009766e+00
5.574597358703613281e+00
5.565534591674804688e+00
5.687798976898193359e+00
5.652066230773925781e+00
5.562476158142089844e+00
5.751729488372802734e+00
