6.857923030853271484e+00
6.661238670349121094e+00
6.422558784484863281e+00
6.347944736480712891e+00
6.234114646911621094e+00
6.116980552673339844e+00
6.155047893524169922e+00
6.131102561950683594e+00
6.170582771301269531e+00
6.133721351623535156e+00
6.041810035705566406e+00
6.230235099792480469e+00
5.956872463226318359e+00
6.108403682708740234e+00
6.093141078948974609e+00
6.067004680633544922e+00
6.171889305114746094e+00
6.095505237579345703e+00
6.047842979431152344e+00
6.056334495544433594e+00
6.035402774810791016e+00
6.015917301177978516e+00
6.118562698364257812e+00
5.893708229064941406e+00
5.931853294372558594e+00
5.921776294708251953e+00
6.007645606994628906e+00
6.272836685180664062e+00
6.079026222229003906e+00
5.956395149230957031e+00
5.879054546356201172e+00
5.922917366027832031e+00
6.179036617279052734e+00
5.889726161956787109e+00
5.854674816131591797e+00
6.123081207275390625e+00
6.060564041137695312e+00
6.026714801788330078e+00
5.960426330566406250e+00
5.886309146881103516e+00
6.060521125793457031e+00
5.887781143188476562e+00
5.881505012512207031e+00
5.795273780822753906e+00
5.945464134216308594e+00
5.889416694641113281e+00
5.772069931030273438e+00
5.919709682464599609e+00
5.919559478759765625e+00
5.834573745727539062e+00
5.968737602233886719e+00
5.833095073699951172e+00
5.824161529541015625e+00
6.051965713500976562e+00
5.765119075775146484e+00
5.771962642669677734e+00
5.819118499755859375e+00
5.734337329864501953e+00
5.717810153961181641e+00
5.747241020202636719e+00
5.762565612792968750e+00
5.747714042663574219e+00
6.110291004180908203e+00
5.855365753173828125e+00
5.708619117736816406e+00
5.847141742706298828e+00
5.749077320098876953e+00
5.851532459259033203e+00
5.811111450195312500e+00
5.774926662445068359e+00
5.752685546875000000e+00
5.894966602325439453e+00
5.782695770263671875e+00
5.745321273803710938e+00
5.737518787384033203e+00
5.720137596130371094e+00
5.859530448913574219e+00
5.710474967956542969e+00
5.870196819305419922e+00
5.878242969512939453e+00
5.682989120483398438e+00
5.824150085449218750e+00
5.984716415405273438e+00
5.853625297546386719e+00
5.672678947448730469e+00
5.686366081237792969e+00
5.857449054718017578e+00
5.716687679290771484e+00
5.825508594512939453e+00
5.830725669860839844e+00
5.984213352203369141e+00
5.808212757110595703e+00
5.780359745025634766e+00
5.840723037719726562e+00
5.778196334838867188e+00
5.834045410156250000e+00
5.871390342712402344e+00
5.927944183349609375e+00
5.758056163787841797e+00
5.667870044708251953e+00
5.770475387573242188e+00
5.762667179107666016e+00
5.874175548553466797e+00
5.808263778686523438e+00
5.793955802917480469e+00
5.975934982299804688e+00
5.886983394622802734e+00
5.770151138305664062e+00
5.728878498077392578e+00
5.739030838012695312e+00
5.784780502319335938e+00
5.772559642791748047e+00
5.632781982421875000e+00
5.750575065612792969e+00
5.703397750854492188e+00
5.843118190765380859e+00
5.715901374816894531e+00
5.706805706024169922e+00
5.676947593688964844e+00
5.740676879882812500e+00
5.896417617797851562e+00
5.692031383514404297e+00
5.641494274139404297e+00
5.622377395629882812e+00
5.731772899627685547e+00
5.685539245605468750e+00
5.739175796508789062e+00
5.660116672515869141e+00
5.669660091400146484e+00
5.586372375488281250e+00
5.816921234130859375e+00
5.664082527160644531e+00
5.807684898376464844e+00
5.689692020416259766e+00
5.774949550628662109e+00
5.667443752288818359e+00
5.627434730529785156e+00
5.863971233367919922e+00
5.865149974822998047e+00
5.624757766723632812e+00
5.722636222839355469e+00
5.696835994720458984e+00
5.791215896606445312e+00
5.720030784606933594e+00
5.925295829772949219e+00
5.716273307800292969e+00
5.691992759704589844e+00
5.820510864257812500e+00
5.732350826263427734e+00
5.677376747131347656e+00
5.728631496429443359e+00
5.912656307220458984e+00
5.807480812072753906e+00
5.671904087066650391e+00
5.788648605346679688e+00
5.815410614013671875e+00
5.690304756164550781e+00
5.662129402160644531e+00
5.716815948486328125e+00
5.769867897033691406e+00
5.726993083953857422e+00
5.957409858703613281e+00
5.716175079345703125e+00
5.639450073242187500e+00
5.617374420166015625e+00
5.657437324523925781e+00
5.670134067535400391e+00
5.590553283691406250e+00
5.700544357299804688e+00
5.708149909973144531e+00
5.650048255920410156e+00
5.633013725280761719e+00
5.679050445556640625e+00
5.633988857269287109e+00
5.841071605682373047e+00
5.641461849212646484e+00
5.705612182617187500e+00
5.693700313568115234e+00
5.746727943420410156e+00
5.608520984649658203e+00
5.695096969604492188e+00
5.628657341003417969e+00
5.609307765960693359e+00
5.708101272583007812e+00
5.670961380004882812e+00
5.676443576812744141e+00
5.724383354187011719e+00
5.615182876586914062e+00
5.662569046020507812e+00
5.661165237426757812e+00
5.669386863708496094e+00
5.749475002288818359e+00
5.600728034973144531e+00
5.785662174224853516e+00
5.695662975311279297e+00
5.648333549499511719e+00
5.698904037475585938e+00
5.626346588134765625e+00
5.826169013977050781e+00
5.629624366760253906e+00
5.792702674865722656e+00
5.761971950531005859e+00
5.579319000244140625e+00
5.615533828735351562e+00
5.818338871002197266e+00
5.771524429321289062e+00
5.727743625640869141e+00
5.613697052001953125e+00
5.635990619659423828e+00
5.692950248718261719e+00
5.662809848785400391e+00
5.784601688385009766e+00
5.671742916107177734e+00
5.622949600219726562e+00
5.637494087219238281e+00
5.681525230407714844e+00
5.616564750671386719e+00
5.682802200317382812e+00
5.600989818572998047e+00
5.677680492401123047e+00
5.741071701049804688e+00
5.658827781677246094e+00
5.611289978027343750e+00
5.670074462890625000e+00
5.666488170623779297e+00
5.610563278198242188e+00
5.707992076873779297e+00
5.619313240051269531e+00
5.721980094909667969e+00
5.573915481567382812e+00
5.670653820037841797e+00
5.722500324249267578e+00
5.727539539337158203e+00
5.634637355804443359e+00
5.563859939575195312e+00
5.570693492889404297e+00
5.654721260070800781e+00
5.537447929382324219e+00
5.658800125122070312e+00
5.799985885620117188e+00
5.718254089355468750e+00
5.634626388549804688e+00
5.731815338134765625e+00
5.663795948028564453e+00
5.580239772796630859e+00
5.592691421508789062e+00
5.751605987548828125e+00
5.687835693359375000e+00
5.784529685974121094e+00
5.639566421508789062e+00
5.576728343963623047e+00
5.566648483276367188e+00
5.636776924133300781e+00
5.531754970550537109e+00
5.649627208709716797e+00
5.547956943511962891e+00
5.648560047149658203e+00
5.562358856201171875e+00
5.632612228393554688e+00
5.650921821594238281e+00
5.652671337127685547e+00
5.610991954803466797e+00
5.598825454711914062e+00
5.557496070861816406e+00
5.748713970184326172e+00
5.653089523315429688e+00
5.627977371215820312e+00
5.796585083007812500e+00
5.741695404052734375e+00
5.717404842376708984e+00
5.920377731323242188e+00
5.720484256744384766e+00
5.814054489135742188e+00
5.761020660400390625e+00
5.577438831329345703e+00
5.667454242706298828e+00
5.568176746368408203e+00
5.695913314819335938e+00
5.700622558593750000e+00
5.644170761108398438e+00
5.720415115356445312e+00
5.677844047546386719e+00
5.827296257019042969e+00
5.681695938110351562e+00
5.639018058776855469e+00
5.665941238403320312e+00
5.700428962707519531e+00
5.495844364166259766e+00
5.698628425598144531e+00
5.559959888458251953e+00
5.662427902221679688e+00
5.598572731018066406e+00
5.791509151458740234e+00
5.681103706359863281e+00
5.612883567810058594e+00
5.613678932189941406e+00
5.626638889312744141e+00
5.716942787170410156e+00
5.675273895263671875e+00
5.787118434906005859e+00
5.595661163330078125e+00
5.582359313964843750e+00
5.665431976318359375e+00
5.810620307922363281e+00
5.655302524566650391e+00
5.596125602722167969e+00
5.719805717468261719e+00
5.657567024230957031e+00
5.602379322052001953e+00
5.560423374176025391e+00
5.552632331848144531e+00
5.720904350280761719e+00
5.786235809326171875e+00
5.651226043701171875e+00
5.610239505767822266e+00
5.773991584777832031e+00
5.680439949035644531e+00
5.600004196166992188e+00
5.818555355072021484e+00
5.605119705200195312e+00
5.537680625915527344e+00
5.794804096221923828e+00
5.626292228698730469e+00
5.649092197418212891e+00
5.594954490661621094e+00
5.643151760101318359e+00
5.659425258636474609e+00
5.673947334289550781e+00
5.906049728393554688e+00
5.654833793640136719e+00
5.639249801635742188e+00
5.629822254180908203e+00
5.617671966552734375e+00
5.614789009094238281e+00
5.710958003997802734e+00
5.588987827301025391e+00
5.670517444610595703e+00
5.647661209106445312e+00
5.726664066314697266e+00
5.613154888153076172e+00
5.656856536865234375e+00
5.670034408569335938e+00
5.611922264099121094e+00
5.678257942199707031e+00
5.766792297363281250e+00
5.515732765197753906e+00
5.583516597747802734e+00
5.584147930145263672e+00
5.539188385009765625e+00
5.647645950317382812e+00
5.514687538146972656e+00
5.707691192626953125e+00
5.641652584075927734e+00
5.636197090148925781e+00
5.663190364837646484e+00
5.565149307250976562e+00
5.582089424133300781e+00
5.547763824462890625e+00
5.635190963745117188e+00
5.713855266571044922e+00
5.643239021301269531e+00
5.566327095031738281e+00
5.689621925354003906e+00
5.616379737854003906e+00
5.654108524322509766e+00
5.742611408233642578e+00
5.930244445800781250e+00
5.704314708709716797e+00
5.635175228118896484e+00
5.544647693634033203e+00
5.684295177459716797e+00
5.560683250427246094e+00
5.650654792785644531e+00
5.626697540283203125e+00
5.725001335144042969e+00
5.837615489959716797e+00
5.659356594085693359e+00
5.632558345794677734e+00
5.666671752929687500e+00
5.676604747772216797e+00
5.612893104553222656e+00
5.653788566589355469e+00
5.630415916442871094e+00
5.687649726867675781e+00
5.599037647247314453e+00
5.572586059570312500e+00
5.571125507354736328e+00
5.614299774169921875e+00
5.596821308135986328e+00
5.620805740356445312e+00
5.654067039489746094e+00
5.764707565307617188e+00
5.655656337738037109e+00
5.689719200134277344e+00
5.673426151275634766e+00
5.687026977539062500e+00
5.620579719543457031e+00
5.791302680969238281e+00
5.571974277496337891e+00
5.589285373687744141e+00
5.557118892669677734e+00
5.654415130615234375e+00
5.710369110107421875e+00
5.611107349395751953e+00
5.667885303497314453e+00
5.579659938812255859e+00
5.581091880798339844e+00
5.690495014190673828e+00
5.607052803039550781e+00
5.706034660339355469e+00
5.538173198699951172e+00
5.592570304870605469e+00
5.706028461456298828e+00
5.580588817596435547e+00
5.612833499908447266e+00
5.550179481506347656e+00
5.523865699768066406e+00
5.595472335815429688e+00
5.632710933685302734e+00
5.649478912353515625e+00
5.612833976745605469e+00
5.699806213378906250e+00
5.591871261596679688e+00
5.592313766479492188e+00
5.599735260009765625e+00
5.544237136840820312e+00
5.611446857452392578e+00
5.517996788024902344e+00
5.633794784545898438e+00
5.511841297149658203e+00
5.677717208862304688e+00
5.577742576599121094e+00
5.625141620635986328e+00
5.600840091705322266e+00
5.615614891052246094e+00
5.823352813720703125e+00
5.603690147399902344e+00
5.544152736663818359e+00
5.509892940521240234e+00
5.580074787139892578e+00
5.551537990570068359e+00
5.473508834838867188e+00
5.548840045928955078e+00
5.623018741607666016e+00
5.591850757598876953e+00
5.518595695495605469e+00
5.645163536071777344e+00
5.662060737609863281e+00
5.556310176849365234e+00
5.568508148193359375e+00
5.642201423645019531e+00
5.537526130676269531e+00
5.666023254394531250e+00
5.563767433166503906e+00
5.569906234741210938e+00
5.547604560852050781e+00
5.688351631164550781e+00
5.584245681762695312e+00
5.721446037292480469e+00
5.628456592559814453e+00
5.551654338836669922e+00
5.597054958343505859e+00
5.611162185668945312e+00
5.683951377868652344e+00
5.626671791076660156e+00
5.572471141815185547e+00
5.628202438354492188e+00
5.556747913360595703e+00
5.614586353302001953e+00
5.575195312500000000e+00
5.663170814514160156e+00
5.558694362640380859e+00
5.584858894348144531e+00
5.768363952636718750e+00
5.666649818420410156e+00
5.702842235565185547e+00
5.678775310516357422e+00
5.612211227416992188e+00
5.734351158142089844e+00
5.565087318420410156e+00
5.707355976104736328e+00
5.651142120361328125e+00
5.696599006652832031e+00
5.653361320495605469e+00
5.574997901916503906e+00
5.751669406890869141e+00
5.970037460327148438e+00
5.728258132934570312e+00
5.625925064086914062e+00
5.631051063537597656e+00
5.639985561370849609e+00
5.574885845184326172e+00
5.643484592437744141e+00
5.567189216613769531e+00
5.843832492828369141e+00
5.563697338104248047e+00
5.610656738281250000e+00
5.692934036254882812e+00
5.582763671875000000e+00
5.610209465026855469e+00
5.595757961273193359e+00
5.539324760437011719e+00
5.601258277893066406e+00
5.582364559173583984e+00
5.507498264312744141e+00
5.476322650909423828e+00
5.605341434478759766e+00
5.558647632598876953e+00
5.618175506591796875e+00
5.558632373809814453e+00
5.726470470428466797e+00
5.594912052154541016e+00
5.621297836303710938e+00
5.702245712280273438e+00
5.650922298431396484e+00
5.867685317993164062e+00
5.623073577880859375e+00
5.515580654144287109e+00
5.808905124664306641e+00
5.509696960449218750e+00
5.533642768859863281e+00
5.676901817321777344e+00
5.550239562988281250e+00
5.539535522460937500e+00
5.575347900390625000e+00
5.538173198699951172e+00
5.596914768218994141e+00
5.562041759490966797e+00
5.606906890869140625e+00
5.630358695983886719e+00
5.517824649810791016e+00
5.727316856384277344e+00
5.813268661499023438e+00
5.761322021484375000e+00
5.598627567291259766e+00
5.496350288391113281e+00
5.639762878417968750e+00
5.521095752716064453e+00
5.544451713562011719e+00
5.533428668975830078e+00
5.641064643859863281e+00
5.634312152862548828e+00
5.625082015991210938e+00
5.676983833312988281e+00
5.656723976135253906e+00
5.526747703552246094e+00
5.532742977142333984e+00
5.535766124725341797e+00
5.712269306182861328e+00
5.694190979003906250e+00
5.671197414398193359e+00
5.553235530853271484e+00
5.541825294494628906e+00
5.567729949951171875e+00
5.551466941833496094e+00
5.521897792816162109e+00
5.539067268371582031e+00
5.687237739562988281e+00
5.608607292175292969e+00
5.531257629394531250e+00
5.833825588226318359e+00
5.536074638366699219e+00
5.538333892822265625e+00
5.571057319641113281e+00
5.564210891723632812e+00
5.568330287933349609e+00
5.500771999359130859e+00
5.612651824951171875e+00
5.564064025878906250e+00
5.615876197814941406e+00
5.612936973571777344e+00
5.697717189788818359e+00
5.729103565216064453e+00
5.564457893371582031e+00
5.608346462249755859e+00
5.611404895782470703e+00
5.573386669158935547e+00
5.600865364074707031e+00
5.545406341552734375e+00
5.637003898620605469e+00
5.543662071228027344e+00
5.605848312377929688e+00
5.631311416625976562e+00
5.625208377838134766e+00
5.485164165496826172e+00
5.599855899810791016e+00
5.546256542205810547e+00
5.539243221282958984e+00
5.613502502441406250e+00
5.538759231567382812e+00
5.557709693908691406e+00
5.511714935302734375e+00
5.668375968933105469e+00
5.683389186859130859e+00
5.481433391571044922e+00
5.599171161651611328e+00
5.565056324005126953e+00
5.713324546813964844e+00
5.610201835632324219e+00
5.578819274902343750e+00
5.489879608154296875e+00
5.643584251403808594e+00
5.724953651428222656e+00
5.497241497039794922e+00
5.754729270935058594e+00
5.600879669189453125e+00
5.506826400756835938e+00
5.683161258697509766e+00
5.514126300811767578e+00
5.527987480163574219e+00
5.622765541076660156e+00
5.533863067626953125e+00
5.656325817108154297e+00
5.508841514587402344e+00
5.554121017456054688e+00
5.523586750030517578e+00
5.886574268341064453e+00
5.609174728393554688e+00
5.626093864440917969e+00
5.492279052734375000e+00
5.585676670074462891e+00
5.541772842407226562e+00
5.615560054779052734e+00
5.546854019165039062e+00
5.620966911315917969e+00
5.558802604675292969e+00
5.544489860534667969e+00
5.487537860870361328e+00
5.533847808837890625e+00
5.516745090484619141e+00
5.567805767059326172e+00
5.502173423767089844e+00
5.689390182495117188e+00
5.540982723236083984e+00
5.623513698577880859e+00
5.479621410369873047e+00
5.636999130249023438e+00
5.611701011657714844e+00
5.520037651062011719e+00
5.610808372497558594e+00
5.568757534027099609e+00
5.556312084197998047e+00
5.474123954772949219e+00
5.561323165893554688e+00
5.544786930084228516e+00
5.603262901306152344e+00
5.494667530059814453e+00
5.724422454833984375e+00
5.568363189697265625e+00
5.607287406921386719e+00
5.620434761047363281e+00
5.644304752349853516e+00
5.642815113067626953e+00
5.616529941558837891e+00
5.510991096496582031e+00
5.501899242401123047e+00
5.564696311950683594e+00
5.532798767089843750e+00
5.553054809570312500e+00
5.699983596801757812e+00
5.633801460266113281e+00
5.743243217468261719e+00
5.738924503326416016e+00
5.774587631225585938e+00
5.548962116241455078e+00
5.678770065307617188e+00
5.591182708740234375e+00
5.508367061614990234e+00
5.644616603851318359e+00
5.531524658203125000e+00
5.568157196044921875e+00
5.621487140655517578e+00
5.820204734802246094e+00
5.583794116973876953e+00
5.564902305603027344e+00
5.572989940643310547e+00
5.634654998779296875e+00
5.575087547302246094e+00
5.655419826507568359e+00
5.543406486511230469e+00
5.507012367248535156e+00
5.770421504974365234e+00
5.554093360900878906e+00
5.562970161437988281e+00
5.516580581665039062e+00
5.483576774597167969e+00
5.521933555603027344e+00
5.486704349517822266e+00
5.580732822418212891e+00
5.819594383239746094e+00
5.740379333496093750e+00
5.611883163452148438e+00
5.554813861846923828e+00
5.539299011230468750e+00
5.568181991577148438e+00
5.506440162658691406e+00
5.526860237121582031e+00
5.562646865844726562e+00
5.549956798553466797e+00
5.607292652130126953e+00
5.573605537414550781e+00
5.517521858215332031e+00
5.621895790100097656e+00
5.632286548614501953e+00
5.604582309722900391e+00
5.621993541717529297e+00
5.590608119964599609e+00
5.602425575256347656e+00
5.559042453765869141e+00
5.527167320251464844e+00
5.585495948791503906e+00
5.525434970855712891e+00
5.617708206176757812e+00
5.618391990661621094e+00
5.598413467407226562e+00
5.569070816040039062e+00
5.535380840301513672e+00
5.684140682220458984e+00
5.557254314422607422e+00
5.542581558227539062e+00
5.523465633392333984e+00
5.649845123291015625e+00
5.583138942718505859e+00
5.605348110198974609e+00
5.540424823760986328e+00
5.618336677551269531e+00
5.551395416259765625e+00
5.576859474182128906e+00
5.623463153839111328e+00
5.593903064727783203e+00
5.513241767883300781e+00
5.611227989196777344e+00
5.468460083007812500e+00
5.561517715454101562e+00
5.606525897979736328e+00
5.573695182800292969e+00
5.590995788574218750e+00
5.613261699676513672e+00
5.539309501647949219e+00
5.560550689697265625e+00
5.646481990814208984e+00
5.599401473999023438e+00
5.581908226013183594e+00
5.584572792053222656e+00
5.558765888214111328e+00
5.600064754486083984e+00
5.612050533294677734e+00
5.548598289489746094e+00
5.613977432250976562e+00
5.686953544616699219e+00
5.527282238006591797e+00
5.488331317901611328e+00
5.563526153564453125e+00
5.578581809997558594e+00
5.624402999877929688e+00
5.756175994873046875e+00
5.541947841644287109e+00
5.629904747009277344e+00
5.588830947875976562e+00
5.666833877563476562e+00
5.602235794067382812e+00
5.626981735229492188e+00
5.539948463439941406e+00
5.635333061218261719e+00
5.812558174133300781e+00
5.682818412780761719e+00
5.499607563018798828e+00
5.849411010742187500e+00
5.536029815673828125e+00
5.570870399475097656e+00
5.588744163513183594e+00
5.570494651794433594e+00
5.591867446899414062e+00
5.619996070861816406e+00
5.533684253692626953e+00
5.556056022644042969e+00
5.733662128448486328e+00
5.598608970642089844e+00
5.495923042297363281e+00
5.572155952453613281e+00
5.564972400665283203e+00
5.579394340515136719e+00
5.600885391235351562e+00
5.686105728149414062e+00
5.642011642456054688e+00
5.602337837219238281e+00
5.565871715545654297e+00
5.531818389892578125e+00
5.519187450408935547e+00
5.525270462036132812e+00
5.509621143341064453e+00
5.451283454895019531e+00
5.822043418884277344e+00
5.533648967742919922e+00
5.650590419769287109e+00
5.611722946166992188e+00
5.569913864135742188e+00
5.596244335174560547e+00
5.593552589416503906e+00
5.533719062805175781e+00
5.540852546691894531e+00
5.536517620086669922e+00
5.647272109985351562e+00
5.545372962951660156e+00
5.494214534759521484e+00
5.647983074188232422e+00
5.516777038574218750e+00
5.505802154541015625e+00
5.529027462005615234e+00
5.684749603271484375e+00
5.515880584716796875e+00
5.644919872283935547e+00
5.532847404479980469e+00
5.684358119964599609e+00
5.660686492919921875e+00
5.668457031250000000e+00
5.537174224853515625e+00
5.624335289001464844e+00
5.533658027648925781e+00
5.554034709930419922e+00
5.715675830841064453e+00
5.529580116271972656e+00
5.543834209442138672e+00
5.547469615936279297e+00
5.629986763000488281e+00
5.514643669128417969e+00
5.515887737274169922e+00
5.584216594696044922e+00
5.516751289367675781e+00
5.607378959655761719e+00
5.609916687011718750e+00
5.554842948913574219e+00
5.564672946929931641e+00
5.628452301025390625e+00
5.483369827270507812e+00
5.603191375732421875e+00
5.560402870178222656e+00
5.586362361907958984e+00
5.517560482025146484e+00
5.573131561279296875e+00
5.654612064361572266e+00
5.586549282073974609e+00
5.499580383300781250e+00
5.527133941650390625e+00
5.477010250091552734e+00
5.606266021728515625e+00
5.517704010009765625e+00
5.509452342987060547e+00
5.572515964508056641e+00
5.539084911346435547e+00
5.703658103942871094e+00
5.540341377258300781e+00
5.453543663024902344e+00
5.605159759521484375e+00
5.589376449584960938e+00
5.428877830505371094e+00
5.559118270874023438e+00
5.484090805053710938e+00
5.529431343078613281e+00
5.711354255676269531e+00
5.566918849945068359e+00
5.551300525665283203e+00
5.593509197235107422e+00
5.577306747436523438e+00
5.581441402435302734e+00
5.505491733551025391e+00
5.497858524322509766e+00
5.582211017608642578e+00
5.502693176269531250e+00
5.567584037780761719e+00
5.576131343841552734e+00
5.571602821350097656e+00
5.611979961395263672e+00
5.653717041015625000e+00
5.565311908721923828e+00
5.746784687042236328e+00
5.654885292053222656e+00
5.655520915985107422e+00
5.535631179809570312e+00
5.558312892913818359e+00
5.493946552276611328e+00
5.512077331542968750e+00
5.509449958801269531e+00
5.557497978210449219e+00
5.538102149963378906e+00
5.613933086395263672e+00
5.591604709625244141e+00
5.572673797607421875e+00
5.563613891601562500e+00
5.631289958953857422e+00
5.596878051757812500e+00
5.615403175354003906e+00
5.585740089416503906e+00
5.553919315338134766e+00
5.606577396392822266e+00
5.656983852386474609e+00
5.568216800689697266e+00
5.644268512725830078e+00
5.515772819519042969e+00
5.472993850708007812e+00
5.614235877990722656e+00
5.518507003784179688e+00
5.600596427917480469e+00
5.494400501251220703e+00
5.560628414154052734e+00
5.594592094421386719e+00
5.520470142364501953e+00
5.515978813171386719e+00
5.561818122863769531e+00
5.515319824218750000e+00
5.593278408050537109e+00
5.728130817413330078e+00
5.519953727722167969e+00
5.514740467071533203e+00
5.512684345245361328e+00
5.745710372924804688e+00
5.462333679199218750e+00
5.478314399719238281e+00
5.562010765075683594e+00
5.563809871673583984e+00
5.536038398742675781e+00
5.616064548492431641e+00
5.680512428283691406e+00
5.531540393829345703e+00
5.546610832214355469e+00
5.490711212158203125e+00
5.592029094696044922e+00
5.538452148437500000e+00
5.674115657806396484e+00
5.599197387695312500e+00
5.699147224426269531e+00
5.598509788513183594e+00
5.609241485595703125e+00
5.697089672088623047e+00
5.525502681732177734e+00
5.533255100250244141e+00
5.458517074584960938e+00
5.618155479431152344e+00
5.530752658843994141e+00
5.489531993865966797e+00
5.578825950622558594e+00
5.477640151977539062e+00
5.559279918670654297e+00
5.451402187347412109e+00
5.476007461547851562e+00
5.488485336303710938e+00
5.617365837097167969e+00
5.467472553253173828e+00
5.483981132507324219e+00
5.464531898498535156e+00
5.471378326416015625e+00
5.541810989379882812e+00
5.492890357971191406e+00
5.666581630706787109e+00
5.622815132141113281e+00
5.578325748443603516e+00
5.466510295867919922e+00
5.547208786010742188e+00
5.525680541992187500e+00
5.509676933288574219e+00
5.524742603302001953e+00
5.621603488922119141e+00
5.635063648223876953e+00
5.510687828063964844e+00
5.530499935150146484e+00
5.630102634429931641e+00
5.539557456970214844e+00
5.613527297973632812e+00
5.552424907684326172e+00
5.526206970214843750e+00
