2.593652954101562500e+02
2.297669372558593750e+02
2.188229675292968750e+02
2.134903564453125000e+02
2.105062561035156250e+02
2.073682861328125000e+02
2.056412658691406250e+02
2.057931518554687500e+02
2.043226623535156250e+02
2.031122894287109375e+02
2.024355163574218750e+02
2.020717926025390625e+02
2.013734436035156250e+02
2.005450592041015625e+02
2.003336029052734375e+02
1.998107604980468750e+02
1.994769287109375000e+02
1.992281646728515625e+02
1.989549407958984375e+02
1.987475891113281250e+02
1.978954772949218750e+02
1.975049896240234375e+02
1.979919738769531250e+02
1.972952575683593750e+02
1.971770019531250000e+02
1.967106933593750000e+02
1.965132446289062500e+02
1.958390808105468750e+02
1.951727294921875000e+02
1.942718353271484375e+02
1.941774291992187500e+02
1.942328796386718750e+02
1.941039123535156250e+02
1.929481048583984375e+02
1.929153137207031250e+02
1.926865386962890625e+02
1.930124511718750000e+02
1.930838928222656250e+02
1.927138671875000000e+02
1.923368835449218750e+02
1.929545898437500000e+02
1.924972534179687500e+02
1.916633148193359375e+02
1.919955139160156250e+02
1.917392578125000000e+02
1.912887268066406250e+02
1.907000732421875000e+02
1.907994689941406250e+02
1.910717468261718750e+02
1.902877655029296875e+02
1.910425415039062500e+02
1.909645233154296875e+02
1.898320007324218750e+02
1.906020965576171875e+02
1.892364501953125000e+02
1.899565582275390625e+02
1.895839233398437500e+02
1.893763885498046875e+02
1.896799621582031250e+02
1.893857727050781250e+02
1.896297302246093750e+02
1.895090637207031250e+02
1.893896636962890625e+02
1.885760803222656250e+02
1.888437500000000000e+02
1.889675292968750000e+02
1.890958404541015625e+02
1.882446594238281250e+02
1.894381713867187500e+02
1.890927734375000000e+02
1.890064239501953125e+02
1.889650421142578125e+02
1.890169677734375000e+02
1.885526885986328125e+02
1.886437377929687500e+02
1.887664489746093750e+02
1.883583068847656250e+02
1.886627349853515625e+02
1.889224853515625000e+02
1.877215576171875000e+02
1.886247863769531250e+02
1.888267517089843750e+02
1.880734558105468750e+02
1.883759918212890625e+02
1.881446380615234375e+02
1.877498626708984375e+02
1.881963806152343750e+02
1.884175720214843750e+02
1.881641998291015625e+02
1.870653076171875000e+02
1.872803192138671875e+02
1.876326293945312500e+02
1.875185394287109375e+02
1.876953430175781250e+02
1.870375518798828125e+02
1.871873168945312500e+02
1.876819763183593750e+02
1.871181793212890625e+02
1.871140747070312500e+02
1.871785430908203125e+02
1.877716369628906250e+02
1.868567047119140625e+02
1.872136535644531250e+02
1.872359008789062500e+02
1.869007873535156250e+02
1.875589141845703125e+02
1.874760589599609375e+02
1.862095184326171875e+02
1.861733856201171875e+02
1.868597412109375000e+02
1.866586608886718750e+02
1.874716491699218750e+02
1.858176422119140625e+02
1.869535522460937500e+02
1.871244506835937500e+02
1.857998199462890625e+02
1.860915679931640625e+02
1.862280120849609375e+02
1.859174804687500000e+02
1.854171447753906250e+02
1.858256988525390625e+02
1.863344421386718750e+02
1.864270477294921875e+02
1.863516235351562500e+02
1.871902465820312500e+02
1.862557373046875000e+02
1.862942504882812500e+02
1.856549072265625000e+02
1.851946411132812500e+02
1.863360290527343750e+02
1.857823028564453125e+02
1.861637268066406250e+02
1.862141418457031250e+02
1.855130004882812500e+02
1.852090301513671875e+02
1.864790954589843750e+02
1.852702636718750000e+02
1.855731201171875000e+02
1.864351501464843750e+02
1.845305480957031250e+02
1.848857879638671875e+02
1.860915069580078125e+02
1.854427185058593750e+02
1.857290954589843750e+02
1.841606140136718750e+02
1.848751525878906250e+02
1.854131774902343750e+02
1.852014312744140625e+02
1.853971557617187500e+02
1.855448608398437500e+02
1.856722869873046875e+02
1.853302307128906250e+02
1.856211700439453125e+02
1.849725952148437500e+02
1.862604064941406250e+02
1.848908081054687500e+02
1.858471832275390625e+02
1.856345062255859375e+02
1.852167358398437500e+02
1.843772277832031250e+02
1.846775665283203125e+02
1.860547180175781250e+02
1.848663482666015625e+02
1.854342346191406250e+02
1.854663238525390625e+02
1.846860046386718750e+02
1.851640167236328125e+02
1.846409912109375000e+02
1.842548370361328125e+02
1.858144073486328125e+02
1.860002746582031250e+02
1.844994049072265625e+02
1.853003082275390625e+02
1.848616790771484375e+02
1.854239807128906250e+02
1.845541534423828125e+02
1.858863067626953125e+02
1.849269256591796875e+02
1.846786804199218750e+02
1.849669494628906250e+02
1.842736053466796875e+02
1.846613616943359375e+02
1.840093078613281250e+02
1.849677276611328125e+02
1.845369262695312500e+02
1.854438018798828125e+02
1.844859466552734375e+02
1.851722869873046875e+02
1.851926269531250000e+02
1.851969757080078125e+02
1.844992675781250000e+02
1.843713989257812500e+02
1.847438049316406250e+02
1.839918670654296875e+02
1.840912170410156250e+02
1.851043548583984375e+02
1.848214111328125000e+02
1.844501037597656250e+02
1.839898986816406250e+02
1.854914550781250000e+02
1.853143920898437500e+02
1.838642578125000000e+02
1.852319335937500000e+02
1.843065338134765625e+02
1.844407043457031250e+02
1.844408111572265625e+02
1.839300994873046875e+02
1.850966339111328125e+02
1.847465515136718750e+02
1.845979003906250000e+02
1.846879730224609375e+02
1.848783874511718750e+02
1.844598999023437500e+02
1.842891235351562500e+02
1.841741180419921875e+02
1.835124206542968750e+02
1.846420593261718750e+02
1.843969421386718750e+02
1.838819885253906250e+02
1.845973205566406250e+02
1.839513397216796875e+02
1.838105010986328125e+02
1.840615997314453125e+02
1.838208312988281250e+02
1.847764739990234375e+02
1.850815734863281250e+02
1.849986114501953125e+02
1.841783752441406250e+02
1.842769317626953125e+02
1.843006134033203125e+02
1.843167724609375000e+02
1.842279205322265625e+02
1.837506103515625000e+02
1.847194366455078125e+02
1.846851806640625000e+02
1.846892395019531250e+02
1.841444091796875000e+02
1.838179779052734375e+02
1.856830902099609375e+02
1.839459533691406250e+02
1.842740173339843750e+02
1.832676544189453125e+02
1.840255737304687500e+02
1.841485443115234375e+02
1.840322570800781250e+02
1.840134277343750000e+02
1.839011688232421875e+02
1.837639923095703125e+02
1.842723999023437500e+02
1.845099792480468750e+02
1.835847930908203125e+02
1.837359313964843750e+02
1.834784393310546875e+02
1.843441772460937500e+02
1.848782958984375000e+02
1.842675476074218750e+02
1.841373291015625000e+02
1.841361083984375000e+02
1.840906066894531250e+02
1.843013458251953125e+02
1.836939239501953125e+02
1.835626068115234375e+02
1.833763732910156250e+02
1.843870697021484375e+02
1.834962310791015625e+02
1.841097259521484375e+02
1.837616882324218750e+02
1.837144470214843750e+02
1.831047821044921875e+02
1.835623168945312500e+02
1.828880310058593750e+02
1.835821685791015625e+02
1.831231079101562500e+02
1.841049346923828125e+02
1.832942199707031250e+02
1.846530761718750000e+02
1.839379272460937500e+02
1.840716247558593750e+02
1.832615966796875000e+02
1.841390533447265625e+02
1.834886016845703125e+02
1.836611175537109375e+02
1.837699890136718750e+02
1.830351409912109375e+02
1.826269073486328125e+02
1.839673004150390625e+02
1.838208618164062500e+02
1.832001647949218750e+02
1.832590637207031250e+02
1.828889007568359375e+02
1.832523803710937500e+02
1.836716308593750000e+02
1.837856445312500000e+02
1.840453491210937500e+02
1.836559600830078125e+02
1.834499816894531250e+02
1.836622009277343750e+02
1.839613800048828125e+02
1.841425781250000000e+02
1.832934265136718750e+02
1.838034057617187500e+02
1.838414001464843750e+02
1.837651214599609375e+02
1.836805114746093750e+02
1.842492065429687500e+02
1.836687316894531250e+02
1.839114074707031250e+02
1.831683197021484375e+02
1.827505340576171875e+02
1.837922210693359375e+02
1.839579315185546875e+02
1.827167358398437500e+02
1.826640319824218750e+02
1.835840911865234375e+02
1.833435516357421875e+02
1.841690063476562500e+02
1.830178222656250000e+02
1.832841644287109375e+02
1.830095977783203125e+02
1.834129791259765625e+02
1.831845855712890625e+02
1.830146179199218750e+02
1.832472229003906250e+02
1.834609680175781250e+02
1.837418365478515625e+02
1.837436523437500000e+02
1.836081085205078125e+02
1.825711822509765625e+02
1.832117309570312500e+02
1.839680786132812500e+02
1.841065673828125000e+02
1.834929046630859375e+02
1.829897918701171875e+02
1.822054748535156250e+02
1.832812042236328125e+02
1.831077270507812500e+02
1.831592712402343750e+02
1.826970214843750000e+02
1.838432922363281250e+02
1.839428558349609375e+02
1.833564910888671875e+02
1.833215942382812500e+02
1.843702087402343750e+02
1.832074279785156250e+02
1.834894409179687500e+02
1.832991485595703125e+02
1.828097381591796875e+02
1.834604492187500000e+02
1.838736572265625000e+02
1.835319061279296875e+02
1.831187286376953125e+02
1.836211853027343750e+02
1.825076599121093750e+02
1.829485015869140625e+02
1.834924926757812500e+02
1.839506072998046875e+02
1.835140075683593750e+02
1.836216583251953125e+02
1.825821533203125000e+02
1.834272460937500000e+02
1.825600128173828125e+02
1.836982727050781250e+02
1.833475494384765625e+02
1.829893341064453125e+02
1.825871582031250000e+02
1.829677581787109375e+02
1.836375122070312500e+02
1.824784698486328125e+02
1.829917144775390625e+02
1.826380920410156250e+02
1.824190368652343750e+02
1.831631164550781250e+02
1.832297363281250000e+02
1.838657531738281250e+02
1.826882781982421875e+02
1.835327453613281250e+02
1.827184753417968750e+02
1.832450103759765625e+02
1.830762023925781250e+02
1.836754455566406250e+02
1.836631164550781250e+02
1.835865173339843750e+02
1.823646850585937500e+02
1.838282470703125000e+02
1.824317932128906250e+02
1.834194030761718750e+02
1.832480316162109375e+02
1.835953369140625000e+02
1.829394531250000000e+02
1.836713562011718750e+02
1.831199035644531250e+02
1.831220245361328125e+02
1.831039886474609375e+02
1.830258789062500000e+02
1.835223388671875000e+02
1.831956939697265625e+02
1.837211608886718750e+02
1.823240051269531250e+02
1.829557952880859375e+02
1.836264190673828125e+02
1.822643432617187500e+02
1.829600982666015625e+02
1.835040893554687500e+02
1.824383087158203125e+02
1.836962738037109375e+02
1.833151550292968750e+02
1.827651672363281250e+02
1.830903778076171875e+02
1.826674804687500000e+02
1.826167602539062500e+02
1.828304901123046875e+02
1.830833587646484375e+02
1.835050659179687500e+02
1.838234863281250000e+02
1.838244781494140625e+02
1.827321166992187500e+02
1.834068603515625000e+02
1.826053314208984375e+02
1.826476593017578125e+02
1.825757598876953125e+02
1.834967651367187500e+02
1.834183197021484375e+02
1.834228973388671875e+02
1.836022186279296875e+02
1.826427612304687500e+02
1.828385925292968750e+02
1.821170043945312500e+02
1.829171600341796875e+02
1.828011016845703125e+02
1.824279785156250000e+02
1.825073547363281250e+02
1.836010894775390625e+02
1.822658691406250000e+02
1.834155883789062500e+02
1.825645141601562500e+02
1.827457885742187500e+02
1.830409698486328125e+02
1.831385955810546875e+02
1.825937500000000000e+02
1.828656311035156250e+02
1.832996978759765625e+02
1.833541870117187500e+02
1.818857727050781250e+02
1.832334136962890625e+02
1.829203491210937500e+02
1.825848693847656250e+02
1.830748291015625000e+02
1.835450592041015625e+02
1.835169372558593750e+02
1.829708709716796875e+02
1.833182067871093750e+02
1.837084350585937500e+02
1.829895019531250000e+02
1.842393646240234375e+02
1.830395812988281250e+02
1.835535888671875000e+02
1.836265563964843750e+02
1.825126647949218750e+02
1.827491912841796875e+02
1.823027954101562500e+02
1.835040893554687500e+02
1.836365203857421875e+02
1.816366119384765625e+02
1.826691589355468750e+02
1.827689208984375000e+02
1.827369232177734375e+02
1.825449981689453125e+02
1.833055267333984375e+02
1.821080322265625000e+02
1.832574157714843750e+02
1.837134246826171875e+02
1.829895324707031250e+02
1.827544250488281250e+02
1.830737762451171875e+02
1.828969268798828125e+02
1.832123107910156250e+02
1.836671447753906250e+02
1.830786743164062500e+02
1.828842468261718750e+02
1.836993255615234375e+02
1.833101654052734375e+02
1.826688537597656250e+02
1.828150329589843750e+02
1.840901794433593750e+02
1.824073181152343750e+02
1.826127777099609375e+02
1.827535705566406250e+02
1.831333465576171875e+02
1.837026672363281250e+02
1.830353393554687500e+02
1.825903778076171875e+02
1.837368011474609375e+02
1.837683563232421875e+02
1.825352478027343750e+02
1.833505401611328125e+02
1.833551330566406250e+02
1.830676116943359375e+02
1.840758056640625000e+02
1.838860931396484375e+02
1.831578979492187500e+02
1.831304779052734375e+02
1.831147155761718750e+02
1.821221008300781250e+02
1.827441406250000000e+02
1.829843139648437500e+02
1.832779846191406250e+02
1.833054504394531250e+02
1.835533752441406250e+02
1.828974761962890625e+02
1.826804504394531250e+02
1.831671142578125000e+02
1.833961791992187500e+02
1.827312011718750000e+02
1.841724700927734375e+02
1.836057434082031250e+02
1.835595245361328125e+02
1.826434020996093750e+02
1.825527343750000000e+02
1.836062316894531250e+02
1.834878692626953125e+02
1.832929382324218750e+02
1.823490600585937500e+02
1.841692962646484375e+02
1.820123901367187500e+02
1.825054016113281250e+02
1.831284484863281250e+02
1.829084625244140625e+02
1.831672668457031250e+02
1.828590087890625000e+02
1.827192077636718750e+02
1.827599487304687500e+02
1.819477233886718750e+02
1.822822570800781250e+02
1.833061828613281250e+02
1.831083374023437500e+02
1.827184753417968750e+02
1.827120056152343750e+02
1.825497589111328125e+02
1.829880065917968750e+02
1.827200469970703125e+02
1.835045166015625000e+02
1.830042114257812500e+02
1.839800415039062500e+02
1.828685760498046875e+02
1.832450561523437500e+02
1.829684295654296875e+02
1.829912261962890625e+02
1.825538177490234375e+02
1.830388336181640625e+02
1.823344421386718750e+02
1.825009918212890625e+02
1.823586120605468750e+02
1.824747314453125000e+02
1.825999755859375000e+02
1.830658721923828125e+02
1.819225463867187500e+02
1.845109863281250000e+02
1.826400756835937500e+02
1.834094085693359375e+02
1.826550445556640625e+02
1.834919586181640625e+02
1.823042602539062500e+02
1.828759002685546875e+02
1.826301879882812500e+02
1.826881408691406250e+02
1.827762756347656250e+02
1.830303039550781250e+02
1.823455352783203125e+02
1.824263610839843750e+02
1.832831573486328125e+02
1.826170501708984375e+02
1.832566680908203125e+02
1.821819000244140625e+02
1.827464599609375000e+02
1.836371154785156250e+02
1.821820983886718750e+02
1.830185394287109375e+02
1.830998229980468750e+02
1.828695068359375000e+02
1.831942138671875000e+02
1.833380126953125000e+02
1.829674072265625000e+02
1.823774719238281250e+02
1.827947387695312500e+02
1.830134582519531250e+02
1.830017547607421875e+02
1.829635772705078125e+02
1.830511169433593750e+02
1.828270416259765625e+02
1.828741455078125000e+02
1.827420349121093750e+02
1.829457550048828125e+02
1.830121917724609375e+02
1.825744018554687500e+02
1.827991485595703125e+02
1.824053955078125000e+02
1.819729309082031250e+02
1.823903503417968750e+02
1.831487884521484375e+02
1.826451568603515625e+02
1.831199645996093750e+02
1.829777069091796875e+02
1.824713134765625000e+02
1.829146881103515625e+02
1.817273712158203125e+02
1.828388977050781250e+02
1.819853210449218750e+02
1.828889770507812500e+02
1.820653839111328125e+02
1.826536865234375000e+02
1.831504211425781250e+02
1.824336547851562500e+02
1.829769897460937500e+02
1.822191467285156250e+02
1.831206970214843750e+02
1.824148406982421875e+02
1.830148010253906250e+02
1.828940734863281250e+02
1.837178649902343750e+02
1.832912292480468750e+02
1.823864746093750000e+02
1.824494934082031250e+02
1.838660278320312500e+02
1.827517852783203125e+02
1.832773895263671875e+02
1.824679107666015625e+02
1.833605346679687500e+02
1.829220733642578125e+02
1.825515136718750000e+02
1.825576629638671875e+02
1.831558837890625000e+02
1.820182189941406250e+02
1.829053802490234375e+02
1.824561309814453125e+02
1.831740417480468750e+02
1.824359436035156250e+02
1.831348571777343750e+02
1.827242736816406250e+02
1.818016357421875000e+02
1.823074951171875000e+02
1.831759796142578125e+02
1.831524047851562500e+02
1.826941375732421875e+02
1.827433776855468750e+02
1.829566650390625000e+02
1.832726440429687500e+02
1.824970550537109375e+02
1.829151611328125000e+02
1.829121246337890625e+02
1.823963317871093750e+02
1.833187255859375000e+02
1.837242889404296875e+02
1.822299499511718750e+02
1.834860534667968750e+02
1.830867767333984375e+02
1.835597381591796875e+02
1.828117675781250000e+02
1.831813049316406250e+02
1.832354736328125000e+02
1.827205352783203125e+02
1.831495971679687500e+02
1.822955169677734375e+02
1.822657318115234375e+02
1.834497985839843750e+02
1.833547668457031250e+02
1.816633453369140625e+02
1.824081268310546875e+02
1.825900573730468750e+02
1.826709899902343750e+02
1.834418640136718750e+02
1.828634643554687500e+02
1.826691589355468750e+02
1.829260864257812500e+02
1.825604248046875000e+02
1.829614257812500000e+02
1.830337982177734375e+02
1.832404479980468750e+02
1.825715179443359375e+02
1.831456604003906250e+02
1.831068420410156250e+02
1.829754791259765625e+02
1.829639587402343750e+02
1.830335998535156250e+02
1.833206329345703125e+02
1.831056976318359375e+02
1.828709564208984375e+02
1.829764099121093750e+02
1.826777496337890625e+02
1.828763580322265625e+02
1.825312042236328125e+02
1.828764648437500000e+02
1.828553771972656250e+02
1.821438598632812500e+02
1.822833251953125000e+02
1.833386535644531250e+02
1.828531799316406250e+02
1.826179962158203125e+02
1.823387603759765625e+02
1.824964904785156250e+02
1.829204406738281250e+02
1.826263122558593750e+02
1.827742004394531250e+02
1.824318542480468750e+02
1.826176757812500000e+02
1.824309539794921875e+02
1.824472656250000000e+02
1.822886352539062500e+02
1.842436218261718750e+02
1.829888305664062500e+02
1.827394561767578125e+02
1.821326599121093750e+02
1.826898193359375000e+02
1.824991149902343750e+02
1.826260070800781250e+02
1.826265258789062500e+02
1.828613891601562500e+02
1.838007507324218750e+02
1.833773498535156250e+02
1.820126495361328125e+02
1.830871276855468750e+02
1.827835235595703125e+02
1.833534088134765625e+02
1.834841308593750000e+02
1.828224029541015625e+02
1.831854400634765625e+02
1.826499328613281250e+02
1.824940185546875000e+02
1.826983947753906250e+02
1.830283966064453125e+02
1.828552856445312500e+02
1.829083557128906250e+02
1.830635070800781250e+02
1.825233001708984375e+02
1.826148376464843750e+02
1.824318542480468750e+02
1.827923126220703125e+02
1.826455841064453125e+02
1.830392761230468750e+02
1.826297302246093750e+02
1.829046630859375000e+02
1.823695220947265625e+02
1.836330871582031250e+02
1.827857208251953125e+02
1.817908782958984375e+02
1.833332214355468750e+02
1.820995483398437500e+02
1.830498199462890625e+02
1.821534729003906250e+02
1.831188964843750000e+02
1.835840911865234375e+02
1.833827362060546875e+02
1.822630310058593750e+02
1.829971771240234375e+02
1.834550476074218750e+02
1.827429809570312500e+02
1.820887451171875000e+02
1.829891052246093750e+02
1.830974731445312500e+02
1.836671142578125000e+02
1.819905090332031250e+02
1.829212951660156250e+02
1.824164733886718750e+02
1.836072692871093750e+02
1.822134552001953125e+02
1.824327239990234375e+02
1.840506896972656250e+02
1.833375549316406250e+02
1.826472167968750000e+02
1.829876098632812500e+02
1.822853240966796875e+02
1.832939910888671875e+02
1.817697906494140625e+02
1.820960693359375000e+02
1.824737548828125000e+02
1.829260559082031250e+02
1.824817199707031250e+02
1.827374267578125000e+02
1.832000732421875000e+02
1.823302917480468750e+02
1.826850433349609375e+02
1.819510498046875000e+02
1.818919982910156250e+02
1.829447784423828125e+02
1.836977844238281250e+02
1.823151855468750000e+02
1.829465637207031250e+02
1.819281005859375000e+02
1.831532440185546875e+02
1.831078033447265625e+02
1.827084197998046875e+02
1.822239379882812500e+02
1.827019500732421875e+02
1.825867309570312500e+02
1.825893249511718750e+02
1.825548858642578125e+02
1.843624877929687500e+02
1.826434020996093750e+02
1.823543395996093750e+02
1.828372955322265625e+02
1.833062896728515625e+02
1.815904998779296875e+02
1.833200378417968750e+02
1.836288909912109375e+02
1.824925231933593750e+02
1.824902648925781250e+02
1.828448181152343750e+02
1.815261230468750000e+02
1.826480712890625000e+02
1.831020202636718750e+02
1.829035797119140625e+02
1.819445800781250000e+02
1.813549957275390625e+02
1.824989776611328125e+02
1.822738342285156250e+02
1.824728240966796875e+02
1.833344573974609375e+02
1.825484924316406250e+02
1.820213012695312500e+02
1.830290527343750000e+02
1.821606750488281250e+02
1.826204223632812500e+02
1.832633056640625000e+02
1.829721679687500000e+02
1.835785827636718750e+02
1.832780609130859375e+02
1.832235107421875000e+02
1.825130920410156250e+02
1.833265991210937500e+02
1.824747467041015625e+02
1.825080108642578125e+02
1.817930145263671875e+02
1.832469635009765625e+02
1.820930786132812500e+02
1.835233154296875000e+02
1.828176879882812500e+02
1.826524353027343750e+02
1.833563079833984375e+02
1.828160552978515625e+02
1.827971649169921875e+02
1.824698944091796875e+02
1.821994934082031250e+02
1.820599060058593750e+02
1.821703948974609375e+02
1.825055694580078125e+02
1.824070892333984375e+02
1.826587219238281250e+02
1.828350067138671875e+02
1.832767181396484375e+02
1.823266601562500000e+02
1.820264282226562500e+02
1.837981414794921875e+02
1.829423065185546875e+02
1.816223297119140625e+02
1.822941284179687500e+02
1.831420745849609375e+02
1.818630676269531250e+02
1.830861206054687500e+02
1.830805206298828125e+02
1.824035339355468750e+02
1.821663665771484375e+02
1.825311584472656250e+02
1.822493896484375000e+02
1.826667938232421875e+02
1.822546997070312500e+02
1.821830139160156250e+02
1.834509582519531250e+02
1.823230590820312500e+02
1.826783142089843750e+02
1.829005126953125000e+02
1.824815521240234375e+02
1.833773193359375000e+02
1.829056854248046875e+02
1.834238281250000000e+02
1.825808105468750000e+02
1.825907440185546875e+02
1.824815521240234375e+02
1.833889465332031250e+02
1.824841918945312500e+02
1.825458984375000000e+02
1.825076293945312500e+02
1.829883422851562500e+02
1.829874725341796875e+02
1.825855102539062500e+02
1.831800231933593750e+02
1.828401184082031250e+02
1.829176483154296875e+02
1.825109405517578125e+02
1.826593933105468750e+02
1.829444274902343750e+02
1.824985504150390625e+02
1.829148559570312500e+02
1.832314605712890625e+02
1.833679809570312500e+02
1.824357299804687500e+02
1.826008911132812500e+02
1.823536071777343750e+02
1.824898834228515625e+02
1.822497406005859375e+02
1.822103881835937500e+02
1.831001281738281250e+02
1.831709442138671875e+02
1.819459991455078125e+02
1.826959228515625000e+02
1.827999267578125000e+02
1.831273803710937500e+02
1.823322143554687500e+02
1.828160858154296875e+02
1.827144927978515625e+02
1.822095947265625000e+02
1.837748718261718750e+02
1.833736419677734375e+02
1.822726745605468750e+02
1.829905853271484375e+02
1.824075622558593750e+02
1.824120178222656250e+02
1.828466033935546875e+02
1.827801513671875000e+02
1.826139221191406250e+02
1.826816558837890625e+02
1.824095764160156250e+02
1.827525939941406250e+02
1.826957855224609375e+02
1.830999145507812500e+02
1.827026824951171875e+02
1.828033447265625000e+02
1.831537780761718750e+02
1.831367797851562500e+02
1.824010009765625000e+02
1.827181243896484375e+02
1.830863952636718750e+02
1.832321166992187500e+02
1.826519927978515625e+02
1.829577331542968750e+02
1.827346954345703125e+02
1.828390350341796875e+02
1.822684478759765625e+02
1.819608764648437500e+02
1.831738128662109375e+02
1.820212402343750000e+02
1.816463928222656250e+02
1.833540496826171875e+02
1.829040679931640625e+02
1.828412780761718750e+02
1.827222442626953125e+02
1.822169799804687500e+02
1.822579193115234375e+02
1.828015441894531250e+02
1.824154815673828125e+02
1.831663360595703125e+02
1.823880615234375000e+02
1.827557830810546875e+02
1.830400238037109375e+02
1.834967346191406250e+02
1.834029388427734375e+02
1.820213165283203125e+02
1.824694824218750000e+02
1.819680633544921875e+02
1.826624145507812500e+02
1.823159484863281250e+02
1.823219757080078125e+02
1.829070129394531250e+02
1.832276306152343750e+02
1.830227050781250000e+02
1.818734741210937500e+02
1.823460083007812500e+02
1.833606872558593750e+02
1.832700195312500000e+02
1.822013549804687500e+02
1.815145416259765625e+02
1.825189666748046875e+02
