6.846133232116699219e+00
6.715089321136474609e+00
6.645132541656494141e+00
6.504634857177734375e+00
6.333890438079833984e+00
6.182575225830078125e+00
6.184534549713134766e+00
6.132045745849609375e+00
6.149745464324951172e+00
6.056855201721191406e+00
6.123054981231689453e+00
6.106008052825927734e+00
6.205270767211914062e+00
6.292785644531250000e+00
6.160128116607666016e+00
6.259370326995849609e+00
6.191115379333496094e+00
6.142576694488525391e+00
6.154389381408691406e+00
6.011106967926025391e+00
6.007344245910644531e+00
6.057951927185058594e+00
6.047465324401855469e+00
6.064362049102783203e+00
6.051936626434326172e+00
5.957077503204345703e+00
6.100600242614746094e+00
6.037615776062011719e+00
6.082434654235839844e+00
6.138372421264648438e+00
6.064569473266601562e+00
6.042149543762207031e+00
5.998949527740478516e+00
5.902388095855712891e+00
5.874255657196044922e+00
6.120725154876708984e+00
6.221430778503417969e+00
6.039729595184326172e+00
6.070227146148681641e+00
6.014834880828857422e+00
6.222717285156250000e+00
5.973932743072509766e+00
5.846964359283447266e+00
5.915627479553222656e+00
5.793249607086181641e+00
6.208883285522460938e+00
5.868246078491210938e+00
6.048607349395751953e+00
6.180735111236572266e+00
5.910809516906738281e+00
5.820940494537353516e+00
5.888046741485595703e+00
5.868477344512939453e+00
5.870516300201416016e+00
5.853262901306152344e+00
5.943045616149902344e+00
5.964193820953369141e+00
5.898621082305908203e+00
5.927595138549804688e+00
5.825241088867187500e+00
5.899152278900146484e+00
5.819877147674560547e+00
5.736979007720947266e+00
5.729143142700195312e+00
5.730478286743164062e+00
5.968680381774902344e+00
5.771017074584960938e+00
5.855847835540771484e+00
5.893461227416992188e+00
5.796875953674316406e+00
5.787058830261230469e+00
5.772638797760009766e+00
5.750880241394042969e+00
5.737006664276123047e+00
5.785284519195556641e+00
5.951403141021728516e+00
5.864149093627929688e+00
5.773994922637939453e+00
5.717054367065429688e+00
5.718321323394775391e+00
5.731389045715332031e+00
5.771228790283203125e+00
6.036192417144775391e+00
5.688521385192871094e+00
5.867227554321289062e+00
5.778930664062500000e+00
5.883289337158203125e+00
5.777632713317871094e+00
5.729555130004882812e+00
5.814124584197998047e+00
5.963799953460693359e+00
5.826910495758056641e+00
5.797639369964599609e+00
5.728548526763916016e+00
5.704730987548828125e+00
5.637587070465087891e+00
5.897501945495605469e+00
5.880896568298339844e+00
5.742893695831298828e+00
5.771140575408935547e+00
5.728719234466552734e+00
5.846198081970214844e+00
5.727755546569824219e+00
5.827037334442138672e+00
5.733975410461425781e+00
5.731891155242919922e+00
5.720959663391113281e+00
5.707518100738525391e+00
5.667227745056152344e+00
5.801089286804199219e+00
5.805643558502197266e+00
5.678016662597656250e+00
5.683235168457031250e+00
5.838414192199707031e+00
5.753353118896484375e+00
5.642320632934570312e+00
5.685662269592285156e+00
5.853591918945312500e+00
5.787005424499511719e+00
5.659792900085449219e+00
5.886260032653808594e+00
5.765456199645996094e+00
5.730064868927001953e+00
5.693946361541748047e+00
5.726844310760498047e+00
5.774641036987304688e+00
5.708634853363037109e+00
5.681605815887451172e+00
5.857135772705078125e+00
5.747578144073486328e+00
5.818434238433837891e+00
5.833984851837158203e+00
5.676970481872558594e+00
5.708107471466064453e+00
5.629875659942626953e+00
5.805341720581054688e+00
5.720422267913818359e+00
5.803361892700195312e+00
5.661805152893066406e+00
5.686079502105712891e+00
5.808322906494140625e+00
5.874306201934814453e+00
5.681115150451660156e+00
5.686964988708496094e+00
5.666304111480712891e+00
5.801272869110107422e+00
5.817827224731445312e+00
5.601265907287597656e+00
5.768386363983154297e+00
6.022762775421142578e+00
5.694058418273925781e+00
5.696418762207031250e+00
5.783930301666259766e+00
5.744438171386718750e+00
5.729773521423339844e+00
5.736312389373779297e+00
5.794676303863525391e+00
5.749487876892089844e+00
5.648248195648193359e+00
5.686862945556640625e+00
5.721736907958984375e+00
5.660980224609375000e+00
5.799863815307617188e+00
5.633260726928710938e+00
5.840379238128662109e+00
5.760799407958984375e+00
5.616135597229003906e+00
5.665217399597167969e+00
5.647546768188476562e+00
5.560545444488525391e+00
5.605361938476562500e+00
5.656551361083984375e+00
5.806840896606445312e+00
5.554367065429687500e+00
5.677659034729003906e+00
5.672062397003173828e+00
5.807125091552734375e+00
5.756551742553710938e+00
5.767243385314941406e+00
5.902301788330078125e+00
5.759582996368408203e+00
5.708650112152099609e+00
5.883912086486816406e+00
5.729979515075683594e+00
5.686621665954589844e+00
5.697949886322021484e+00
5.789425373077392578e+00
5.669421195983886719e+00
5.798633575439453125e+00
5.721922874450683594e+00
5.634616374969482422e+00
5.752561569213867188e+00
5.739747524261474609e+00
5.653672218322753906e+00
5.590103626251220703e+00
5.821710109710693359e+00
5.713539123535156250e+00
5.610168457031250000e+00
5.612845420837402344e+00
5.792331218719482422e+00
5.606161594390869141e+00
5.662993907928466797e+00
5.745180130004882812e+00
5.836447238922119141e+00
5.739168167114257812e+00
5.751119613647460938e+00
5.627690315246582031e+00
5.751530170440673828e+00
5.674528598785400391e+00
5.686321735382080078e+00
5.628127098083496094e+00
5.817406177520751953e+00
5.693513393402099609e+00
5.644396305084228516e+00
5.617195606231689453e+00
5.683451652526855469e+00
5.672083854675292969e+00
5.721601486206054688e+00
5.681064605712890625e+00
5.673089027404785156e+00
5.951077938079833984e+00
5.619907855987548828e+00
5.795423507690429688e+00
5.817882537841796875e+00
5.679504871368408203e+00
5.674460887908935547e+00
5.709808349609375000e+00
5.669610023498535156e+00
5.670702457427978516e+00
5.777809143066406250e+00
5.706991195678710938e+00
5.560676097869873047e+00
5.758244514465332031e+00
5.698374271392822266e+00
5.625545501708984375e+00
5.564114570617675781e+00
5.786617279052734375e+00
5.611699581146240234e+00
5.578677177429199219e+00
5.664672851562500000e+00
5.627532958984375000e+00
5.671351432800292969e+00
5.892907619476318359e+00
5.641389846801757812e+00
5.728196620941162109e+00
5.641501903533935547e+00
5.682325363159179688e+00
5.712416172027587891e+00
5.789357185363769531e+00
5.594920158386230469e+00
5.687835693359375000e+00
5.647030830383300781e+00
5.582436084747314453e+00
5.701428413391113281e+00
5.574519634246826172e+00
5.706075668334960938e+00
5.662000656127929688e+00
5.706505775451660156e+00
5.593778610229492188e+00
5.797548770904541016e+00
5.631157398223876953e+00
5.630949974060058594e+00
5.742882728576660156e+00
5.601312637329101562e+00
5.667428970336914062e+00
5.675269126892089844e+00
5.818080902099609375e+00
5.674679279327392578e+00
5.627316474914550781e+00
5.630444526672363281e+00
5.739648818969726562e+00
5.626927375793457031e+00
5.625771522521972656e+00
5.737048625946044922e+00
5.627369403839111328e+00
5.612377166748046875e+00
5.582001686096191406e+00
5.667551517486572266e+00
5.602799892425537109e+00
5.712685585021972656e+00
5.714435100555419922e+00
5.684006690979003906e+00
5.791338920593261719e+00
5.750921249389648438e+00
5.690262317657470703e+00
5.752108573913574219e+00
5.765580654144287109e+00
5.614840984344482422e+00
5.849689960479736328e+00
5.642846107482910156e+00
5.758947372436523438e+00
5.659170150756835938e+00
5.662660598754882812e+00
5.800856590270996094e+00
5.691154479980468750e+00
5.703049182891845703e+00
5.716916084289550781e+00
5.656111240386962891e+00
5.609781265258789062e+00
5.656669616699218750e+00
5.633013725280761719e+00
5.724525928497314453e+00
5.727993011474609375e+00
5.641069412231445312e+00
5.547219276428222656e+00
5.665003776550292969e+00
5.587768554687500000e+00
5.594467163085937500e+00
5.823865890502929688e+00
5.708129882812500000e+00
5.642590522766113281e+00
5.655433177947998047e+00
5.576891899108886719e+00
5.611600875854492188e+00
5.781057357788085938e+00
5.615486145019531250e+00
5.582287311553955078e+00
5.604883193969726562e+00
5.659662723541259766e+00
5.781795501708984375e+00
5.635336875915527344e+00
5.745914459228515625e+00
5.781642913818359375e+00
5.613554477691650391e+00
5.691270828247070312e+00
5.606411933898925781e+00
5.585878849029541016e+00
5.638139247894287109e+00
5.610595226287841797e+00
5.672219276428222656e+00
5.597610473632812500e+00
5.739375114440917969e+00
5.811745643615722656e+00
5.801898002624511719e+00
5.604534626007080078e+00
5.609347343444824219e+00
5.740727424621582031e+00
5.557215213775634766e+00
5.594345569610595703e+00
5.747749805450439453e+00
5.622788429260253906e+00
5.595034599304199219e+00
5.590128898620605469e+00
5.544220924377441406e+00
5.673118591308593750e+00
5.672591686248779297e+00
5.579215526580810547e+00
5.669362068176269531e+00
5.611819744110107422e+00
5.916706562042236328e+00
5.712804794311523438e+00
5.705888748168945312e+00
5.702065944671630859e+00
5.653995990753173828e+00
5.631829261779785156e+00
5.681175708770751953e+00
5.921359062194824219e+00
5.796261787414550781e+00
5.708285331726074219e+00
5.730861663818359375e+00
5.730699539184570312e+00
5.585984706878662109e+00
5.689555168151855469e+00
5.599485397338867188e+00
5.666543006896972656e+00
5.647305488586425781e+00
5.597765445709228516e+00
5.574427127838134766e+00
5.592742919921875000e+00
5.583730697631835938e+00
5.735060691833496094e+00
5.679770469665527344e+00
5.611449718475341797e+00
5.556528091430664062e+00
5.595968246459960938e+00
5.764465332031250000e+00
5.585144996643066406e+00
5.601952552795410156e+00
5.606288909912109375e+00
5.599830627441406250e+00
5.638671875000000000e+00
5.532042503356933594e+00
5.586188793182373047e+00
5.632470130920410156e+00
5.690400123596191406e+00
5.675953865051269531e+00
5.760895252227783203e+00
5.611282825469970703e+00
5.671124935150146484e+00
5.631450176239013672e+00
5.664690494537353516e+00
5.686135292053222656e+00
5.877305507659912109e+00
5.569817543029785156e+00
5.671853065490722656e+00
5.748398780822753906e+00
5.602088451385498047e+00
5.524227142333984375e+00
5.670815467834472656e+00
5.723980426788330078e+00
5.751056671142578125e+00
5.679887771606445312e+00
5.560666084289550781e+00
5.624647140502929688e+00
5.668982505798339844e+00
5.613151073455810547e+00
5.756240844726562500e+00
5.642447948455810547e+00
5.753587722778320312e+00
5.548876762390136719e+00
5.622784614562988281e+00
5.532619476318359375e+00
5.629485130310058594e+00
5.606652736663818359e+00
5.632683277130126953e+00
5.953501701354980469e+00
5.811801910400390625e+00
5.545587062835693359e+00
5.790193557739257812e+00
5.516578197479248047e+00
5.534647464752197266e+00
5.563138008117675781e+00
5.606350898742675781e+00
5.624358177185058594e+00
5.620209693908691406e+00
5.566060066223144531e+00
5.691467285156250000e+00
5.617457389831542969e+00
5.707911968231201172e+00
5.582720756530761719e+00
5.611813545227050781e+00
5.749804496765136719e+00
5.806829452514648438e+00
5.519824028015136719e+00
5.612892150878906250e+00
5.607829093933105469e+00
5.592302322387695312e+00
5.556964874267578125e+00
5.637705802917480469e+00
5.579624652862548828e+00
5.549836635589599609e+00
5.610725402832031250e+00
5.564249038696289062e+00
5.638475894927978516e+00
5.674234867095947266e+00
5.582060813903808594e+00
5.729732036590576172e+00
5.702725410461425781e+00
5.550730705261230469e+00
5.707009315490722656e+00
5.562289237976074219e+00
5.682906627655029297e+00
5.582994937896728516e+00
5.490475177764892578e+00
5.609210014343261719e+00
5.708055019378662109e+00
5.683960914611816406e+00
5.540479660034179688e+00
5.673709869384765625e+00
5.937962532043457031e+00
5.716470241546630859e+00
5.586551666259765625e+00
5.665561676025390625e+00
5.640710353851318359e+00
5.684381484985351562e+00
5.584832191467285156e+00
5.740797996520996094e+00
5.623287200927734375e+00
5.528702735900878906e+00
5.617156028747558594e+00
5.530909538269042969e+00
5.510053634643554688e+00
5.570120334625244141e+00
5.637299537658691406e+00
5.567950248718261719e+00
5.640973567962646484e+00
5.690663814544677734e+00
5.571714401245117188e+00
5.547762870788574219e+00
5.676144599914550781e+00
5.546602249145507812e+00
5.576207160949707031e+00
5.664361000061035156e+00
5.533410549163818359e+00
5.537424087524414062e+00
5.644974231719970703e+00
5.615408420562744141e+00
5.555444717407226562e+00
5.650555610656738281e+00
5.583862781524658203e+00
5.640252590179443359e+00
5.622303962707519531e+00
5.722369194030761719e+00
5.629738807678222656e+00
5.690914154052734375e+00
5.622180461883544922e+00
5.548910140991210938e+00
5.688907146453857422e+00
5.640625000000000000e+00
5.523289203643798828e+00
5.784711837768554688e+00
5.658391475677490234e+00
5.767679214477539062e+00
5.561936378479003906e+00
5.557549476623535156e+00
5.584311962127685547e+00
5.635457992553710938e+00
5.731314659118652344e+00
5.625006675720214844e+00
5.702929019927978516e+00
5.654360771179199219e+00
5.564002037048339844e+00
5.790328025817871094e+00
5.608810424804687500e+00
5.695787429809570312e+00
5.606365203857421875e+00
5.593618392944335938e+00
5.598570823669433594e+00
5.647071838378906250e+00
5.556501865386962891e+00
5.610066413879394531e+00
5.616168022155761719e+00
5.572518348693847656e+00
5.640383720397949219e+00
5.575905799865722656e+00
5.612294673919677734e+00
5.685784339904785156e+00
5.682691574096679688e+00
5.552211761474609375e+00
5.627268314361572266e+00
5.611482143402099609e+00
5.551760673522949219e+00
5.690461158752441406e+00
5.679392814636230469e+00
5.625273227691650391e+00
5.582934856414794922e+00
5.647151947021484375e+00
5.764930725097656250e+00
5.626912117004394531e+00
5.757548332214355469e+00
5.617696762084960938e+00
5.617888450622558594e+00
5.577326774597167969e+00
5.565560340881347656e+00
5.488968372344970703e+00
5.720537662506103516e+00
5.541327476501464844e+00
5.520893096923828125e+00
5.531441688537597656e+00
5.580595016479492188e+00
5.627981185913085938e+00
5.632617950439453125e+00
5.781901359558105469e+00
5.597957611083984375e+00
5.622485637664794922e+00
5.593216896057128906e+00
5.758843898773193359e+00
5.696340084075927734e+00
5.662041187286376953e+00
5.658268928527832031e+00
5.772902011871337891e+00
5.577527046203613281e+00
5.675908088684082031e+00
5.638049125671386719e+00
5.617381572723388672e+00
5.683526039123535156e+00
5.610588550567626953e+00
5.711481571197509766e+00
5.601551532745361328e+00
5.754328250885009766e+00
5.674723148345947266e+00
5.556803703308105469e+00
5.708694458007812500e+00
5.613822937011718750e+00
5.664190292358398438e+00
5.594921112060546875e+00
5.633465766906738281e+00
5.672092437744140625e+00
5.741720676422119141e+00
5.730171203613281250e+00
5.655347347259521484e+00
5.622796058654785156e+00
5.511374473571777344e+00
5.616024971008300781e+00
5.606444835662841797e+00
5.563735961914062500e+00
5.539976596832275391e+00
5.568942546844482422e+00
5.634344577789306641e+00
5.680550098419189453e+00
5.596105575561523438e+00
5.626432895660400391e+00
5.643576145172119141e+00
5.492354393005371094e+00
5.498750686645507812e+00
5.617494583129882812e+00
5.653709411621093750e+00
5.762425422668457031e+00
5.563488960266113281e+00
5.540105819702148438e+00
5.585287094116210938e+00
5.548594951629638672e+00
5.554701805114746094e+00
5.624156951904296875e+00
5.581521987915039062e+00
5.516178131103515625e+00
5.586873054504394531e+00
5.622355461120605469e+00
5.597087383270263672e+00
5.668864250183105469e+00
5.502550601959228516e+00
5.595929145812988281e+00
5.507938385009765625e+00
5.490881443023681641e+00
5.802768230438232422e+00
5.630519390106201172e+00
5.815896034240722656e+00
5.559256553649902344e+00
5.594061374664306641e+00
5.521336555480957031e+00
5.527366638183593750e+00
5.573693752288818359e+00
5.568789482116699219e+00
5.522540092468261719e+00
5.677412986755371094e+00
5.536757469177246094e+00
5.596982955932617188e+00
5.513777732849121094e+00
5.612323760986328125e+00
5.584672927856445312e+00
5.555465698242187500e+00
5.578884601593017578e+00
5.562874794006347656e+00
5.553242683410644531e+00
5.530714511871337891e+00
5.581619262695312500e+00
5.556050300598144531e+00
5.568130493164062500e+00
5.630103588104248047e+00
5.627440452575683594e+00
5.647602558135986328e+00
5.733645915985107422e+00
5.530397415161132812e+00
5.546929359436035156e+00
5.565627098083496094e+00
5.628831863403320312e+00
5.488784313201904297e+00
5.636646270751953125e+00
5.575607299804687500e+00
5.704139232635498047e+00
5.569029808044433594e+00
5.608609199523925781e+00
5.654226303100585938e+00
5.552997112274169922e+00
5.600963592529296875e+00
5.479544639587402344e+00
5.571789264678955078e+00
5.638946533203125000e+00
5.566182613372802734e+00
5.579606533050537109e+00
5.596168994903564453e+00
5.560805797576904297e+00
5.581902503967285156e+00
5.653920173645019531e+00
5.553052902221679688e+00
5.509759426116943359e+00
5.578953742980957031e+00
5.542912006378173828e+00
5.580081939697265625e+00
5.728965759277343750e+00
5.610169410705566406e+00
5.589118957519531250e+00
5.544381618499755859e+00
5.572125434875488281e+00
5.639686107635498047e+00
5.581494808197021484e+00
5.636634826660156250e+00
5.662864685058593750e+00
5.554611206054687500e+00
5.580052375793457031e+00
5.643647193908691406e+00
5.598183631896972656e+00
5.629348754882812500e+00
5.634666442871093750e+00
5.545357704162597656e+00
5.714117050170898438e+00
5.673966884613037109e+00
5.540187835693359375e+00
5.662296295166015625e+00
5.509802818298339844e+00
5.595058441162109375e+00
5.578748703002929688e+00
5.545071125030517578e+00
5.662415981292724609e+00
5.632739067077636719e+00
5.660193920135498047e+00
5.473453998565673828e+00
5.597554206848144531e+00
5.523948192596435547e+00
5.504539489746093750e+00
5.497351646423339844e+00
5.602180480957031250e+00
5.642630577087402344e+00
5.557954311370849609e+00
5.544900417327880859e+00
5.541507720947265625e+00
5.595872879028320312e+00
5.773277282714843750e+00
5.635479927062988281e+00
5.580103874206542969e+00
5.727952003479003906e+00
5.602466106414794922e+00
5.537420272827148438e+00
5.631895065307617188e+00
5.764413833618164062e+00
5.678622245788574219e+00
5.529550552368164062e+00
5.608497619628906250e+00
5.838326454162597656e+00
5.626121997833251953e+00
5.587464332580566406e+00
5.587639808654785156e+00
5.521129608154296875e+00
5.542897701263427734e+00
5.553452491760253906e+00
5.620184421539306641e+00
5.716588973999023438e+00
5.585267066955566406e+00
5.636103630065917969e+00
5.646808624267578125e+00
5.635785102844238281e+00
5.566849231719970703e+00
5.626972675323486328e+00
5.598677635192871094e+00
5.587882995605468750e+00
5.559218883514404297e+00
5.622419834136962891e+00
5.563202857971191406e+00
5.600701808929443359e+00
5.617000579833984375e+00
5.565429210662841797e+00
5.536707878112792969e+00
5.513132095336914062e+00
5.599338531494140625e+00
5.537698745727539062e+00
5.563968658447265625e+00
5.668523311614990234e+00
5.621842861175537109e+00
5.514343261718750000e+00
5.531339168548583984e+00
5.603892326354980469e+00
5.509742736816406250e+00
5.551932811737060547e+00
5.608108520507812500e+00
5.665437221527099609e+00
5.581945896148681641e+00
5.556351184844970703e+00
5.595161437988281250e+00
5.634119033813476562e+00
5.525332450866699219e+00
5.507792949676513672e+00
5.575521469116210938e+00
5.570051670074462891e+00
5.806488990783691406e+00
5.676942348480224609e+00
5.611029624938964844e+00
5.585196971893310547e+00
5.648825645446777344e+00
5.642758369445800781e+00
5.584929466247558594e+00
5.815249919891357422e+00
5.570367813110351562e+00
5.562124252319335938e+00
5.524544239044189453e+00
5.531139373779296875e+00
5.571452140808105469e+00
5.523179054260253906e+00
5.582561969757080078e+00
5.605414390563964844e+00
5.544335365295410156e+00
5.659233093261718750e+00
5.486072063446044922e+00
5.544615268707275391e+00
5.596904277801513672e+00
5.738051414489746094e+00
5.626697540283203125e+00
5.685062408447265625e+00
5.670486450195312500e+00
5.625278949737548828e+00
5.642931461334228516e+00
5.539924621582031250e+00
5.570281028747558594e+00
5.555907726287841797e+00
5.608367919921875000e+00
5.664606571197509766e+00
5.610779285430908203e+00
5.574887275695800781e+00
5.579691410064697266e+00
5.653619766235351562e+00
5.518385887145996094e+00
5.511950016021728516e+00
5.508725166320800781e+00
5.661084175109863281e+00
5.646055698394775391e+00
5.584914207458496094e+00
5.583271980285644531e+00
5.570155620574951172e+00
5.575917243957519531e+00
5.640129089355468750e+00
5.683286666870117188e+00
5.523828983306884766e+00
5.572987079620361328e+00
5.519327163696289062e+00
5.610291481018066406e+00
5.655642032623291016e+00
5.519818782806396484e+00
5.574231624603271484e+00
5.633639335632324219e+00
5.458325386047363281e+00
5.821765899658203125e+00
5.589703559875488281e+00
5.597351551055908203e+00
5.495989799499511719e+00
5.541129112243652344e+00
5.606692790985107422e+00
5.642122268676757812e+00
5.563588142395019531e+00
5.723716259002685547e+00
5.533586502075195312e+00
5.573816299438476562e+00
5.523414134979248047e+00
5.577351093292236328e+00
5.568694114685058594e+00
5.580970287322998047e+00
5.495747566223144531e+00
5.540110588073730469e+00
5.562107563018798828e+00
5.575623035430908203e+00
5.536474704742431641e+00
5.593850135803222656e+00
5.582404136657714844e+00
5.582901000976562500e+00
5.570528984069824219e+00
5.561317443847656250e+00
5.445087432861328125e+00
5.642319202423095703e+00
5.620152473449707031e+00
5.826846599578857422e+00
5.480953216552734375e+00
5.609017372131347656e+00
5.698837757110595703e+00
5.614479064941406250e+00
5.550976753234863281e+00
5.533267498016357422e+00
5.511234283447265625e+00
5.638870716094970703e+00
5.601040363311767578e+00
5.516202926635742188e+00
5.591815948486328125e+00
5.513698101043701172e+00
5.584041118621826172e+00
5.533732414245605469e+00
5.657075881958007812e+00
5.491057395935058594e+00
5.575963020324707031e+00
5.570096015930175781e+00
5.489863395690917969e+00
5.583642482757568359e+00
5.601278305053710938e+00
5.517948627471923828e+00
5.628495216369628906e+00
5.457074642181396484e+00
5.819069862365722656e+00
5.494424343109130859e+00
5.624928951263427734e+00
5.529715061187744141e+00
5.496623039245605469e+00
5.617307662963867188e+00
5.461510181427001953e+00
5.535078048706054688e+00
5.582434177398681641e+00
5.450506210327148438e+00
5.636119365692138672e+00
5.530865192413330078e+00
5.563410282135009766e+00
5.593517780303955078e+00
5.558676719665527344e+00
5.645313739776611328e+00
5.521177768707275391e+00
5.579898357391357422e+00
5.444330215454101562e+00
5.494132041931152344e+00
5.646358489990234375e+00
5.700509071350097656e+00
5.497415065765380859e+00
5.576002120971679688e+00
5.461540699005126953e+00
5.544816017150878906e+00
5.609721660614013672e+00
5.545202732086181641e+00
5.759935379028320312e+00
5.504250526428222656e+00
5.646145343780517578e+00
5.533487796783447266e+00
5.583921432495117188e+00
5.625378131866455078e+00
5.641604423522949219e+00
5.717201709747314453e+00
5.649683952331542969e+00
5.643909454345703125e+00
5.673472881317138672e+00
5.522468566894531250e+00
5.606963157653808594e+00
5.497467517852783203e+00
5.620862007141113281e+00
5.670053005218505859e+00
5.694001674652099609e+00
5.539551258087158203e+00
5.541483879089355469e+00
5.535657882690429688e+00
5.653315544128417969e+00
5.652924537658691406e+00
5.569834709167480469e+00
5.525624275207519531e+00
5.501928329467773438e+00
5.665807723999023438e+00
5.478222370147705078e+00
5.512146472930908203e+00
5.573583602905273438e+00
5.656653881072998047e+00
5.585248470306396484e+00
5.519266605377197266e+00
5.533501625061035156e+00
5.627605438232421875e+00
5.509980201721191406e+00
5.540640354156494141e+00
5.558568477630615234e+00
5.617929458618164062e+00
5.537570476531982422e+00
5.565170288085937500e+00
5.619925022125244141e+00
5.668378829956054688e+00
5.447221279144287109e+00
5.569187164306640625e+00
5.547393798828125000e+00
5.579011440277099609e+00
5.568471908569335938e+00
5.630240440368652344e+00
5.738310337066650391e+00
5.545431613922119141e+00
5.616538047790527344e+00
5.529842376708984375e+00
5.551218032836914062e+00
5.717737197875976562e+00
5.719067573547363281e+00
5.520879745483398438e+00
5.648118019104003906e+00
5.590949058532714844e+00
5.510427474975585938e+00
5.596874237060546875e+00
5.521057128906250000e+00
5.557965755462646484e+00
5.560542583465576172e+00
5.622204303741455078e+00
5.606109619140625000e+00
5.553598403930664062e+00
5.551344394683837891e+00
5.527392864227294922e+00
5.650046348571777344e+00
5.580436229705810547e+00
