6.747777938842773438e+00
6.394739627838134766e+00
6.124741554260253906e+00
6.000907897949218750e+00
6.073873043060302734e+00
6.263659000396728516e+00
6.008871555328369141e+00
6.084431648254394531e+00
6.074421882629394531e+00
5.843123435974121094e+00
5.803917884826660156e+00
5.850821495056152344e+00
5.841243267059326172e+00
6.048295974731445312e+00
5.924808979034423828e+00
5.985525131225585938e+00
5.736254692077636719e+00
5.840415954589843750e+00
5.753165245056152344e+00
5.824383258819580078e+00
5.704711914062500000e+00
5.702983379364013672e+00
5.781428337097167969e+00
5.807760238647460938e+00
5.723097801208496094e+00
5.836522579193115234e+00
5.747037887573242188e+00
5.795133113861083984e+00
6.305622100830078125e+00
5.695707798004150391e+00
5.710416793823242188e+00
5.652683734893798828e+00
5.852156639099121094e+00
5.755937576293945312e+00
5.708450794219970703e+00
5.736784934997558594e+00
5.718392848968505859e+00
5.638013362884521484e+00
5.664268493652343750e+00
5.710784912109375000e+00
5.635718345642089844e+00
5.649867534637451172e+00
5.745801925659179688e+00
5.780762672424316406e+00
5.628676414489746094e+00
5.625224113464355469e+00
5.653757572174072266e+00
5.649968624114990234e+00
5.649087429046630859e+00
5.656948089599609375e+00
5.599956512451171875e+00
5.660379886627197266e+00
5.779419898986816406e+00
5.708030700683593750e+00
5.887420177459716797e+00
5.637866497039794922e+00
5.716104507446289062e+00
5.561572551727294922e+00
5.691390991210937500e+00
5.723024368286132812e+00
5.599030017852783203e+00
5.586624622344970703e+00
5.805046081542968750e+00
5.826748847961425781e+00
5.678518772125244141e+00
5.822811126708984375e+00
5.728754043579101562e+00
5.677091121673583984e+00
5.682861328125000000e+00
5.691638469696044922e+00
5.680456638336181641e+00
5.540105819702148438e+00
5.552083969116210938e+00
5.584519386291503906e+00
5.624675750732421875e+00
5.538105964660644531e+00
5.520036697387695312e+00
5.539821147918701172e+00
5.536126613616943359e+00
5.657436847686767578e+00
5.599454402923583984e+00
5.703241348266601562e+00
5.586801528930664062e+00
5.522800922393798828e+00
5.521633625030517578e+00
5.552153110504150391e+00
5.652945041656494141e+00
5.716439247131347656e+00
5.510777473449707031e+00
5.588356971740722656e+00
5.651211261749267578e+00
5.640559673309326172e+00
5.741146087646484375e+00
5.638142585754394531e+00
5.911030292510986328e+00
5.547472953796386719e+00
5.599724769592285156e+00
5.599960327148437500e+00
5.540012359619140625e+00
5.530845642089843750e+00
5.512921333312988281e+00
5.516895294189453125e+00
5.626105785369873047e+00
5.596145629882812500e+00
5.587565898895263672e+00
5.573308467864990234e+00
5.503299236297607422e+00
5.685340404510498047e+00
5.545949459075927734e+00
5.542508125305175781e+00
5.570303440093994141e+00
5.520423889160156250e+00
5.670883178710937500e+00
5.555303096771240234e+00
5.600915431976318359e+00
5.647647857666015625e+00
5.663055419921875000e+00
5.625140190124511719e+00
5.663952827453613281e+00
5.493131637573242188e+00
5.558137893676757812e+00
5.626929759979248047e+00
5.502711772918701172e+00
5.603506088256835938e+00
5.475651741027832031e+00
5.509672641754150391e+00
5.613896846771240234e+00
5.571407318115234375e+00
5.512775897979736328e+00
5.577279090881347656e+00
5.572381973266601562e+00
5.578432559967041016e+00
5.730566501617431641e+00
5.506751060485839844e+00
5.504011154174804688e+00
5.496634960174560547e+00
5.485017299652099609e+00
5.447112560272216797e+00
5.592282295227050781e+00
5.566173076629638672e+00
5.508414268493652344e+00
5.538828372955322266e+00
5.546587467193603516e+00
5.535279750823974609e+00
5.511963844299316406e+00
5.503539085388183594e+00
5.508412837982177734e+00
5.504610538482666016e+00
5.496185779571533203e+00
5.497997283935546875e+00
5.512494087219238281e+00
5.584858894348144531e+00
5.525738239288330078e+00
5.549124717712402344e+00
5.536669254302978516e+00
5.485132217407226562e+00
5.476781845092773438e+00
5.536449432373046875e+00
5.851290225982666016e+00
5.597579002380371094e+00
5.596304416656494141e+00
6.044807910919189453e+00
5.556054592132568359e+00
5.555970191955566406e+00
5.567736625671386719e+00
5.646864414215087891e+00
5.580937862396240234e+00
5.657433986663818359e+00
5.519106864929199219e+00
5.469534397125244141e+00
5.609202861785888672e+00
5.648089885711669922e+00
5.628293991088867188e+00
5.603700160980224609e+00
5.587826251983642578e+00
5.665375709533691406e+00
5.518536567687988281e+00
5.607132434844970703e+00
5.502747058868408203e+00
5.587605476379394531e+00
5.497087478637695312e+00
5.497350215911865234e+00
5.608923435211181641e+00
5.467919349670410156e+00
5.600798606872558594e+00
5.649417400360107422e+00
5.465983867645263672e+00
5.630568504333496094e+00
5.517592430114746094e+00
5.586829185485839844e+00
5.507616996765136719e+00
5.620441436767578125e+00
5.573384284973144531e+00
5.635092735290527344e+00
5.632445335388183594e+00
5.501500129699707031e+00
5.565773963928222656e+00
5.583630561828613281e+00
5.560929298400878906e+00
5.663205146789550781e+00
5.478071212768554688e+00
5.522838592529296875e+00
5.599009037017822266e+00
5.570860385894775391e+00
5.471893310546875000e+00
5.566321849822998047e+00
5.594750881195068359e+00
5.461276054382324219e+00
5.499673843383789062e+00
5.666909217834472656e+00
5.449922561645507812e+00
5.522688865661621094e+00
5.496446609497070312e+00
5.650919914245605469e+00
5.519681930541992188e+00
5.536923408508300781e+00
5.488857746124267578e+00
5.548195838928222656e+00
5.549738883972167969e+00
5.447633743286132812e+00
5.680766105651855469e+00
5.463155746459960938e+00
5.614404678344726562e+00
5.541406631469726562e+00
5.509104728698730469e+00
5.455325603485107422e+00
5.467865467071533203e+00
5.428164005279541016e+00
5.467380523681640625e+00
5.519738674163818359e+00
5.498270511627197266e+00
5.457797050476074219e+00
5.539712429046630859e+00
5.490685939788818359e+00
5.482662200927734375e+00
5.517972469329833984e+00
5.560225486755371094e+00
5.466335773468017578e+00
5.484370231628417969e+00
5.589940547943115234e+00
5.544188022613525391e+00
5.609292984008789062e+00
5.438033103942871094e+00
5.447258472442626953e+00
5.429994106292724609e+00
5.555907249450683594e+00
5.501615524291992188e+00
5.557666778564453125e+00
5.466474533081054688e+00
5.444739818572998047e+00
5.495530605316162109e+00
5.439759254455566406e+00
5.400385856628417969e+00
5.452401161193847656e+00
5.446204185485839844e+00
5.414506912231445312e+00
5.501746654510498047e+00
5.439861297607421875e+00
5.748773097991943359e+00
5.417228221893310547e+00
5.509980201721191406e+00
5.558359146118164062e+00
5.479225635528564453e+00
5.495218276977539062e+00
5.515002250671386719e+00
5.442396640777587891e+00
5.545254707336425781e+00
5.683739185333251953e+00
5.696475982666015625e+00
5.511343955993652344e+00
5.457607269287109375e+00
5.536627769470214844e+00
5.553251266479492188e+00
5.595956325531005859e+00
5.492273330688476562e+00
5.502041816711425781e+00
5.520388126373291016e+00
5.465995311737060547e+00
5.570394515991210938e+00
5.486012458801269531e+00
5.439238548278808594e+00
5.474618911743164062e+00
5.422734737396240234e+00
5.917297363281250000e+00
5.469389915466308594e+00
5.593081474304199219e+00
5.506039142608642578e+00
5.506709575653076172e+00
5.464426040649414062e+00
5.530699253082275391e+00
5.539145946502685547e+00
5.626315116882324219e+00
5.485752582550048828e+00
5.568543434143066406e+00
5.539968490600585938e+00
5.577951431274414062e+00
5.470139980316162109e+00
5.443883419036865234e+00
5.501982212066650391e+00
5.454183578491210938e+00
5.447057723999023438e+00
5.543378353118896484e+00
5.449875831604003906e+00
5.486821651458740234e+00
5.516193389892578125e+00
5.471673965454101562e+00
5.523474693298339844e+00
5.632842540740966797e+00
5.463824748992919922e+00
5.398166656494140625e+00
5.449638366699218750e+00
5.441905498504638672e+00
5.589689254760742188e+00
5.548487663269042969e+00
5.495912551879882812e+00
5.495402812957763672e+00
5.486609458923339844e+00
5.482847213745117188e+00
5.434673309326171875e+00
5.442604541778564453e+00
5.386466979980468750e+00
5.473073959350585938e+00
5.544957160949707031e+00
5.592497825622558594e+00
5.493790149688720703e+00
5.500645160675048828e+00
5.562095642089843750e+00
5.460580348968505859e+00
5.449778079986572266e+00
5.531705379486083984e+00
5.483841896057128906e+00
5.426743507385253906e+00
5.500116348266601562e+00
5.530625343322753906e+00
5.474494934082031250e+00
5.486188411712646484e+00
5.583312511444091797e+00
5.623425960540771484e+00
5.486276149749755859e+00
5.476228237152099609e+00
5.448911190032958984e+00
5.508310794830322266e+00
5.385755538940429688e+00
5.452155113220214844e+00
5.605280399322509766e+00
5.428693771362304688e+00
5.486541271209716797e+00
5.503450870513916016e+00
5.475346565246582031e+00
5.406686305999755859e+00
5.407785415649414062e+00
5.407670974731445312e+00
5.417519092559814453e+00
5.429234504699707031e+00
5.522179603576660156e+00
5.493756294250488281e+00
5.525806903839111328e+00
5.500543594360351562e+00
5.385095596313476562e+00
5.458554267883300781e+00
5.470651626586914062e+00
5.442795753479003906e+00
5.479022026062011719e+00
5.473288536071777344e+00
5.469713211059570312e+00
5.438238143920898438e+00
5.666749477386474609e+00
5.507015228271484375e+00
5.507143020629882812e+00
5.440177440643310547e+00
5.458570480346679688e+00
5.405817985534667969e+00
5.492419719696044922e+00
5.495482444763183594e+00
5.526013374328613281e+00
5.490456581115722656e+00
5.486702919006347656e+00
5.492653846740722656e+00
5.455272674560546875e+00
5.396384716033935547e+00
5.559860229492187500e+00
5.428192138671875000e+00
5.405368804931640625e+00
5.402034759521484375e+00
5.500833511352539062e+00
5.464578628540039062e+00
5.533266067504882812e+00
5.709578990936279297e+00
5.425571441650390625e+00
5.421944618225097656e+00
5.525730133056640625e+00
5.573751926422119141e+00
5.573951721191406250e+00
5.497475624084472656e+00
5.458774566650390625e+00
5.507785320281982422e+00
5.473321437835693359e+00
5.426421642303466797e+00
5.468719482421875000e+00
5.425675868988037109e+00
5.554325103759765625e+00
5.744223594665527344e+00
5.457244873046875000e+00
5.423085212707519531e+00
5.534029483795166016e+00
5.454671859741210938e+00
5.528252601623535156e+00
5.512247085571289062e+00
5.499677658081054688e+00
5.462341785430908203e+00
5.646809101104736328e+00
5.473272800445556641e+00
5.435566425323486328e+00
5.503413677215576172e+00
5.387213706970214844e+00
5.419491291046142578e+00
5.409506320953369141e+00
5.568273544311523438e+00
5.494983196258544922e+00
5.475589752197265625e+00
5.498889923095703125e+00
5.452530384063720703e+00
5.470022678375244141e+00
5.404117584228515625e+00
5.450544357299804688e+00
5.510713577270507812e+00
5.485165596008300781e+00
5.473035335540771484e+00
5.400501728057861328e+00
5.645110607147216797e+00
5.519408226013183594e+00
5.425237655639648438e+00
5.522257328033447266e+00
5.437640190124511719e+00
5.431876182556152344e+00
5.410325050354003906e+00
5.449508666992187500e+00
5.470971584320068359e+00
5.588109016418457031e+00
5.457129001617431641e+00
5.597777843475341797e+00
5.702583789825439453e+00
5.518852233886718750e+00
5.471436023712158203e+00
5.427548408508300781e+00
5.517339706420898438e+00
5.449182033538818359e+00
5.497326374053955078e+00
5.448440551757812500e+00
5.453452587127685547e+00
5.414111614227294922e+00
5.421921730041503906e+00
5.580096244812011719e+00
5.457397460937500000e+00
5.484252929687500000e+00
5.615888118743896484e+00
5.447710990905761719e+00
5.485750675201416016e+00
5.479805946350097656e+00
5.515926361083984375e+00
5.399641036987304688e+00
5.453345298767089844e+00
5.409095287322998047e+00
5.584028720855712891e+00
5.571190834045410156e+00
5.438172340393066406e+00
5.461073398590087891e+00
5.409728527069091797e+00
5.499383926391601562e+00
5.442728996276855469e+00
5.605855941772460938e+00
5.470082283020019531e+00
5.420189857482910156e+00
5.472925186157226562e+00
5.431922435760498047e+00
5.565949440002441406e+00
5.512923717498779297e+00
5.497671604156494141e+00
5.484751224517822266e+00
5.520260810852050781e+00
5.419324874877929688e+00
5.404928684234619141e+00
5.369399070739746094e+00
5.401680946350097656e+00
5.508586406707763672e+00
5.408569812774658203e+00
5.431406974792480469e+00
5.503260612487792969e+00
5.473355293273925781e+00
5.539209842681884766e+00
5.529965877532958984e+00
5.383397102355957031e+00
5.440201759338378906e+00
5.435385704040527344e+00
5.563708305358886719e+00
5.527448177337646484e+00
5.494787693023681641e+00
5.455405712127685547e+00
5.498933792114257812e+00
5.482214927673339844e+00
5.424613475799560547e+00
5.620090484619140625e+00
5.511766910552978516e+00
5.458279132843017578e+00
5.456933021545410156e+00
5.393366813659667969e+00
5.489839553833007812e+00
5.360503673553466797e+00
5.416267395019531250e+00
5.544239044189453125e+00
5.540353775024414062e+00
5.450164318084716797e+00
5.430643081665039062e+00
5.379093170166015625e+00
5.417259693145751953e+00
5.500601768493652344e+00
5.447424888610839844e+00
5.500010013580322266e+00
5.479218959808349609e+00
5.554930686950683594e+00
5.446103096008300781e+00
5.515546798706054688e+00
5.446249485015869141e+00
5.496313571929931641e+00
5.447136402130126953e+00
5.488588333129882812e+00
5.395371437072753906e+00
5.553258895874023438e+00
5.504793167114257812e+00
5.430247306823730469e+00
5.469219684600830078e+00
5.450519561767578125e+00
5.511292457580566406e+00
5.354588985443115234e+00
5.440996646881103516e+00
5.437817573547363281e+00
5.550167083740234375e+00
5.436570644378662109e+00
5.431037425994873047e+00
5.481484413146972656e+00
5.469336986541748047e+00
5.377014160156250000e+00
5.512067794799804688e+00
5.440775871276855469e+00
5.471847534179687500e+00
5.428444385528564453e+00
5.435528278350830078e+00
5.423697948455810547e+00
5.414992332458496094e+00
5.424456596374511719e+00
5.469332218170166016e+00
5.426300048828125000e+00
5.444284439086914062e+00
5.491845607757568359e+00
5.434647083282470703e+00
5.472724914550781250e+00
5.506961345672607422e+00
5.426549911499023438e+00
5.471685886383056641e+00
5.661324501037597656e+00
5.525229454040527344e+00
5.421533584594726562e+00
5.553105831146240234e+00
5.518383502960205078e+00
5.468454360961914062e+00
5.498087882995605469e+00
5.431741237640380859e+00
5.488699913024902344e+00
5.674702644348144531e+00
5.481981277465820312e+00
5.560042858123779297e+00
5.508428573608398438e+00
5.428075790405273438e+00
5.555046081542968750e+00
5.373132228851318359e+00
5.436596393585205078e+00
5.531888008117675781e+00
5.396862983703613281e+00
5.493768215179443359e+00
5.441974639892578125e+00
5.500598907470703125e+00
5.434520244598388672e+00
5.505543708801269531e+00
5.589464187622070312e+00
5.468333244323730469e+00
5.382565021514892578e+00
5.618439674377441406e+00
5.592440605163574219e+00
5.483016967773437500e+00
5.602999687194824219e+00
5.498606681823730469e+00
5.591615200042724609e+00
5.439054489135742188e+00
5.541323661804199219e+00
5.429348945617675781e+00
5.489588737487792969e+00
5.411378860473632812e+00
5.503720283508300781e+00
5.423545360565185547e+00
5.424841880798339844e+00
5.477181434631347656e+00
5.494985103607177734e+00
5.419772624969482422e+00
5.393612384796142578e+00
5.398132324218750000e+00
5.375854492187500000e+00
5.432796955108642578e+00
5.509524345397949219e+00
5.530454158782958984e+00
5.470018386840820312e+00
5.460391044616699219e+00
5.482377052307128906e+00
5.423648834228515625e+00
5.448278427124023438e+00
5.410312175750732422e+00
5.427672386169433594e+00
5.496988296508789062e+00
5.471987724304199219e+00
5.460030555725097656e+00
5.431179523468017578e+00
5.479807853698730469e+00
5.437592506408691406e+00
5.414722919464111328e+00
5.536824226379394531e+00
5.457577228546142578e+00
5.410108089447021484e+00
5.380696773529052734e+00
5.461855888366699219e+00
5.533679962158203125e+00
5.498763561248779297e+00
5.422952175140380859e+00
5.507946491241455078e+00
5.610618591308593750e+00
5.462742328643798828e+00
5.507961750030517578e+00
5.476567268371582031e+00
5.455179214477539062e+00
5.385921955108642578e+00
5.435479164123535156e+00
5.497576713562011719e+00
5.526265144348144531e+00
5.463994026184082031e+00
5.443881511688232422e+00
5.459286689758300781e+00
5.700200080871582031e+00
5.408591747283935547e+00
5.526041984558105469e+00
5.472375869750976562e+00
5.429657936096191406e+00
5.506994247436523438e+00
5.496170520782470703e+00
5.443737030029296875e+00
5.403371810913085938e+00
5.396815776824951172e+00
5.629193782806396484e+00
5.423110008239746094e+00
5.412632942199707031e+00
5.408923149108886719e+00
5.403625965118408203e+00
5.599065780639648438e+00
5.437325954437255859e+00
5.504084587097167969e+00
5.443432807922363281e+00
5.517268657684326172e+00
5.438408851623535156e+00
5.510915756225585938e+00
5.471538066864013672e+00
5.489227294921875000e+00
5.412031173706054688e+00
5.460076332092285156e+00
5.400533676147460938e+00
5.508033752441406250e+00
5.472376823425292969e+00
5.487836837768554688e+00
5.491074085235595703e+00
5.469986915588378906e+00
5.485956192016601562e+00
5.433065414428710938e+00
5.406617164611816406e+00
5.525973320007324219e+00
5.479484558105468750e+00
5.496445178985595703e+00
5.629196166992187500e+00
5.388192176818847656e+00
5.398025989532470703e+00
5.537457942962646484e+00
5.431065559387207031e+00
5.411870956420898438e+00
5.463760375976562500e+00
5.418843269348144531e+00
5.452157020568847656e+00
5.465539932250976562e+00
5.439775943756103516e+00
5.443812370300292969e+00
5.424815177917480469e+00
5.561523437500000000e+00
5.419797897338867188e+00
5.389382362365722656e+00
5.422195434570312500e+00
5.514341354370117188e+00
5.396196842193603516e+00
5.508847713470458984e+00
5.402510643005371094e+00
5.416391372680664062e+00
5.411610126495361328e+00
5.441830158233642578e+00
5.485259056091308594e+00
5.452377319335937500e+00
5.418567180633544922e+00
5.416786670684814453e+00
5.402577877044677734e+00
5.420096874237060547e+00
5.477671623229980469e+00
5.400806427001953125e+00
5.456915378570556641e+00
5.494791984558105469e+00
5.459460258483886719e+00
5.486800670623779297e+00
5.485736370086669922e+00
5.450947284698486328e+00
5.430030822753906250e+00
5.541263580322265625e+00
5.478880882263183594e+00
5.411547660827636719e+00
5.364476203918457031e+00
5.470764636993408203e+00
5.419586658477783203e+00
5.541189193725585938e+00
5.390166759490966797e+00
5.459174156188964844e+00
5.424800872802734375e+00
5.444861412048339844e+00
5.398675918579101562e+00
5.432780742645263672e+00
5.458341598510742188e+00
5.450613021850585938e+00
5.427180767059326172e+00
5.434033393859863281e+00
5.424520492553710938e+00
5.406416416168212891e+00
5.433349132537841797e+00
5.330697059631347656e+00
5.473814010620117188e+00
5.370417594909667969e+00
5.476007461547851562e+00
5.419449329376220703e+00
5.495972633361816406e+00
5.426125049591064453e+00
5.352643966674804688e+00
5.583725929260253906e+00
5.450110435485839844e+00
5.390628814697265625e+00
5.453254699707031250e+00
5.467339992523193359e+00
5.361541748046875000e+00
5.476425647735595703e+00
5.387775897979736328e+00
5.391950130462646484e+00
5.487249374389648438e+00
5.397756099700927734e+00
5.481368541717529297e+00
5.485265731811523438e+00
5.610807418823242188e+00
5.477903366088867188e+00
5.406364440917968750e+00
5.418954849243164062e+00
5.436560153961181641e+00
5.413726806640625000e+00
5.435340404510498047e+00
5.399803638458251953e+00
5.671012878417968750e+00
5.370196342468261719e+00
5.633101463317871094e+00
5.570632457733154297e+00
5.545627117156982422e+00
5.445488929748535156e+00
5.444183826446533203e+00
5.376006603240966797e+00
5.575070381164550781e+00
5.559191703796386719e+00
5.544569015502929688e+00
5.441009521484375000e+00
5.463382720947265625e+00
5.554403781890869141e+00
5.558124542236328125e+00
5.433197975158691406e+00
5.433811187744140625e+00
5.378030776977539062e+00
5.519759178161621094e+00
5.598857879638671875e+00
5.424060344696044922e+00
5.473569393157958984e+00
5.429544448852539062e+00
5.459301948547363281e+00
5.500963211059570312e+00
5.438394069671630859e+00
5.447583675384521484e+00
5.546472072601318359e+00
5.389901161193847656e+00
5.522175788879394531e+00
5.442477226257324219e+00
5.378979682922363281e+00
5.445423126220703125e+00
5.413785934448242188e+00
5.419332027435302734e+00
5.476070404052734375e+00
5.434926509857177734e+00
5.444510459899902344e+00
5.463355541229248047e+00
5.331045150756835938e+00
5.509759902954101562e+00
5.482877254486083984e+00
5.462941646575927734e+00
5.400759696960449219e+00
5.522020339965820312e+00
5.445569992065429688e+00
5.534602165222167969e+00
5.453205585479736328e+00
5.462231636047363281e+00
5.458184719085693359e+00
5.483029365539550781e+00
5.442643642425537109e+00
5.463638305664062500e+00
5.392380714416503906e+00
5.493861198425292969e+00
5.397704124450683594e+00
5.438055992126464844e+00
5.394944190979003906e+00
5.466372489929199219e+00
5.552821159362792969e+00
5.346064090728759766e+00
5.611894607543945312e+00
5.383339405059814453e+00
5.362980842590332031e+00
5.432090759277343750e+00
5.453634738922119141e+00
5.431744098663330078e+00
5.463718414306640625e+00
5.327674865722656250e+00
5.389462471008300781e+00
5.337252140045166016e+00
5.396729946136474609e+00
5.430696010589599609e+00
5.505927085876464844e+00
5.404126644134521484e+00
5.493527412414550781e+00
5.444050788879394531e+00
5.397751331329345703e+00
5.408971786499023438e+00
5.436784744262695312e+00
5.500767707824707031e+00
5.384952545166015625e+00
5.375519752502441406e+00
5.468289375305175781e+00
5.440531730651855469e+00
5.367964744567871094e+00
5.526316165924072266e+00
5.565083503723144531e+00
5.397916793823242188e+00
5.493056774139404297e+00
5.405314922332763672e+00
5.371361732482910156e+00
5.383980751037597656e+00
5.395241737365722656e+00
5.536212921142578125e+00
5.457766532897949219e+00
5.464000701904296875e+00
5.430861473083496094e+00
5.403884410858154297e+00
5.441609382629394531e+00
5.378278732299804688e+00
5.401997566223144531e+00
5.523494243621826172e+00
5.434710025787353516e+00
5.509903907775878906e+00
5.362171173095703125e+00
5.529449462890625000e+00
5.377636909484863281e+00
5.436736106872558594e+00
5.620581150054931641e+00
5.436227798461914062e+00
5.434333801269531250e+00
5.504435539245605469e+00
5.418638229370117188e+00
5.416789054870605469e+00
5.424838066101074219e+00
5.454432487487792969e+00
5.399343013763427734e+00
5.400897502899169922e+00
5.446390151977539062e+00
5.477763652801513672e+00
5.594224929809570312e+00
5.417498111724853516e+00
5.397033691406250000e+00
5.448947429656982422e+00
5.386445045471191406e+00
5.432786941528320312e+00
5.394471168518066406e+00
5.448761463165283203e+00
5.402048110961914062e+00
5.417164325714111328e+00
5.401817321777343750e+00
5.494375705718994141e+00
5.379491806030273438e+00
5.584607124328613281e+00
5.390628814697265625e+00
5.395346641540527344e+00
5.491847991943359375e+00
5.483116626739501953e+00
5.399511337280273438e+00
5.428458213806152344e+00
5.451386928558349609e+00
5.471508026123046875e+00
5.384016513824462891e+00
5.547802925109863281e+00
5.440016746520996094e+00
5.444572448730468750e+00
5.435337066650390625e+00
5.489323616027832031e+00
5.405330181121826172e+00
5.364020824432373047e+00
5.529578685760498047e+00
5.394974231719970703e+00
5.368822097778320312e+00
5.395771026611328125e+00
5.387704849243164062e+00
5.336625099182128906e+00
5.415172576904296875e+00
5.456845760345458984e+00
5.412171840667724609e+00
5.448885440826416016e+00
5.378024578094482422e+00
5.445911407470703125e+00
5.463354110717773438e+00
5.375433444976806641e+00
5.386634826660156250e+00
5.412627696990966797e+00
5.432080745697021484e+00
5.464912414550781250e+00
5.352144718170166016e+00
5.420057296752929688e+00
5.431896209716796875e+00
5.468783855438232422e+00
5.437607288360595703e+00
5.460430145263671875e+00
5.428853988647460938e+00
5.426491737365722656e+00
5.388178825378417969e+00
5.363973140716552734e+00
5.421178340911865234e+00
5.401276588439941406e+00
5.497076034545898438e+00
5.341117858886718750e+00
5.382187366485595703e+00
5.392253875732421875e+00
5.384513378143310547e+00
5.417018413543701172e+00
5.382811069488525391e+00
5.403068542480468750e+00
5.448929786682128906e+00
5.599483489990234375e+00
5.502368927001953125e+00
5.392542362213134766e+00
5.410811424255371094e+00
5.401600837707519531e+00
5.424843788146972656e+00
5.417324066162109375e+00
5.381449699401855469e+00
5.428694248199462891e+00
5.516680240631103516e+00
