6.872518539428710938e+00
6.801975727081298828e+00
6.693684101104736328e+00
6.618858337402343750e+00
6.548364639282226562e+00
6.547492027282714844e+00
6.509400844573974609e+00
6.664001464843750000e+00
6.454882144927978516e+00
6.440299510955810547e+00
6.475645065307617188e+00
6.356290817260742188e+00
6.367053985595703125e+00
6.294853210449218750e+00
6.416530132293701172e+00
6.388142108917236328e+00
6.336866378784179688e+00
6.431629657745361328e+00
6.354754447937011719e+00
6.302248954772949219e+00
6.367706775665283203e+00
6.309763908386230469e+00
6.300487518310546875e+00
6.323688983917236328e+00
6.368661880493164062e+00
6.312852382659912109e+00
6.274075508117675781e+00
6.292499542236328125e+00
6.254776477813720703e+00
6.247897148132324219e+00
6.280290126800537109e+00
6.200093746185302734e+00
6.236958503723144531e+00
6.286139488220214844e+00
6.191420555114746094e+00
6.214220523834228516e+00
6.222635269165039062e+00
6.113683700561523438e+00
6.256077766418457031e+00
6.189166069030761719e+00
6.313313007354736328e+00
6.236204624176025391e+00
6.291102409362792969e+00
6.467755317687988281e+00
6.222990512847900391e+00
6.204824447631835938e+00
6.314337730407714844e+00
6.261693477630615234e+00
6.141728878021240234e+00
6.208266735076904297e+00
6.297258377075195312e+00
6.101661682128906250e+00
6.178906440734863281e+00
6.184378147125244141e+00
6.161376476287841797e+00
6.143592357635498047e+00
6.226804733276367188e+00
6.168910980224609375e+00
6.189276695251464844e+00
6.112112998962402344e+00
6.240301609039306641e+00
6.128679275512695312e+00
6.124311923980712891e+00
6.241044044494628906e+00
6.108801841735839844e+00
6.215954780578613281e+00
6.081498146057128906e+00
6.143108367919921875e+00
6.184372901916503906e+00
6.071043014526367188e+00
6.126224994659423828e+00
6.103198051452636719e+00
6.082363128662109375e+00
6.115520000457763672e+00
6.190805435180664062e+00
6.107679367065429688e+00
6.038307189941406250e+00
6.117300987243652344e+00
6.202224254608154297e+00
6.385908603668212891e+00
6.150125980377197266e+00
6.290670394897460938e+00
6.276732444763183594e+00
6.209856510162353516e+00
6.129086494445800781e+00
6.218251228332519531e+00
6.095745086669921875e+00
6.094675064086914062e+00
6.309899806976318359e+00
6.084009170532226562e+00
6.148568630218505859e+00
6.085027694702148438e+00
6.191823482513427734e+00
6.064304351806640625e+00
6.132860183715820312e+00
6.007226943969726562e+00
6.058233261108398438e+00
6.257810592651367188e+00
6.222560405731201172e+00
6.165383338928222656e+00
6.076550483703613281e+00
6.000556945800781250e+00
6.115092754364013672e+00
6.145738601684570312e+00
6.162389755249023438e+00
6.133573532104492188e+00
6.149461269378662109e+00
6.085468292236328125e+00
5.981799125671386719e+00
6.011796951293945312e+00
6.214565277099609375e+00
6.195714950561523438e+00
6.051705360412597656e+00
6.243970394134521484e+00
6.042886257171630859e+00
6.091020107269287109e+00
6.187160015106201172e+00
6.061169624328613281e+00
5.997924804687500000e+00
6.091309070587158203e+00
6.115445613861083984e+00
6.230713367462158203e+00
5.987936973571777344e+00
6.139998435974121094e+00
5.966176033020019531e+00
6.101455211639404297e+00
6.078134536743164062e+00
6.142126083374023438e+00
6.242245197296142578e+00
6.065882682800292969e+00
6.145844459533691406e+00
6.101335525512695312e+00
6.203139781951904297e+00
6.156435966491699219e+00
5.988719940185546875e+00
6.121361255645751953e+00
6.097770214080810547e+00
6.049420833587646484e+00
6.058224678039550781e+00
6.057851791381835938e+00
6.069069385528564453e+00
6.015465736389160156e+00
6.057200908660888672e+00
5.965669155120849609e+00
6.063144683837890625e+00
6.032532215118408203e+00
6.078569412231445312e+00
6.036004543304443359e+00
6.083617687225341797e+00
6.383295059204101562e+00
5.977756023406982422e+00
6.168894767761230469e+00
6.010453701019287109e+00
6.009838104248046875e+00
6.133112430572509766e+00
5.984284877777099609e+00
6.025760650634765625e+00
6.135492324829101562e+00
6.142270088195800781e+00
6.119854450225830078e+00
6.177283287048339844e+00
6.092280387878417969e+00
6.021508216857910156e+00
6.114739418029785156e+00
6.063554286956787109e+00
6.130051612854003906e+00
6.067692756652832031e+00
6.064832687377929688e+00
6.050017833709716797e+00
6.191835403442382812e+00
6.153085231781005859e+00
6.018267154693603516e+00
6.169632911682128906e+00
6.047195434570312500e+00
6.034068584442138672e+00
6.030434608459472656e+00
5.994857788085937500e+00
5.943881034851074219e+00
6.141886711120605469e+00
6.097456932067871094e+00
6.204213142395019531e+00
6.163851261138916016e+00
6.085029602050781250e+00
6.039871215820312500e+00
6.100459098815917969e+00
6.169745922088623047e+00
6.052601814270019531e+00
6.091204166412353516e+00
6.237891197204589844e+00
6.061612129211425781e+00
6.050151824951171875e+00
6.216963291168212891e+00
6.083781242370605469e+00
6.066036701202392578e+00
6.169293403625488281e+00
6.089375972747802734e+00
6.157639026641845703e+00
6.080499649047851562e+00
6.092301368713378906e+00
5.950617313385009766e+00
6.030381679534912109e+00
5.918061256408691406e+00
6.087410449981689453e+00
5.993780612945556641e+00
6.020320415496826172e+00
6.140011787414550781e+00
5.957728385925292969e+00
6.029531955718994141e+00
6.176908493041992188e+00
6.122261047363281250e+00
5.970853805541992188e+00
6.029731273651123047e+00
5.962518215179443359e+00
5.912884712219238281e+00
5.989447116851806641e+00
6.205291748046875000e+00
6.067483901977539062e+00
5.990452766418457031e+00
6.176557064056396484e+00
6.027611732482910156e+00
6.063065052032470703e+00
6.187242507934570312e+00
5.963306903839111328e+00
5.983500957489013672e+00
5.989136695861816406e+00
5.993372440338134766e+00
6.019493103027343750e+00
6.158799171447753906e+00
5.945296287536621094e+00
6.020297527313232422e+00
6.073906421661376953e+00
6.118596553802490234e+00
6.000956535339355469e+00
5.957107543945312500e+00
6.166284561157226562e+00
6.073569774627685547e+00
5.967131614685058594e+00
6.028979301452636719e+00
5.956681728363037109e+00
5.993257045745849609e+00
6.149810791015625000e+00
6.056201934814453125e+00
6.006366729736328125e+00
5.990368843078613281e+00
5.949185371398925781e+00
6.148509979248046875e+00
5.985154628753662109e+00
5.903662204742431641e+00
6.028858184814453125e+00
6.068643093109130859e+00
6.004837989807128906e+00
5.952050209045410156e+00
5.998486995697021484e+00
6.033569335937500000e+00
6.003821372985839844e+00
5.947196960449218750e+00
5.926101684570312500e+00
6.071386337280273438e+00
5.985894203186035156e+00
6.020230293273925781e+00
5.900808811187744141e+00
6.113661766052246094e+00
5.906916141510009766e+00
6.079145431518554688e+00
6.087366104125976562e+00
5.993163108825683594e+00
6.195623397827148438e+00
6.098563194274902344e+00
5.955119132995605469e+00
5.998070716857910156e+00
5.996542453765869141e+00
5.996871948242187500e+00
6.182410717010498047e+00
6.048424720764160156e+00
6.057813167572021484e+00
6.179263114929199219e+00
6.274864196777343750e+00
6.083288192749023438e+00
6.044902801513671875e+00
5.988036155700683594e+00
6.026239871978759766e+00
6.065656661987304688e+00
6.010902881622314453e+00
6.032975196838378906e+00
6.051472187042236328e+00
5.980502128601074219e+00
5.973423957824707031e+00
6.008266448974609375e+00
6.136821746826171875e+00
6.022726058959960938e+00
5.970126628875732422e+00
5.879230022430419922e+00
6.062548160552978516e+00
6.090458393096923828e+00
5.890243530273437500e+00
5.967723846435546875e+00
6.144484519958496094e+00
6.124051094055175781e+00
6.102390766143798828e+00
6.037849426269531250e+00
6.091017723083496094e+00
6.057728290557861328e+00
6.092327594757080078e+00
5.947638511657714844e+00
6.070739269256591797e+00
5.995954990386962891e+00
5.815677165985107422e+00
6.057829380035400391e+00
6.001221656799316406e+00
5.892254829406738281e+00
5.883005142211914062e+00
5.965550899505615234e+00
6.093999385833740234e+00
6.110759258270263672e+00
6.076706886291503906e+00
6.013987064361572266e+00
6.075626850128173828e+00
5.961417675018310547e+00
5.957882881164550781e+00
5.994610786437988281e+00
5.953650474548339844e+00
6.165060043334960938e+00
5.963242530822753906e+00
5.962523460388183594e+00
6.264187335968017578e+00
5.974003314971923828e+00
6.158032417297363281e+00
5.962459087371826172e+00
5.977784156799316406e+00
6.222090244293212891e+00
5.920839786529541016e+00
5.980614185333251953e+00
6.043801307678222656e+00
6.015490531921386719e+00
6.014542579650878906e+00
6.043864250183105469e+00
6.045773029327392578e+00
5.952651500701904297e+00
6.017436027526855469e+00
6.044659137725830078e+00
5.893095493316650391e+00
5.963613510131835938e+00
5.893658638000488281e+00
6.137691020965576172e+00
5.977724552154541016e+00
5.982913494110107422e+00
5.903518676757812500e+00
6.014760971069335938e+00
6.218561172485351562e+00
5.854935646057128906e+00
5.966583251953125000e+00
6.038611412048339844e+00
5.971107959747314453e+00
6.027387619018554688e+00
6.192218780517578125e+00
6.018763542175292969e+00
5.937244415283203125e+00
6.043930053710937500e+00
6.018286228179931641e+00
6.008729934692382812e+00
6.026584148406982422e+00
6.011490821838378906e+00
5.894824504852294922e+00
5.977732658386230469e+00
6.095005035400390625e+00
5.887287616729736328e+00
5.979364395141601562e+00
6.090987205505371094e+00
6.015897750854492188e+00
5.930829524993896484e+00
5.891979217529296875e+00
5.922125339508056641e+00
6.169604778289794922e+00
5.991450309753417969e+00
6.007889270782470703e+00
5.938350677490234375e+00
5.915682315826416016e+00
6.048560142517089844e+00
5.858405113220214844e+00
5.856744289398193359e+00
6.061016082763671875e+00
6.115679740905761719e+00
6.146607398986816406e+00
5.887413501739501953e+00
6.003594875335693359e+00
5.978452682495117188e+00
6.060809135437011719e+00
6.114046096801757812e+00
6.071036338806152344e+00
6.065351963043212891e+00
5.937845230102539062e+00
6.111489772796630859e+00
6.002466201782226562e+00
5.905150413513183594e+00
5.920329093933105469e+00
6.077506065368652344e+00
6.052818298339843750e+00
6.018776893615722656e+00
5.888414382934570312e+00
5.879425048828125000e+00
6.193213462829589844e+00
6.012560367584228516e+00
5.959283828735351562e+00
5.966368675231933594e+00
6.122375965118408203e+00
5.950206756591796875e+00
6.029841899871826172e+00
6.030073642730712891e+00
6.006688117980957031e+00
5.875746726989746094e+00
5.873697280883789062e+00
5.908594608306884766e+00
5.980425834655761719e+00
5.980818271636962891e+00
5.917448043823242188e+00
5.968580245971679688e+00
5.979814052581787109e+00
5.846601963043212891e+00
5.931247711181640625e+00
6.031472206115722656e+00
5.948243141174316406e+00
5.942272186279296875e+00
5.988842487335205078e+00
5.912084579467773438e+00
5.929567337036132812e+00
6.188123703002929688e+00
6.070421218872070312e+00
6.010893344879150391e+00
5.962526798248291016e+00
5.953132629394531250e+00
5.937923431396484375e+00
5.928223609924316406e+00
5.977325439453125000e+00
5.971056461334228516e+00
5.879293918609619141e+00
5.852198123931884766e+00
5.924703598022460938e+00
6.028635501861572266e+00
6.104051113128662109e+00
5.898359298706054688e+00
6.002827644348144531e+00
5.983942031860351562e+00
5.970988273620605469e+00
5.940822124481201172e+00
5.874854087829589844e+00
6.014559268951416016e+00
5.889380455017089844e+00
5.953119277954101562e+00
5.954234123229980469e+00
5.990449428558349609e+00
5.878196239471435547e+00
6.186374664306640625e+00
6.008022308349609375e+00
5.859743118286132812e+00
6.057950496673583984e+00
6.083652496337890625e+00
5.988695144653320312e+00
5.878449916839599609e+00
5.975142955780029297e+00
5.935546875000000000e+00
5.857329368591308594e+00
5.934224605560302734e+00
5.994761943817138672e+00
6.036352157592773438e+00
6.015388011932373047e+00
6.012245655059814453e+00
5.956895351409912109e+00
5.966451168060302734e+00
6.061423778533935547e+00
5.936165809631347656e+00
6.169653415679931641e+00
6.041512012481689453e+00
5.959797859191894531e+00
5.929680824279785156e+00
5.940035820007324219e+00
5.946083545684814453e+00
5.920478820800781250e+00
5.974914550781250000e+00
5.940618515014648438e+00
5.941237926483154297e+00
5.903653144836425781e+00
6.168289184570312500e+00
5.822646141052246094e+00
6.076876163482666016e+00
6.010193824768066406e+00
5.855908393859863281e+00
6.070546150207519531e+00
5.916678428649902344e+00
5.951281070709228516e+00
6.026491165161132812e+00
5.921348094940185547e+00
5.989117622375488281e+00
6.071333885192871094e+00
6.098774909973144531e+00
6.074079513549804688e+00
6.008941173553466797e+00
5.994874000549316406e+00
5.967326164245605469e+00
6.006511211395263672e+00
6.049979686737060547e+00
5.963253974914550781e+00
5.989672183990478516e+00
5.978619098663330078e+00
5.947707176208496094e+00
5.933518409729003906e+00
5.999369621276855469e+00
5.886904716491699219e+00
6.148424148559570312e+00
5.995838165283203125e+00
5.864152431488037109e+00
6.019907951354980469e+00
6.056500911712646484e+00
5.896972656250000000e+00
5.913894653320312500e+00
5.990509986877441406e+00
5.888871192932128906e+00
5.952431678771972656e+00
6.013510704040527344e+00
5.825857162475585938e+00
5.926022052764892578e+00
6.086627006530761719e+00
5.972324848175048828e+00
5.957209110260009766e+00
5.997435569763183594e+00
5.953237533569335938e+00
5.954566955566406250e+00
5.978866100311279297e+00
5.860335826873779297e+00
5.845291137695312500e+00
5.938534736633300781e+00
6.035315990447998047e+00
5.960063934326171875e+00
5.942919254302978516e+00
5.935976982116699219e+00
5.972467899322509766e+00
5.993597984313964844e+00
6.065045833587646484e+00
5.907566070556640625e+00
5.983442306518554688e+00
5.887146949768066406e+00
5.940213203430175781e+00
5.942588329315185547e+00
5.832779884338378906e+00
5.921028614044189453e+00
5.974103927612304688e+00
5.963806152343750000e+00
5.978070259094238281e+00
5.852791786193847656e+00
6.007237434387207031e+00
6.085624694824218750e+00
5.908268451690673828e+00
5.936903953552246094e+00
5.940363883972167969e+00
6.165225982666015625e+00
5.964140892028808594e+00
5.912432193756103516e+00
5.920703887939453125e+00
5.932657241821289062e+00
5.872052192687988281e+00
5.982181549072265625e+00
5.921537399291992188e+00
5.916676998138427734e+00
5.931777000427246094e+00
5.903382301330566406e+00
6.033300399780273438e+00
5.950143814086914062e+00
5.963715076446533203e+00
5.896527290344238281e+00
5.878072261810302734e+00
5.969811916351318359e+00
5.987305641174316406e+00
5.915967464447021484e+00
5.884681701660156250e+00
5.907819271087646484e+00
5.850720405578613281e+00
5.949063301086425781e+00
6.066977500915527344e+00
5.884764194488525391e+00
6.004960060119628906e+00
5.877913951873779297e+00
5.827455997467041016e+00
5.788326740264892578e+00
5.950016975402832031e+00
5.905064582824707031e+00
5.964421272277832031e+00
5.966475963592529297e+00
5.895336151123046875e+00
5.992496967315673828e+00
5.914439201354980469e+00
5.932287693023681641e+00
5.830767631530761719e+00
6.127408027648925781e+00
5.895830154418945312e+00
5.943118095397949219e+00
5.963110446929931641e+00
6.062103748321533203e+00
6.030642509460449219e+00
5.953401565551757812e+00
5.868199348449707031e+00
5.850317955017089844e+00
5.959585666656494141e+00
5.833852767944335938e+00
5.926941871643066406e+00
6.136985778808593750e+00
5.975801467895507812e+00
5.923995971679687500e+00
6.060613155364990234e+00
5.924595832824707031e+00
6.002543926239013672e+00
5.847969055175781250e+00
5.936778068542480469e+00
5.967970848083496094e+00
5.981421470642089844e+00
5.953245162963867188e+00
5.912617683410644531e+00
5.988585472106933594e+00
5.996675968170166016e+00
5.980875015258789062e+00
5.940464496612548828e+00
5.844858169555664062e+00
5.981147766113281250e+00
5.957458496093750000e+00
6.030882835388183594e+00
5.978598117828369141e+00
6.025487422943115234e+00
5.970689773559570312e+00
5.925897598266601562e+00
5.954194545745849609e+00
5.942957401275634766e+00
5.910986900329589844e+00
5.854136466979980469e+00
5.945842742919921875e+00
5.961785316467285156e+00
5.848195075988769531e+00
6.032631874084472656e+00
6.020135402679443359e+00
5.986586093902587891e+00
5.950843334197998047e+00
6.109320163726806641e+00
5.981811523437500000e+00
6.026778697967529297e+00
5.934685707092285156e+00
5.930068016052246094e+00
6.018775939941406250e+00
5.887888431549072266e+00
6.009119987487792969e+00
5.921014785766601562e+00
5.911846637725830078e+00
6.167220115661621094e+00
6.110035419464111328e+00
5.987734317779541016e+00
6.134442329406738281e+00
6.069762229919433594e+00
6.050104141235351562e+00
5.928689956665039062e+00
5.932595252990722656e+00
6.029352188110351562e+00
5.965206146240234375e+00
5.892554283142089844e+00
6.020660877227783203e+00
5.930890083312988281e+00
6.039735317230224609e+00
5.948446273803710938e+00
6.163211345672607422e+00
5.925935745239257812e+00
5.991366386413574219e+00
5.924386501312255859e+00
5.942832469940185547e+00
6.007031440734863281e+00
6.065608024597167969e+00
5.957155704498291016e+00
5.904194831848144531e+00
6.004022598266601562e+00
6.035192489624023438e+00
5.974858283996582031e+00
5.887591838836669922e+00
6.000603675842285156e+00
5.898148059844970703e+00
5.820863723754882812e+00
5.977532386779785156e+00
6.082734584808349609e+00
5.934749603271484375e+00
5.876719951629638672e+00
5.976040840148925781e+00
5.835858821868896484e+00
6.000289916992187500e+00
6.003990173339843750e+00
5.895421028137207031e+00
5.979846000671386719e+00
5.932326793670654297e+00
5.957922935485839844e+00
5.893789291381835938e+00
5.894559860229492188e+00
5.935846805572509766e+00
5.879537105560302734e+00
5.929514884948730469e+00
5.928586006164550781e+00
5.834436416625976562e+00
5.875098228454589844e+00
6.008623123168945312e+00
5.974719047546386719e+00
5.985004901885986328e+00
5.906326770782470703e+00
5.982708930969238281e+00
5.926217555999755859e+00
5.934016227722167969e+00
5.994269847869873047e+00
5.845144271850585938e+00
6.061133861541748047e+00
6.109855175018310547e+00
5.881433010101318359e+00
5.912529945373535156e+00
5.975520133972167969e+00
6.011721611022949219e+00
6.036525249481201172e+00
5.864208221435546875e+00
5.937917709350585938e+00
5.816643714904785156e+00
5.987097263336181641e+00
5.998835086822509766e+00
6.110792160034179688e+00
5.846619606018066406e+00
5.872088909149169922e+00
5.857944965362548828e+00
5.850848197937011719e+00
6.004325389862060547e+00
5.868115425109863281e+00
5.844376087188720703e+00
5.845923423767089844e+00
5.911909103393554688e+00
5.840788841247558594e+00
5.988433361053466797e+00
5.999374389648437500e+00
5.928317070007324219e+00
5.862970352172851562e+00
5.880247592926025391e+00
5.918686866760253906e+00
5.968122482299804688e+00
5.890460491180419922e+00
5.935517787933349609e+00
5.870934486389160156e+00
5.839664459228515625e+00
5.982684135437011719e+00
5.944908618927001953e+00
6.059402465820312500e+00
5.931352138519287109e+00
5.914053916931152344e+00
5.930912971496582031e+00
6.027800559997558594e+00
5.918795585632324219e+00
5.899092197418212891e+00
6.050239086151123047e+00
5.894823074340820312e+00
6.059902191162109375e+00
5.891138076782226562e+00
5.845530509948730469e+00
5.943394184112548828e+00
5.941717624664306641e+00
5.891346931457519531e+00
5.892929553985595703e+00
5.841473579406738281e+00
5.918326854705810547e+00
5.850221633911132812e+00
5.977656364440917969e+00
5.857407569885253906e+00
5.939404010772705078e+00
5.966583251953125000e+00
5.862292289733886719e+00
5.905509948730468750e+00
6.126935005187988281e+00
5.991024494171142578e+00
6.060534477233886719e+00
5.878973007202148438e+00
5.975474357604980469e+00
5.992774963378906250e+00
5.981342315673828125e+00
5.915687561035156250e+00
5.907630920410156250e+00
5.992868900299072266e+00
5.866381168365478516e+00
5.868319988250732422e+00
5.824596405029296875e+00
5.904141426086425781e+00
5.865047931671142578e+00
5.873713493347167969e+00
6.009697914123535156e+00
6.001233577728271484e+00
5.822522163391113281e+00
5.988723278045654297e+00
5.831942558288574219e+00
5.907434463500976562e+00
5.939562797546386719e+00
6.296072483062744141e+00
5.993649482727050781e+00
5.884792804718017578e+00
6.049367427825927734e+00
5.805144309997558594e+00
5.915504455566406250e+00
5.841679573059082031e+00
5.948991775512695312e+00
5.976932525634765625e+00
5.999262809753417969e+00
5.998137474060058594e+00
6.011920928955078125e+00
5.960483551025390625e+00
5.906810760498046875e+00
5.897038459777832031e+00
6.026570320129394531e+00
5.921778678894042969e+00
5.961300373077392578e+00
5.964698791503906250e+00
5.975670337677001953e+00
6.014003276824951172e+00
5.943120956420898438e+00
5.897830486297607422e+00
5.788874626159667969e+00
6.011727333068847656e+00
5.970127582550048828e+00
6.176535606384277344e+00
5.914013385772705078e+00
5.755571365356445312e+00
5.878518581390380859e+00
5.909936904907226562e+00
6.141268730163574219e+00
5.876024723052978516e+00
5.984344482421875000e+00
5.828052043914794922e+00
6.131519317626953125e+00
6.019975185394287109e+00
5.957704544067382812e+00
5.911904811859130859e+00
6.052849292755126953e+00
5.946889877319335938e+00
5.968603134155273438e+00
5.919530391693115234e+00
6.003901481628417969e+00
5.774502754211425781e+00
5.894769191741943359e+00
5.924290180206298828e+00
5.948860645294189453e+00
6.004115104675292969e+00
5.846242427825927734e+00
5.855922222137451172e+00
5.924977779388427734e+00
5.898811340332031250e+00
5.974516868591308594e+00
5.987473487854003906e+00
5.877638816833496094e+00
5.997277736663818359e+00
5.852538108825683594e+00
5.953944206237792969e+00
5.930128097534179688e+00
5.862119197845458984e+00
5.956534385681152344e+00
5.945376873016357422e+00
5.895654678344726562e+00
6.057675361633300781e+00
6.009672164916992188e+00
5.925557136535644531e+00
5.955960750579833984e+00
5.961370468139648438e+00
6.025033473968505859e+00
5.896766662597656250e+00
6.024894714355468750e+00
5.985761642456054688e+00
6.107007980346679688e+00
5.898891448974609375e+00
5.890371322631835938e+00
5.935407638549804688e+00
5.880083560943603516e+00
5.890585899353027344e+00
5.912467002868652344e+00
5.909932136535644531e+00
5.832646846771240234e+00
5.982939243316650391e+00
6.067520141601562500e+00
5.825892925262451172e+00
5.971024036407470703e+00
5.913774967193603516e+00
6.145662784576416016e+00
6.052023887634277344e+00
5.831004619598388672e+00
5.913328170776367188e+00
5.890696048736572266e+00
5.879499435424804688e+00
5.962313652038574219e+00
5.948657512664794922e+00
5.897114276885986328e+00
5.893635272979736328e+00
5.951946258544921875e+00
5.939771175384521484e+00
5.993524551391601562e+00
5.994235992431640625e+00
5.961682319641113281e+00
6.095424175262451172e+00
5.924576759338378906e+00
5.980903148651123047e+00
5.983184337615966797e+00
5.974825382232666016e+00
6.040333271026611328e+00
6.016266822814941406e+00
5.793695449829101562e+00
5.973439216613769531e+00
5.771461486816406250e+00
5.819777965545654297e+00
5.857415199279785156e+00
5.974122524261474609e+00
5.888531684875488281e+00
5.843396663665771484e+00
5.958175182342529297e+00
5.913924694061279297e+00
5.839550971984863281e+00
5.969924926757812500e+00
5.956857681274414062e+00
5.896757125854492188e+00
5.844189167022705078e+00
5.838649749755859375e+00
5.979945182800292969e+00
5.937547206878662109e+00
6.106828689575195312e+00
5.843358993530273438e+00
5.936801433563232422e+00
5.810778617858886719e+00
5.907767295837402344e+00
5.847395420074462891e+00
5.837541580200195312e+00
6.069774627685546875e+00
5.991416454315185547e+00
5.883518695831298828e+00
5.927338600158691406e+00
5.898789405822753906e+00
6.115982055664062500e+00
5.948362350463867188e+00
5.995020866394042969e+00
5.927283763885498047e+00
5.907974720001220703e+00
5.880256652832031250e+00
5.909307003021240234e+00
5.867489337921142578e+00
5.875405788421630859e+00
5.903145790100097656e+00
5.808848857879638672e+00
5.824378490447998047e+00
5.939071655273437500e+00
5.884593963623046875e+00
5.836386203765869141e+00
5.887176036834716797e+00
5.920432090759277344e+00
6.008577346801757812e+00
6.038345813751220703e+00
6.036846160888671875e+00
5.902359485626220703e+00
5.921958446502685547e+00
5.824469089508056641e+00
5.931680202484130859e+00
6.033253669738769531e+00
5.995420455932617188e+00
5.991108894348144531e+00
5.851895332336425781e+00
5.806275844573974609e+00
5.808263301849365234e+00
5.800106525421142578e+00
5.911191463470458984e+00
5.858262538909912109e+00
5.943289756774902344e+00
5.867200851440429688e+00
5.971131801605224609e+00
5.851555824279785156e+00
5.845444679260253906e+00
5.923970222473144531e+00
