6.726270675659179688e+00
6.373758316040039062e+00
6.129395961761474609e+00
6.008566856384277344e+00
6.431664466857910156e+00
5.889809608459472656e+00
6.017597198486328125e+00
5.988541126251220703e+00
6.022292137145996094e+00
5.816715717315673828e+00
5.834960460662841797e+00
5.916362285614013672e+00
5.791813850402832031e+00
5.881917476654052734e+00
5.929906845092773438e+00
5.856369972229003906e+00
5.772587776184082031e+00
5.913574218750000000e+00
5.816781044006347656e+00
5.751008987426757812e+00
5.781710624694824219e+00
5.743924617767333984e+00
5.744586944580078125e+00
5.721319198608398438e+00
5.901883125305175781e+00
5.787471294403076172e+00
5.788994312286376953e+00
5.758019447326660156e+00
5.660354614257812500e+00
5.825049400329589844e+00
5.713225364685058594e+00
5.864842414855957031e+00
5.689661026000976562e+00
5.742057800292968750e+00
6.050199508666992188e+00
5.675446510314941406e+00
5.756643295288085938e+00
5.744335651397705078e+00
5.811093330383300781e+00
6.013717651367187500e+00
5.678493499755859375e+00
5.618108749389648438e+00
5.691904544830322266e+00
5.611855030059814453e+00
5.772428989410400391e+00
5.601771831512451172e+00
5.764846801757812500e+00
5.673226833343505859e+00
5.591877460479736328e+00
5.649285316467285156e+00
5.663600921630859375e+00
5.814388751983642578e+00
5.689538002014160156e+00
5.799030303955078125e+00
5.780681133270263672e+00
5.677147865295410156e+00
5.672969341278076172e+00
5.659317970275878906e+00
5.652949333190917969e+00
5.634659290313720703e+00
5.621898651123046875e+00
5.607437133789062500e+00
5.778697967529296875e+00
5.550469875335693359e+00
5.737058639526367188e+00
5.688256263732910156e+00
5.578144073486328125e+00
5.755858421325683594e+00
5.583658218383789062e+00
5.554568767547607422e+00
5.567796230316162109e+00
5.580947875976562500e+00
5.557669639587402344e+00
5.800383567810058594e+00
5.558053970336914062e+00
5.803610801696777344e+00
5.601476669311523438e+00
5.568903446197509766e+00
5.728180885314941406e+00
5.648836135864257812e+00
5.556466579437255859e+00
5.525670528411865234e+00
5.601646900177001953e+00
5.631407260894775391e+00
5.564640998840332031e+00
5.602737426757812500e+00
5.551229476928710938e+00
5.662727355957031250e+00
5.586311817169189453e+00
5.583209037780761719e+00
5.576533794403076172e+00
5.598428726196289062e+00
5.488389968872070312e+00
5.581762313842773438e+00
5.467874526977539062e+00
5.601564407348632812e+00
5.628052234649658203e+00
5.557666301727294922e+00
5.662273406982421875e+00
5.649836540222167969e+00
5.596057415008544922e+00
5.671980381011962891e+00
5.545641422271728516e+00
5.523994445800781250e+00
5.572565078735351562e+00
5.537379264831542969e+00
5.584651947021484375e+00
5.553572177886962891e+00
5.597894668579101562e+00
5.508998870849609375e+00
5.524182319641113281e+00
5.601404190063476562e+00
5.508003234863281250e+00
5.511519432067871094e+00
5.531899929046630859e+00
5.587445735931396484e+00
5.596261978149414062e+00
5.454757690429687500e+00
5.578144073486328125e+00
5.651141643524169922e+00
5.487074375152587891e+00
5.501683235168457031e+00
5.436620712280273438e+00
5.552751541137695312e+00
5.612693786621093750e+00
5.543509006500244141e+00
5.726687908172607422e+00
5.656641960144042969e+00
5.601474761962890625e+00
5.583740234375000000e+00
5.535077571868896484e+00
5.604854583740234375e+00
5.520662784576416016e+00
5.701459884643554688e+00
5.542337417602539062e+00
5.529735565185546875e+00
5.506754875183105469e+00
5.542281150817871094e+00
5.515153884887695312e+00
5.629332065582275391e+00
5.582547187805175781e+00
5.528089046478271484e+00
5.592377185821533203e+00
5.572544574737548828e+00
5.456105232238769531e+00
5.595621109008789062e+00
5.514401435852050781e+00
5.478585720062255859e+00
5.611108303070068359e+00
5.595052242279052734e+00
5.588280677795410156e+00
5.736796379089355469e+00
5.485046386718750000e+00
5.496842384338378906e+00
5.588573455810546875e+00
5.684004783630371094e+00
5.523743629455566406e+00
5.508584022521972656e+00
5.511510372161865234e+00
5.538241863250732422e+00
5.643117904663085938e+00
5.490606307983398438e+00
5.444995880126953125e+00
5.625548362731933594e+00
5.564461231231689453e+00
5.557849407196044922e+00
5.525704383850097656e+00
5.654297828674316406e+00
5.526250362396240234e+00
5.499326229095458984e+00
5.428867340087890625e+00
5.530855655670166016e+00
5.720582485198974609e+00
5.583178997039794922e+00
5.535748481750488281e+00
5.574096679687500000e+00
5.662886619567871094e+00
5.465372085571289062e+00
5.468963623046875000e+00
5.483052253723144531e+00
5.529306411743164062e+00
5.508224010467529297e+00
5.502085208892822266e+00
5.639424800872802734e+00
5.557629585266113281e+00
5.591365814208984375e+00
5.483781814575195312e+00
5.495299339294433594e+00
5.570169448852539062e+00
5.458549022674560547e+00
5.590346336364746094e+00
5.527069568634033203e+00
5.576260089874267578e+00
5.591520786285400391e+00
5.532289981842041016e+00
5.557718276977539062e+00
5.457041740417480469e+00
5.506298065185546875e+00
5.613915920257568359e+00
5.532863140106201172e+00
5.523877143859863281e+00
5.507327556610107422e+00
5.593880653381347656e+00
5.444129943847656250e+00
5.528851509094238281e+00
5.488795757293701172e+00
5.659044265747070312e+00
5.562500953674316406e+00
5.654829978942871094e+00
5.505911350250244141e+00
5.473914623260498047e+00
5.450308799743652344e+00
5.556276321411132812e+00
5.542945384979248047e+00
5.524913787841796875e+00
5.533983707427978516e+00
5.507576942443847656e+00
5.632694721221923828e+00
5.510033130645751953e+00
5.524194240570068359e+00
5.518169879913330078e+00
5.499603271484375000e+00
5.612869262695312500e+00
5.667029380798339844e+00
5.534202575683593750e+00
5.538877010345458984e+00
5.463040828704833984e+00
5.562607288360595703e+00
5.468771457672119141e+00
5.490605354309082031e+00
5.469999313354492188e+00
5.527711868286132812e+00
5.467520236968994141e+00
5.428636550903320312e+00
5.527724742889404297e+00
5.473216533660888672e+00
5.434531211853027344e+00
5.454204082489013672e+00
5.488202095031738281e+00
5.549260139465332031e+00
5.468638420104980469e+00
5.560253620147705078e+00
5.535760879516601562e+00
5.473494052886962891e+00
5.502505302429199219e+00
5.624656677246093750e+00
5.565496444702148438e+00
5.569858074188232422e+00
5.464704513549804688e+00
5.496452808380126953e+00
5.522881031036376953e+00
5.514966011047363281e+00
5.480464935302734375e+00
5.479025363922119141e+00
5.463601112365722656e+00
5.544391155242919922e+00
5.588500976562500000e+00
5.481542587280273438e+00
5.477952957153320312e+00
5.474569320678710938e+00
5.452603340148925781e+00
5.401820182800292969e+00
5.536087036132812500e+00
5.501689910888671875e+00
5.468220710754394531e+00
5.396278381347656250e+00
5.455752849578857422e+00
5.533562660217285156e+00
5.544209480285644531e+00
5.683116912841796875e+00
5.664139747619628906e+00
5.414504528045654297e+00
5.485477924346923828e+00
5.495205879211425781e+00
5.401947975158691406e+00
5.552927970886230469e+00
5.567393779754638672e+00
5.498575687408447266e+00
5.525441646575927734e+00
5.449122428894042969e+00
5.672292709350585938e+00
5.464316368103027344e+00
5.472543716430664062e+00
5.522025108337402344e+00
5.496893405914306641e+00
5.504520416259765625e+00
5.516205787658691406e+00
5.605854034423828125e+00
5.468513965606689453e+00
5.507639408111572266e+00
5.497698783874511719e+00
5.519964218139648438e+00
5.452964782714843750e+00
5.536399841308593750e+00
5.581893920898437500e+00
5.459106445312500000e+00
5.524252891540527344e+00
5.537574768066406250e+00
5.466672420501708984e+00
5.470879077911376953e+00
5.444183349609375000e+00
5.603381156921386719e+00
5.474942684173583984e+00
5.633832454681396484e+00
5.524085998535156250e+00
5.570102691650390625e+00
5.669937610626220703e+00
5.445525169372558594e+00
5.472126960754394531e+00
5.492681503295898438e+00
5.570214748382568359e+00
5.540985584259033203e+00
5.500958442687988281e+00
5.394397735595703125e+00
5.501190662384033203e+00
5.512763500213623047e+00
5.471521854400634766e+00
5.576888084411621094e+00
5.550455570220947266e+00
5.480873584747314453e+00
5.521974086761474609e+00
5.469556331634521484e+00
5.458742618560791016e+00
5.468588352203369141e+00
5.446600914001464844e+00
5.433943748474121094e+00
5.485569477081298828e+00
5.529744148254394531e+00
5.483017921447753906e+00
5.512637615203857422e+00
5.432777881622314453e+00
5.616077423095703125e+00
5.530542373657226562e+00
5.444274425506591797e+00
5.565117359161376953e+00
5.635122299194335938e+00
5.426327705383300781e+00
5.417102813720703125e+00
5.494589805603027344e+00
5.429218769073486328e+00
5.606976509094238281e+00
5.480208396911621094e+00
5.469293594360351562e+00
5.468634128570556641e+00
5.551956176757812500e+00
5.557185649871826172e+00
5.419188022613525391e+00
5.523685932159423828e+00
5.425884246826171875e+00
5.471100330352783203e+00
5.462527751922607422e+00
5.566814899444580078e+00
5.485142707824707031e+00
5.389109611511230469e+00
5.462961196899414062e+00
5.494212150573730469e+00
5.551023483276367188e+00
5.509348392486572266e+00
5.458868980407714844e+00
5.453529357910156250e+00
5.457829952239990234e+00
5.450134754180908203e+00
5.426257610321044922e+00
5.619068145751953125e+00
5.467407703399658203e+00
5.367757797241210938e+00
5.463228702545166016e+00
5.442429542541503906e+00
5.464579582214355469e+00
5.629487991333007812e+00
5.421566009521484375e+00
5.507324218750000000e+00
5.529558181762695312e+00
5.450729370117187500e+00
5.469581127166748047e+00
5.679046630859375000e+00
5.488151073455810547e+00
5.525205612182617188e+00
5.542654037475585938e+00
5.537021636962890625e+00
5.467971801757812500e+00
5.462400913238525391e+00
5.460649490356445312e+00
5.529077529907226562e+00
5.403895378112792969e+00
5.496602535247802734e+00
5.510914325714111328e+00
5.576957225799560547e+00
5.475114345550537109e+00
5.464677810668945312e+00
5.504657268524169922e+00
5.527261734008789062e+00
5.499577522277832031e+00
5.492646217346191406e+00
5.463811397552490234e+00
5.558951854705810547e+00
5.522708415985107422e+00
5.593011379241943359e+00
5.600502967834472656e+00
5.544575691223144531e+00
5.502990722656250000e+00
5.511535167694091797e+00
5.596806526184082031e+00
5.498685836791992188e+00
5.471514701843261719e+00
5.496795654296875000e+00
5.415591239929199219e+00
5.437784194946289062e+00
5.484196662902832031e+00
5.434015274047851562e+00
5.643961429595947266e+00
5.551950931549072266e+00
5.425176620483398438e+00
5.368812561035156250e+00
5.442194938659667969e+00
5.602288246154785156e+00
5.472924232482910156e+00
5.553080558776855469e+00
5.434642314910888672e+00
5.505321979522705078e+00
5.494972229003906250e+00
5.421267509460449219e+00
5.455379486083984375e+00
5.501068115234375000e+00
5.486388683319091797e+00
5.466821670532226562e+00
5.458903789520263672e+00
5.408358097076416016e+00
5.478791236877441406e+00
5.569944381713867188e+00
5.419589042663574219e+00
5.456789016723632812e+00
5.513779640197753906e+00
5.488797187805175781e+00
5.452749729156494141e+00
5.413036346435546875e+00
5.694787025451660156e+00
5.497536659240722656e+00
5.406103610992431641e+00
5.489597797393798828e+00
5.440721035003662109e+00
5.427547454833984375e+00
5.531105041503906250e+00
5.521694660186767578e+00
5.458835124969482422e+00
5.464373588562011719e+00
5.548626899719238281e+00
5.451668739318847656e+00
5.495964050292968750e+00
5.534136772155761719e+00
5.406030654907226562e+00
5.534400939941406250e+00
5.402091026306152344e+00
5.452833175659179688e+00
5.530230045318603516e+00
5.434535026550292969e+00
5.442369461059570312e+00
5.458641529083251953e+00
5.542785644531250000e+00
5.525577068328857422e+00
5.527660846710205078e+00
5.424359321594238281e+00
5.451551437377929688e+00
5.403795242309570312e+00
5.422363281250000000e+00
5.598481178283691406e+00
5.444345951080322266e+00
5.450413703918457031e+00
5.548755645751953125e+00
5.401926994323730469e+00
5.433602809906005859e+00
5.502530097961425781e+00
5.453522205352783203e+00
5.518355846405029297e+00
5.550135135650634766e+00
5.451346397399902344e+00
5.493047714233398438e+00
5.534451961517333984e+00
5.377058029174804688e+00
5.443746566772460938e+00
5.487224578857421875e+00
5.429741859436035156e+00
5.482745647430419922e+00
5.428949356079101562e+00
5.458756923675537109e+00
5.484825134277343750e+00
5.456640243530273438e+00
5.432379722595214844e+00
5.495175361633300781e+00
5.390974044799804688e+00
5.448871135711669922e+00
5.387174129486083984e+00
5.405835151672363281e+00
5.391642093658447266e+00
5.391315460205078125e+00
5.466278076171875000e+00
5.428811073303222656e+00
5.408745765686035156e+00
5.406875610351562500e+00
5.500394344329833984e+00
5.550468444824218750e+00
5.501399517059326172e+00
5.464458465576171875e+00
5.512385368347167969e+00
5.618671417236328125e+00
5.431506633758544922e+00
5.441044807434082031e+00
5.446579933166503906e+00
5.417780399322509766e+00
5.444902896881103516e+00
5.437357902526855469e+00
5.571272850036621094e+00
5.466612815856933594e+00
5.651257038116455078e+00
5.417915821075439453e+00
5.515038013458251953e+00
5.493245124816894531e+00
5.546487808227539062e+00
5.429732799530029297e+00
5.405085563659667969e+00
5.479932785034179688e+00
5.473573207855224609e+00
5.483914375305175781e+00
5.536502838134765625e+00
5.547053337097167969e+00
5.475145339965820312e+00
5.499893188476562500e+00
5.427190780639648438e+00
5.404889583587646484e+00
5.493639469146728516e+00
5.386229038238525391e+00
5.489849567413330078e+00
5.557338237762451172e+00
5.456936359405517578e+00
5.478087425231933594e+00
5.518676280975341797e+00
5.380671024322509766e+00
5.420922279357910156e+00
5.599019050598144531e+00
5.434162139892578125e+00
5.644679069519042969e+00
5.434956073760986328e+00
5.454037666320800781e+00
5.477889537811279297e+00
5.386338233947753906e+00
5.477721691131591797e+00
5.626539707183837891e+00
5.413803100585937500e+00
5.464561939239501953e+00
5.459992885589599609e+00
5.367466449737548828e+00
5.442951679229736328e+00
5.568043708801269531e+00
5.518909454345703125e+00
5.557393074035644531e+00
5.512102127075195312e+00
5.400882244110107422e+00
5.382955074310302734e+00
5.565394401550292969e+00
5.564367294311523438e+00
5.513036727905273438e+00
5.456414222717285156e+00
5.437856197357177734e+00
5.466999530792236328e+00
5.461606025695800781e+00
5.548693656921386719e+00
5.457974910736083984e+00
5.438850879669189453e+00
5.537425041198730469e+00
5.457496643066406250e+00
5.488979339599609375e+00
5.439441680908203125e+00
5.407137870788574219e+00
5.441971778869628906e+00
5.417140007019042969e+00
5.385191917419433594e+00
5.468774795532226562e+00
5.465937137603759766e+00
5.441676616668701172e+00
5.450173377990722656e+00
5.426676750183105469e+00
5.441548347473144531e+00
5.524333953857421875e+00
5.589288711547851562e+00
5.433341979980468750e+00
5.446839332580566406e+00
5.499495506286621094e+00
5.478145599365234375e+00
5.412390708923339844e+00
5.491334915161132812e+00
5.605018615722656250e+00
5.422903060913085938e+00
5.471669197082519531e+00
5.442254066467285156e+00
5.436146259307861328e+00
5.497044563293457031e+00
5.427428722381591797e+00
5.484777927398681641e+00
5.570226669311523438e+00
5.433965682983398438e+00
5.439599037170410156e+00
5.389339447021484375e+00
5.503620147705078125e+00
5.425875663757324219e+00
5.421455860137939453e+00
5.535700798034667969e+00
5.492655277252197266e+00
5.409627437591552734e+00
5.437913894653320312e+00
5.394660472869873047e+00
5.465190887451171875e+00
5.499643802642822266e+00
5.414416313171386719e+00
5.555675506591796875e+00
5.422442436218261719e+00
5.532670974731445312e+00
5.473402023315429688e+00
5.517468452453613281e+00
5.558095455169677734e+00
5.534626007080078125e+00
5.459910392761230469e+00
5.499782562255859375e+00
5.438165664672851562e+00
5.479697704315185547e+00
5.420098781585693359e+00
5.435304164886474609e+00
5.391207695007324219e+00
5.581616401672363281e+00
5.492952823638916016e+00
5.458656311035156250e+00
5.586406230926513672e+00
5.728866100311279297e+00
5.450418949127197266e+00
5.445259571075439453e+00
5.478880882263183594e+00
5.640688896179199219e+00
5.476129531860351562e+00
5.609129905700683594e+00
5.497581005096435547e+00
5.440801143646240234e+00
5.479254722595214844e+00
5.581097126007080078e+00
5.398823738098144531e+00
5.481471061706542969e+00
5.572204113006591797e+00
5.474276542663574219e+00
5.433537960052490234e+00
5.403265476226806641e+00
5.494301319122314453e+00
5.430134296417236328e+00
5.472937107086181641e+00
5.483723163604736328e+00
5.458881378173828125e+00
5.543138980865478516e+00
5.411393165588378906e+00
5.429246902465820312e+00
5.391934394836425781e+00
5.512202262878417969e+00
5.363002300262451172e+00
5.502231597900390625e+00
5.407524585723876953e+00
5.430996417999267578e+00
5.416743278503417969e+00
5.548409938812255859e+00
5.389602661132812500e+00
5.489976882934570312e+00
5.515088081359863281e+00
5.421195030212402344e+00
5.432048797607421875e+00
5.454222202301025391e+00
5.382840156555175781e+00
5.476334095001220703e+00
5.414503097534179688e+00
5.510224342346191406e+00
5.455203533172607422e+00
5.440299034118652344e+00
5.691439151763916016e+00
5.450732707977294922e+00
5.459650516510009766e+00
5.596609115600585938e+00
5.436404228210449219e+00
5.414130210876464844e+00
5.471138954162597656e+00
5.388842582702636719e+00
5.426156997680664062e+00
5.460030555725097656e+00
5.407685756683349609e+00
5.435903549194335938e+00
5.438257217407226562e+00
5.647787094116210938e+00
5.475498676300048828e+00
5.426778316497802734e+00
5.527401924133300781e+00
5.367608070373535156e+00
5.619178295135498047e+00
5.520267009735107422e+00
5.430383682250976562e+00
5.419787883758544922e+00
5.464252948760986328e+00
5.465578556060791016e+00
5.504874229431152344e+00
5.484031677246093750e+00
5.427685737609863281e+00
5.460498332977294922e+00
5.518867015838623047e+00
5.506958961486816406e+00
5.434165000915527344e+00
5.537155151367187500e+00
5.527290344238281250e+00
5.487479209899902344e+00
5.479443550109863281e+00
5.580692768096923828e+00
5.509143829345703125e+00
5.463786602020263672e+00
5.434451103210449219e+00
5.453331947326660156e+00
5.430176734924316406e+00
5.577511787414550781e+00
5.395243644714355469e+00
5.417778015136718750e+00
5.518282890319824219e+00
5.434954643249511719e+00
5.384705543518066406e+00
5.404460430145263672e+00
5.500129699707031250e+00
5.556551933288574219e+00
5.505418777465820312e+00
5.504937171936035156e+00
5.585877895355224609e+00
5.408431529998779297e+00
5.577420234680175781e+00
5.477668762207031250e+00
5.452461242675781250e+00
5.443736553192138672e+00
5.447319984436035156e+00
5.441189289093017578e+00
5.436468601226806641e+00
5.491971015930175781e+00
5.470726013183593750e+00
5.468905448913574219e+00
5.507720470428466797e+00
5.446766853332519531e+00
5.611303806304931641e+00
5.450526237487792969e+00
5.455456256866455078e+00
5.447951316833496094e+00
5.428800582885742188e+00
5.510972023010253906e+00
5.504194736480712891e+00
5.419371128082275391e+00
5.383542537689208984e+00
5.522394180297851562e+00
5.468524456024169922e+00
5.553374767303466797e+00
5.360033988952636719e+00
5.566833019256591797e+00
5.502273559570312500e+00
5.503498554229736328e+00
5.395815372467041016e+00
5.545686721801757812e+00
5.435271263122558594e+00
5.424510002136230469e+00
5.396871566772460938e+00
5.418581008911132812e+00
5.405083656311035156e+00
5.436056137084960938e+00
5.431317806243896484e+00
5.428703308105468750e+00
5.476960182189941406e+00
5.420102119445800781e+00
5.447052955627441406e+00
5.393112659454345703e+00
5.393523216247558594e+00
5.336147308349609375e+00
5.523106575012207031e+00
5.390629768371582031e+00
5.480429172515869141e+00
5.437868595123291016e+00
5.460883140563964844e+00
5.498995780944824219e+00
5.446672439575195312e+00
5.423755645751953125e+00
5.443156719207763672e+00
5.401986122131347656e+00
5.484227180480957031e+00
5.403375148773193359e+00
5.421495437622070312e+00
5.391419410705566406e+00
5.413279533386230469e+00
5.401255607604980469e+00
5.479257106781005859e+00
5.432661056518554688e+00
5.482941627502441406e+00
5.456655502319335938e+00
5.474162578582763672e+00
5.442273616790771484e+00
5.396828174591064453e+00
5.419385433197021484e+00
5.433549404144287109e+00
5.456532478332519531e+00
5.456025123596191406e+00
5.431480407714843750e+00
5.435027122497558594e+00
5.472873210906982422e+00
5.501449108123779297e+00
5.690441608428955078e+00
5.482224464416503906e+00
5.409159660339355469e+00
5.449650764465332031e+00
5.566536426544189453e+00
5.381825923919677734e+00
5.528532505035400391e+00
5.534056663513183594e+00
5.403566360473632812e+00
5.427748680114746094e+00
5.493525505065917969e+00
5.418200492858886719e+00
5.486107349395751953e+00
5.440174102783203125e+00
5.402623653411865234e+00
5.469599723815917969e+00
5.446069240570068359e+00
5.397696495056152344e+00
5.412897109985351562e+00
5.391448974609375000e+00
5.404183387756347656e+00
5.413163661956787109e+00
5.436985969543457031e+00
5.406636238098144531e+00
5.475675582885742188e+00
5.332161903381347656e+00
5.519165992736816406e+00
5.406614303588867188e+00
5.427795410156250000e+00
5.386306762695312500e+00
5.469383239746093750e+00
5.399914741516113281e+00
5.535541534423828125e+00
5.415125846862792969e+00
5.415990829467773438e+00
5.398043632507324219e+00
5.364486217498779297e+00
5.437006950378417969e+00
5.483952522277832031e+00
5.444254875183105469e+00
5.525031089782714844e+00
5.415646076202392578e+00
5.540519714355468750e+00
5.449018478393554688e+00
5.388930320739746094e+00
5.599682807922363281e+00
5.402500629425048828e+00
5.388257980346679688e+00
5.455539226531982422e+00
5.383165359497070312e+00
5.438584804534912109e+00
5.396169662475585938e+00
5.392655849456787109e+00
5.497287273406982422e+00
5.414384841918945312e+00
5.455442428588867188e+00
5.394739627838134766e+00
5.398859500885009766e+00
5.512366294860839844e+00
5.415047645568847656e+00
5.394618988037109375e+00
5.438391685485839844e+00
5.456918716430664062e+00
5.679929256439208984e+00
5.446442127227783203e+00
5.353901386260986328e+00
5.473771095275878906e+00
5.394993305206298828e+00
5.539623260498046875e+00
5.397430896759033203e+00
5.426046371459960938e+00
5.581420898437500000e+00
5.473300457000732422e+00
5.413622856140136719e+00
5.400344848632812500e+00
5.567253112792968750e+00
5.510683059692382812e+00
5.419921875000000000e+00
5.374593734741210938e+00
5.474103450775146484e+00
5.410626888275146484e+00
5.516836643218994141e+00
5.407859325408935547e+00
5.528960704803466797e+00
5.521955490112304688e+00
5.378777027130126953e+00
5.415462970733642578e+00
5.488295078277587891e+00
5.468832492828369141e+00
5.424499988555908203e+00
5.427042961120605469e+00
5.446843147277832031e+00
5.713629245758056641e+00
5.464867115020751953e+00
5.422605514526367188e+00
5.442947387695312500e+00
5.419135093688964844e+00
5.469578266143798828e+00
5.456803321838378906e+00
5.457203388214111328e+00
5.504936218261718750e+00
5.566539764404296875e+00
5.396126747131347656e+00
5.415129661560058594e+00
5.443233966827392578e+00
5.469485282897949219e+00
5.482306003570556641e+00
5.484419345855712891e+00
5.371276855468750000e+00
5.377416133880615234e+00
5.426927089691162109e+00
5.479815959930419922e+00
5.488695144653320312e+00
5.558296680450439453e+00
5.466004371643066406e+00
5.423778057098388672e+00
5.371948242187500000e+00
5.443662643432617188e+00
5.449472904205322266e+00
5.378944396972656250e+00
5.383422374725341797e+00
5.424842834472656250e+00
5.521850109100341797e+00
5.488502502441406250e+00
5.461911201477050781e+00
5.400217056274414062e+00
5.369565963745117188e+00
5.428997993469238281e+00
5.445059299468994141e+00
5.502510547637939453e+00
5.435185432434082031e+00
5.366715908050537109e+00
5.372383594512939453e+00
5.407766342163085938e+00
5.497185230255126953e+00
5.422529220581054688e+00
5.446344375610351562e+00
5.382619857788085938e+00
5.350542545318603516e+00
5.449252128601074219e+00
5.408194541931152344e+00
5.439590454101562500e+00
5.342758178710937500e+00
5.454449176788330078e+00
5.507958412170410156e+00
5.437814235687255859e+00
5.384245872497558594e+00
5.377539634704589844e+00
5.427808761596679688e+00
5.384911537170410156e+00
5.395020484924316406e+00
5.410248279571533203e+00
5.463442802429199219e+00
5.398648262023925781e+00
5.447348117828369141e+00
5.437150001525878906e+00
5.713187217712402344e+00
5.412592887878417969e+00
5.424921512603759766e+00
5.459572315216064453e+00
5.445529460906982422e+00
5.362422943115234375e+00
5.410739898681640625e+00
5.523816108703613281e+00
5.436338424682617188e+00
