6.815348625183105469e+00
6.614318370819091797e+00
6.391012191772460938e+00
6.354507446289062500e+00
6.471728801727294922e+00
6.131875038146972656e+00
6.140783309936523438e+00
6.243880271911621094e+00
6.175292491912841797e+00
6.075607776641845703e+00
6.039771080017089844e+00
6.188945293426513672e+00
6.258518218994140625e+00
6.040251731872558594e+00
6.035211563110351562e+00
6.208217620849609375e+00
5.986298084259033203e+00
6.107913494110107422e+00
6.011613845825195312e+00
6.046942234039306641e+00
5.980934619903564453e+00
5.949974536895751953e+00
6.048842430114746094e+00
5.994032859802246094e+00
5.985808372497558594e+00
5.963057518005371094e+00
6.007244586944580078e+00
6.011818885803222656e+00
5.936782360076904297e+00
6.033320426940917969e+00
5.889123439788818359e+00
5.962442398071289062e+00
5.854283809661865234e+00
5.845791339874267578e+00
5.943613052368164062e+00
5.876562595367431641e+00
5.850833415985107422e+00
6.172479629516601562e+00
5.851476192474365234e+00
5.849770545959472656e+00
5.960122108459472656e+00
5.924518585205078125e+00
5.835789680480957031e+00
5.971572875976562500e+00
5.888988018035888672e+00
5.785063266754150391e+00
5.806032180786132812e+00
5.933288574218750000e+00
5.900758743286132812e+00
5.908845901489257812e+00
5.873270034790039062e+00
6.241932868957519531e+00
5.862870216369628906e+00
5.730749130249023438e+00
5.848963737487792969e+00
5.756187438964843750e+00
5.870466232299804688e+00
5.822306632995605469e+00
5.712100505828857422e+00
5.804052829742431641e+00
5.774556636810302734e+00
5.894454956054687500e+00
5.818382740020751953e+00
5.880368232727050781e+00
5.869833946228027344e+00
5.825120925903320312e+00
5.875325679779052734e+00
5.806570053100585938e+00
5.827011585235595703e+00
5.781450271606445312e+00
5.825368404388427734e+00
5.785966873168945312e+00
5.827311038970947266e+00
5.855750560760498047e+00
5.738186836242675781e+00
5.704112529754638672e+00
6.045324802398681641e+00
5.807479858398437500e+00
5.660356521606445312e+00
5.766199588775634766e+00
5.934253692626953125e+00
5.877829551696777344e+00
5.955606460571289062e+00
5.829501152038574219e+00
5.782295227050781250e+00
5.852459430694580078e+00
5.929044723510742188e+00
5.818845272064208984e+00
5.799149513244628906e+00
5.705395698547363281e+00
5.691912651062011719e+00
5.841431617736816406e+00
5.872677326202392578e+00
5.732028961181640625e+00
5.858217239379882812e+00
5.741371154785156250e+00
5.779743194580078125e+00
5.665153980255126953e+00
5.714929580688476562e+00
5.752876758575439453e+00
5.841078281402587891e+00
5.785589694976806641e+00
5.722164154052734375e+00
5.954327106475830078e+00
5.814281463623046875e+00
5.735112667083740234e+00
5.756983757019042969e+00
5.667179107666015625e+00
5.809439659118652344e+00
5.708533287048339844e+00
5.637142181396484375e+00
5.741452693939208984e+00
5.872620582580566406e+00
5.830132007598876953e+00
5.710513114929199219e+00
5.854908943176269531e+00
5.816115379333496094e+00
5.723324775695800781e+00
5.700669765472412109e+00
5.703020095825195312e+00
5.680630683898925781e+00
5.653026580810546875e+00
5.740199565887451172e+00
5.849899768829345703e+00
5.668975353240966797e+00
5.685570716857910156e+00
5.727720260620117188e+00
5.828976154327392578e+00
5.864678859710693359e+00
5.721406936645507812e+00
5.799226760864257812e+00
5.837617874145507812e+00
5.878164291381835938e+00
5.840004444122314453e+00
5.792294025421142578e+00
5.894948482513427734e+00
5.664523124694824219e+00
5.728819847106933594e+00
5.585922718048095703e+00
5.793781280517578125e+00
5.812068462371826172e+00
5.686402320861816406e+00
5.729452133178710938e+00
5.685502529144287109e+00
5.824383735656738281e+00
5.694232463836669922e+00
5.755451202392578125e+00
5.696353912353515625e+00
5.665715217590332031e+00
5.886219978332519531e+00
5.713587760925292969e+00
5.629639625549316406e+00
5.672556400299072266e+00
5.615911006927490234e+00
5.657639503479003906e+00
5.774764060974121094e+00
5.863635540008544922e+00
5.783281803131103516e+00
5.727917671203613281e+00
5.820576190948486328e+00
5.725588798522949219e+00
5.725820064544677734e+00
5.847848892211914062e+00
5.671158313751220703e+00
5.855575084686279297e+00
5.645872592926025391e+00
5.673173904418945312e+00
5.657197952270507812e+00
5.793128490447998047e+00
5.700706481933593750e+00
5.746208190917968750e+00
5.796284675598144531e+00
5.662497997283935547e+00
5.676167488098144531e+00
5.783575057983398438e+00
5.660398483276367188e+00
5.776921272277832031e+00
5.594690322875976562e+00
5.756369113922119141e+00
5.652386665344238281e+00
5.662151336669921875e+00
5.654810905456542969e+00
5.673492908477783203e+00
5.672538757324218750e+00
5.650670051574707031e+00
5.558074474334716797e+00
5.627770900726318359e+00
5.599319458007812500e+00
5.625349998474121094e+00
5.670723915100097656e+00
5.681204319000244141e+00
5.595174789428710938e+00
5.734828948974609375e+00
5.702133178710937500e+00
5.783819675445556641e+00
5.589864730834960938e+00
5.696979522705078125e+00
5.615053176879882812e+00
5.609113693237304688e+00
5.634336948394775391e+00
5.583217144012451172e+00
5.610733985900878906e+00
5.586599826812744141e+00
5.544856071472167969e+00
5.678092956542968750e+00
5.864731311798095703e+00
5.703641414642333984e+00
5.722723007202148438e+00
5.701191902160644531e+00
5.653150081634521484e+00
5.652729988098144531e+00
5.603030204772949219e+00
5.619171142578125000e+00
5.598265647888183594e+00
5.667525768280029297e+00
5.717444419860839844e+00
5.599712371826171875e+00
5.621592998504638672e+00
5.646755695343017578e+00
5.702259540557861328e+00
5.698060512542724609e+00
5.584223270416259766e+00
5.592421054840087891e+00
5.717416763305664062e+00
5.718487739562988281e+00
5.669756889343261719e+00
5.636969566345214844e+00
5.923920154571533203e+00
5.618089675903320312e+00
5.979887962341308594e+00
5.661354541778564453e+00
5.586664199829101562e+00
5.676901340484619141e+00
5.671066284179687500e+00
5.559193611145019531e+00
5.687793731689453125e+00
5.587410449981689453e+00
5.688451766967773438e+00
5.664509773254394531e+00
5.757087707519531250e+00
5.550086975097656250e+00
5.636746883392333984e+00
5.585001945495605469e+00
5.613025188446044922e+00
5.582625865936279297e+00
5.644021034240722656e+00
5.644098758697509766e+00
5.834180831909179688e+00
5.646068572998046875e+00
5.646269798278808594e+00
5.660314083099365234e+00
5.640908241271972656e+00
5.633584499359130859e+00
5.637184619903564453e+00
5.973356246948242188e+00
5.605728626251220703e+00
5.601295948028564453e+00
5.675647735595703125e+00
5.577717781066894531e+00
5.681307792663574219e+00
5.723414897918701172e+00
5.643059730529785156e+00
5.630934238433837891e+00
5.608461380004882812e+00
5.593263626098632812e+00
5.654021739959716797e+00
5.660020828247070312e+00
5.559375762939453125e+00
6.041153907775878906e+00
5.616287708282470703e+00
5.637549877166748047e+00
5.701633453369140625e+00
5.785552024841308594e+00
5.741146564483642578e+00
5.621507644653320312e+00
5.655611991882324219e+00
5.584276199340820312e+00
5.630589962005615234e+00
5.607560157775878906e+00
5.697924137115478516e+00
5.675328254699707031e+00
5.607196331024169922e+00
5.614527702331542969e+00
5.613647460937500000e+00
5.694315910339355469e+00
5.700421333312988281e+00
5.616998195648193359e+00
5.557616710662841797e+00
5.766958713531494141e+00
5.566764354705810547e+00
5.735499858856201172e+00
5.680919647216796875e+00
5.734086036682128906e+00
5.598623275756835938e+00
5.624787330627441406e+00
5.810046195983886719e+00
5.640686035156250000e+00
5.595266342163085938e+00
5.725221633911132812e+00
5.663603782653808594e+00
5.758234500885009766e+00
5.654459476470947266e+00
5.785497665405273438e+00
5.623846054077148438e+00
5.828804969787597656e+00
5.655387401580810547e+00
5.719527721405029297e+00
5.605603218078613281e+00
5.558304786682128906e+00
5.779832363128662109e+00
5.695831775665283203e+00
5.689600944519042969e+00
5.812497138977050781e+00
5.572532176971435547e+00
5.751766681671142578e+00
5.675527572631835938e+00
5.723796844482421875e+00
5.582839965820312500e+00
5.572233200073242188e+00
5.659362792968750000e+00
5.715041160583496094e+00
5.657113075256347656e+00
5.671268463134765625e+00
5.687767982482910156e+00
5.564226150512695312e+00
5.611176967620849609e+00
5.697570323944091797e+00
5.625916481018066406e+00
5.555346965789794922e+00
5.648388862609863281e+00
5.591670989990234375e+00
5.685542106628417969e+00
5.662418842315673828e+00
5.634320259094238281e+00
5.736924171447753906e+00
5.685194969177246094e+00
5.545313835144042969e+00
5.706100940704345703e+00
5.687839984893798828e+00
5.601916790008544922e+00
5.597955703735351562e+00
5.631057262420654297e+00
5.835280418395996094e+00
5.655547142028808594e+00
5.585111141204833984e+00
5.705897331237792969e+00
5.696367263793945312e+00
5.593286037445068359e+00
5.551207065582275391e+00
5.611492156982421875e+00
5.727433204650878906e+00
5.745790004730224609e+00
5.574315071105957031e+00
5.846245288848876953e+00
5.556797504425048828e+00
5.634711742401123047e+00
5.684396743774414062e+00
5.983283996582031250e+00
5.618893146514892578e+00
5.692558765411376953e+00
5.716459751129150391e+00
5.607100009918212891e+00
5.533404827117919922e+00
5.575599670410156250e+00
5.698294639587402344e+00
5.570467948913574219e+00
5.671569347381591797e+00
5.604888916015625000e+00
5.731817245483398438e+00
5.975435256958007812e+00
5.727247238159179688e+00
5.692254066467285156e+00
5.786670207977294922e+00
5.666769027709960938e+00
5.630202293395996094e+00
5.539003372192382812e+00
5.565628528594970703e+00
5.707145214080810547e+00
5.663169860839843750e+00
5.626353740692138672e+00
5.686661243438720703e+00
5.729813575744628906e+00
5.629973411560058594e+00
5.721256732940673828e+00
5.647552013397216797e+00
5.662288665771484375e+00
5.687527656555175781e+00
5.591105937957763672e+00
5.502957344055175781e+00
5.701977252960205078e+00
5.561985015869140625e+00
5.571798801422119141e+00
5.503241062164306641e+00
5.811606884002685547e+00
5.513598442077636719e+00
5.739654541015625000e+00
5.637430191040039062e+00
5.597037315368652344e+00
5.703293800354003906e+00
5.541156291961669922e+00
5.726241111755371094e+00
5.641867637634277344e+00
5.545730590820312500e+00
5.629464626312255859e+00
5.640661239624023438e+00
5.817929267883300781e+00
5.599159240722656250e+00
5.641309261322021484e+00
5.676937103271484375e+00
5.598179817199707031e+00
5.545939445495605469e+00
5.582593917846679688e+00
5.555807113647460938e+00
5.577517509460449219e+00
5.605400085449218750e+00
5.595124244689941406e+00
5.663982391357421875e+00
5.643421173095703125e+00
5.897051334381103516e+00
5.628677368164062500e+00
5.754445075988769531e+00
5.652307987213134766e+00
5.579342365264892578e+00
5.744968414306640625e+00
5.551356315612792969e+00
5.700239181518554688e+00
5.584969520568847656e+00
5.545919895172119141e+00
5.682580947875976562e+00
5.618520736694335938e+00
5.639731407165527344e+00
5.703046798706054688e+00
5.536927223205566406e+00
5.614480972290039062e+00
5.795235157012939453e+00
5.588871002197265625e+00
5.666103363037109375e+00
5.611996173858642578e+00
5.655011177062988281e+00
5.569876194000244141e+00
5.625482082366943359e+00
5.680227279663085938e+00
5.531941890716552734e+00
5.604937553405761719e+00
5.497102260589599609e+00
5.695173263549804688e+00
5.568076610565185547e+00
5.562009334564208984e+00
5.622417449951171875e+00
5.861604690551757812e+00
5.548294067382812500e+00
5.548836708068847656e+00
5.509365081787109375e+00
5.577573776245117188e+00
5.768216133117675781e+00
5.579088687896728516e+00
5.633341789245605469e+00
5.558987140655517578e+00
5.726388931274414062e+00
5.554685592651367188e+00
5.504237174987792969e+00
5.549323081970214844e+00
5.601922035217285156e+00
5.562120914459228516e+00
5.644505500793457031e+00
5.542914390563964844e+00
5.610676288604736328e+00
5.792497158050537109e+00
5.617458820343017578e+00
5.545543670654296875e+00
5.515867233276367188e+00
5.648332118988037109e+00
5.680905342102050781e+00
5.652496337890625000e+00
5.599987030029296875e+00
5.571753025054931641e+00
5.569782257080078125e+00
5.672086715698242188e+00
5.548337936401367188e+00
5.564268112182617188e+00
5.570283889770507812e+00
5.560522079467773438e+00
5.782407760620117188e+00
5.648541450500488281e+00
5.637130260467529297e+00
5.642571449279785156e+00
5.536343574523925781e+00
5.568867206573486328e+00
5.519517898559570312e+00
5.493124485015869141e+00
5.516375541687011719e+00
5.682390213012695312e+00
5.577612876892089844e+00
5.668409824371337891e+00
5.633949279785156250e+00
5.579175472259521484e+00
5.567378044128417969e+00
5.564905643463134766e+00
5.585064888000488281e+00
5.639190196990966797e+00
5.640692234039306641e+00
5.674915790557861328e+00
5.552239418029785156e+00
5.552793502807617188e+00
5.798337459564208984e+00
5.540086746215820312e+00
5.519934654235839844e+00
5.572991847991943359e+00
5.523665428161621094e+00
5.619052886962890625e+00
5.562987804412841797e+00
5.673237323760986328e+00
5.646749973297119141e+00
5.628842353820800781e+00
5.572996139526367188e+00
5.641391754150390625e+00
5.670081138610839844e+00
5.611349582672119141e+00
5.593518257141113281e+00
5.660348415374755859e+00
5.614809513092041016e+00
5.586688041687011719e+00
5.738326072692871094e+00
5.626238346099853516e+00
5.575625896453857422e+00
5.530101776123046875e+00
5.576089859008789062e+00
5.713119029998779297e+00
5.605769634246826172e+00
5.728990554809570312e+00
5.573180198669433594e+00
5.566865921020507812e+00
5.619667530059814453e+00
5.589872360229492188e+00
5.607791423797607422e+00
5.664786338806152344e+00
5.551491260528564453e+00
5.621978759765625000e+00
5.527761936187744141e+00
5.576171875000000000e+00
5.531415462493896484e+00
5.645695686340332031e+00
5.651332378387451172e+00
5.660187721252441406e+00
5.553979873657226562e+00
5.643046379089355469e+00
5.586210727691650391e+00
5.574954032897949219e+00
5.684953212738037109e+00
5.684199810028076172e+00
5.624312877655029297e+00
5.587561130523681641e+00
5.595229148864746094e+00
5.765786170959472656e+00
5.822241783142089844e+00
5.590316295623779297e+00
5.474702835083007812e+00
5.689359188079833984e+00
5.541460514068603516e+00
5.700490474700927734e+00
5.604515552520751953e+00
5.606213569641113281e+00
5.567452430725097656e+00
5.748678207397460938e+00
5.554480075836181641e+00
5.582590103149414062e+00
5.531107425689697266e+00
5.585892200469970703e+00
5.562858581542968750e+00
5.510081291198730469e+00
5.492652893066406250e+00
5.585815429687500000e+00
5.481809616088867188e+00
5.577643871307373047e+00
5.636066436767578125e+00
5.563952922821044922e+00
5.590648651123046875e+00
5.488549232482910156e+00
5.498448371887207031e+00
5.526511669158935547e+00
5.580067157745361328e+00
5.619631767272949219e+00
5.549383163452148438e+00
5.568733692169189453e+00
5.668021678924560547e+00
5.539913177490234375e+00
5.492221832275390625e+00
5.618655681610107422e+00
5.655428886413574219e+00
5.554568290710449219e+00
5.613595962524414062e+00
5.668993473052978516e+00
5.549140930175781250e+00
5.485490322113037109e+00
5.556124210357666016e+00
5.567160606384277344e+00
5.668195724487304688e+00
5.591806411743164062e+00
5.567286968231201172e+00
5.543819427490234375e+00
5.557713508605957031e+00
5.567303180694580078e+00
5.527739048004150391e+00
5.809375286102294922e+00
5.573659896850585938e+00
5.540253162384033203e+00
5.526605606079101562e+00
5.607017517089843750e+00
5.590940952301025391e+00
5.632249832153320312e+00
5.580862998962402344e+00
5.487668991088867188e+00
5.536552906036376953e+00
5.571856498718261719e+00
5.640412807464599609e+00
5.616790294647216797e+00
5.567519664764404297e+00
5.569142818450927734e+00
5.675816535949707031e+00
5.488500595092773438e+00
5.541106700897216797e+00
5.626545906066894531e+00
5.545792102813720703e+00
5.753851890563964844e+00
5.653249740600585938e+00
5.571704864501953125e+00
5.557909488677978516e+00
5.627628326416015625e+00
5.624785423278808594e+00
5.585509300231933594e+00
5.519652843475341797e+00
5.529291152954101562e+00
5.547456264495849609e+00
5.799338817596435547e+00
5.589188575744628906e+00
5.451602935791015625e+00
5.438967704772949219e+00
5.523060798645019531e+00
5.638209819793701172e+00
5.597972869873046875e+00
5.526368618011474609e+00
5.538341999053955078e+00
5.765641689300537109e+00
5.589223861694335938e+00
5.589365482330322266e+00
5.572033882141113281e+00
5.617374897003173828e+00
5.835008621215820312e+00
5.646277427673339844e+00
5.646144390106201172e+00
5.507815837860107422e+00
5.659224987030029297e+00
5.616921901702880859e+00
5.818565368652343750e+00
5.644378662109375000e+00
5.582989215850830078e+00
5.681897163391113281e+00
5.553817272186279297e+00
5.586672782897949219e+00
5.514482975006103516e+00
5.605948925018310547e+00
5.516362190246582031e+00
5.600351333618164062e+00
5.560917377471923828e+00
5.609857559204101562e+00
5.541629314422607422e+00
5.614007949829101562e+00
5.612399101257324219e+00
5.644061088562011719e+00
5.539401054382324219e+00
5.561198711395263672e+00
5.580055236816406250e+00
5.603060245513916016e+00
5.633812904357910156e+00
5.547032356262207031e+00
5.557964801788330078e+00
5.538159847259521484e+00
5.627529144287109375e+00
5.497920036315917969e+00
5.568987369537353516e+00
5.579378128051757812e+00
5.605626106262207031e+00
5.529339313507080078e+00
5.461397171020507812e+00
5.716191291809082031e+00
5.628771781921386719e+00
5.553082942962646484e+00
5.544549942016601562e+00
5.661465644836425781e+00
5.581353187561035156e+00
5.571715354919433594e+00
5.483401298522949219e+00
5.539249420166015625e+00
5.580154895782470703e+00
5.627981662750244141e+00
5.661863803863525391e+00
5.497617244720458984e+00
5.549907207489013672e+00
5.833765029907226562e+00
5.756746292114257812e+00
5.562358856201171875e+00
5.520517349243164062e+00
5.576038360595703125e+00
5.603612899780273438e+00
5.535439968109130859e+00
5.647607326507568359e+00
5.518385887145996094e+00
5.644660949707031250e+00
5.451293945312500000e+00
5.600817680358886719e+00
5.604918479919433594e+00
5.581222534179687500e+00
5.474015235900878906e+00
5.501220703125000000e+00
5.558073520660400391e+00
5.494237899780273438e+00
5.533184051513671875e+00
5.606193065643310547e+00
5.589360237121582031e+00
5.639665126800537109e+00
5.537941932678222656e+00
5.567463397979736328e+00
5.780726432800292969e+00
5.603873252868652344e+00
5.710175514221191406e+00
5.523135185241699219e+00
5.553377151489257812e+00
5.515073299407958984e+00
5.499956130981445312e+00
5.500190258026123047e+00
5.595389366149902344e+00
5.617787837982177734e+00
5.720664501190185547e+00
5.677165031433105469e+00
5.501137733459472656e+00
5.531873703002929688e+00
5.586224079132080078e+00
5.656023979187011719e+00
5.553724765777587891e+00
5.658729553222656250e+00
5.564067363739013672e+00
5.640887260437011719e+00
5.512504577636718750e+00
5.564105510711669922e+00
5.566904067993164062e+00
5.670857429504394531e+00
5.473236083984375000e+00
5.559725284576416016e+00
5.529941558837890625e+00
5.532251358032226562e+00
5.647498130798339844e+00
5.576404094696044922e+00
5.518733024597167969e+00
5.535576343536376953e+00
5.558125495910644531e+00
5.506936550140380859e+00
5.525155544281005859e+00
5.618999004364013672e+00
5.512924671173095703e+00
5.496590137481689453e+00
5.590715408325195312e+00
5.536024093627929688e+00
5.557983398437500000e+00
5.542473316192626953e+00
5.639782428741455078e+00
5.505982398986816406e+00
5.536048889160156250e+00
5.521208763122558594e+00
5.544995784759521484e+00
5.555594921112060547e+00
5.558292865753173828e+00
5.665678977966308594e+00
5.634388923645019531e+00
5.591427803039550781e+00
5.457151889801025391e+00
5.629411697387695312e+00
5.612277507781982422e+00
5.546403884887695312e+00
5.680343627929687500e+00
5.515721797943115234e+00
5.530876159667968750e+00
5.487786293029785156e+00
5.491413593292236328e+00
5.540365695953369141e+00
5.576318740844726562e+00
5.523874759674072266e+00
5.695019721984863281e+00
5.548547744750976562e+00
5.554703712463378906e+00
5.532493114471435547e+00
5.499993801116943359e+00
5.475961685180664062e+00
5.559024333953857422e+00
5.586346626281738281e+00
5.639101028442382812e+00
5.540743827819824219e+00
5.609126091003417969e+00
5.616474628448486328e+00
5.717404842376708984e+00
5.577208995819091797e+00
5.642648220062255859e+00
5.589957237243652344e+00
5.609138488769531250e+00
5.579104423522949219e+00
5.623978614807128906e+00
5.513982772827148438e+00
5.522080898284912109e+00
5.509348869323730469e+00
5.604254722595214844e+00
5.679806709289550781e+00
5.672859191894531250e+00
5.556548595428466797e+00
5.556065559387207031e+00
5.550378799438476562e+00
5.610311031341552734e+00
5.736313819885253906e+00
5.594649314880371094e+00
5.632867813110351562e+00
5.549361705780029297e+00
5.528160572052001953e+00
5.609447002410888672e+00
5.494498729705810547e+00
5.628477096557617188e+00
5.539597511291503906e+00
5.592213153839111328e+00
5.509744167327880859e+00
5.504736423492431641e+00
5.671282768249511719e+00
5.575629234313964844e+00
5.489760398864746094e+00
5.579389095306396484e+00
5.662680625915527344e+00
5.642542362213134766e+00
5.516754627227783203e+00
5.530632972717285156e+00
5.472820281982421875e+00
5.580370903015136719e+00
5.578404426574707031e+00
5.474505424499511719e+00
5.497611522674560547e+00
5.743331432342529297e+00
5.517453193664550781e+00
5.599555015563964844e+00
5.593758583068847656e+00
5.542999267578125000e+00
5.516087532043457031e+00
5.640038013458251953e+00
5.637401103973388672e+00
5.626678943634033203e+00
5.530003547668457031e+00
5.463723182678222656e+00
5.661048412322998047e+00
5.593781471252441406e+00
5.575777053833007812e+00
5.602503299713134766e+00
5.712680339813232422e+00
5.566572666168212891e+00
5.662846088409423828e+00
5.609828948974609375e+00
5.553637981414794922e+00
5.658993244171142578e+00
5.516963958740234375e+00
5.548191547393798828e+00
5.563910484313964844e+00
5.461470127105712891e+00
5.519131183624267578e+00
5.506827354431152344e+00
5.465215682983398438e+00
5.629479408264160156e+00
5.496670246124267578e+00
5.560904026031494141e+00
5.543734550476074219e+00
5.561783313751220703e+00
5.493354320526123047e+00
5.575756072998046875e+00
5.583161830902099609e+00
5.504757881164550781e+00
5.501103401184082031e+00
5.669708728790283203e+00
5.680223941802978516e+00
5.620038032531738281e+00
5.449513912200927734e+00
5.583930015563964844e+00
5.471329689025878906e+00
5.578948974609375000e+00
5.580302238464355469e+00
5.542134284973144531e+00
5.508356571197509766e+00
5.756086349487304688e+00
5.488732814788818359e+00
5.577446460723876953e+00
5.513485431671142578e+00
5.597153186798095703e+00
5.507609367370605469e+00
5.471146583557128906e+00
5.503645896911621094e+00
5.483576297760009766e+00
5.726930141448974609e+00
5.612957000732421875e+00
5.508450984954833984e+00
5.567988395690917969e+00
5.556071281433105469e+00
5.541821002960205078e+00
5.573037147521972656e+00
5.655321598052978516e+00
5.501508712768554688e+00
5.468218326568603516e+00
5.556494712829589844e+00
5.518206596374511719e+00
5.614855289459228516e+00
5.707522392272949219e+00
5.539902210235595703e+00
5.534286975860595703e+00
5.522691726684570312e+00
5.579107761383056641e+00
5.547698974609375000e+00
5.618058204650878906e+00
5.450677394866943359e+00
5.662956237792968750e+00
5.527308464050292969e+00
5.470844268798828125e+00
5.488750457763671875e+00
5.526395797729492188e+00
5.474491596221923828e+00
5.611775398254394531e+00
5.845778465270996094e+00
5.497849464416503906e+00
5.519851684570312500e+00
5.526886940002441406e+00
5.517138957977294922e+00
5.561463356018066406e+00
5.498118400573730469e+00
5.583530426025390625e+00
5.532571792602539062e+00
5.553635597229003906e+00
5.560264587402343750e+00
5.632434368133544922e+00
5.614890098571777344e+00
5.508443355560302734e+00
5.618785858154296875e+00
5.683229923248291016e+00
5.486718177795410156e+00
5.494399070739746094e+00
5.493026256561279297e+00
5.596755027770996094e+00
5.550219058990478516e+00
5.570981979370117188e+00
5.614159107208251953e+00
5.502649307250976562e+00
5.644063949584960938e+00
5.581307411193847656e+00
5.491107940673828125e+00
5.540746212005615234e+00
5.553174495697021484e+00
5.506120681762695312e+00
5.616437911987304688e+00
5.599179267883300781e+00
5.523126125335693359e+00
5.545128345489501953e+00
5.506978511810302734e+00
5.587463378906250000e+00
5.598892211914062500e+00
5.573213577270507812e+00
5.494402885437011719e+00
5.543814659118652344e+00
5.522861957550048828e+00
5.500411033630371094e+00
5.492360115051269531e+00
5.588139533996582031e+00
5.489811897277832031e+00
