6.835009574890136719e+00
6.635280609130859375e+00
6.495845794677734375e+00
6.434910774230957031e+00
6.220529556274414062e+00
6.373529434204101562e+00
6.288901329040527344e+00
6.208472251892089844e+00
6.361412048339843750e+00
6.233009815216064453e+00
6.274575710296630859e+00
6.253510475158691406e+00
6.440359592437744141e+00
6.289478778839111328e+00
6.194112300872802734e+00
6.336963653564453125e+00
6.313265323638916016e+00
6.237993240356445312e+00
6.321887016296386719e+00
6.154672145843505859e+00
6.181777477264404297e+00
6.197903156280517578e+00
6.175047397613525391e+00
6.171797275543212891e+00
6.167053222656250000e+00
6.182419776916503906e+00
6.186604976654052734e+00
6.220097541809082031e+00
6.152320861816406250e+00
6.110984802246093750e+00
6.281568527221679688e+00
6.292909145355224609e+00
6.116244792938232422e+00
6.227439880371093750e+00
6.090783596038818359e+00
6.289620399475097656e+00
6.222222328186035156e+00
6.022245407104492188e+00
6.101153850555419922e+00
6.147225856781005859e+00
6.187454700469970703e+00
6.081731796264648438e+00
6.135442733764648438e+00
6.079504966735839844e+00
6.162378311157226562e+00
6.152631282806396484e+00
6.098644256591796875e+00
6.100326538085937500e+00
6.263046264648437500e+00
6.195358276367187500e+00
6.058047771453857422e+00
6.046003341674804688e+00
6.345240592956542969e+00
6.145010471343994141e+00
6.056035041809082031e+00
6.094906806945800781e+00
6.274116516113281250e+00
6.110314369201660156e+00
6.027670860290527344e+00
5.926723957061767578e+00
6.101149559020996094e+00
6.103041648864746094e+00
6.034132480621337891e+00
6.057976245880126953e+00
6.094318866729736328e+00
6.052866935729980469e+00
5.968048095703125000e+00
5.996606826782226562e+00
6.037319183349609375e+00
6.145532131195068359e+00
6.073507308959960938e+00
6.028638839721679688e+00
6.085886001586914062e+00
6.089106559753417969e+00
6.106895446777343750e+00
5.919081211090087891e+00
6.134097099304199219e+00
6.066901683807373047e+00
5.988458633422851562e+00
6.052445411682128906e+00
5.931468486785888672e+00
6.104540824890136719e+00
6.049074649810791016e+00
5.964852809906005859e+00
6.015912055969238281e+00
6.039546966552734375e+00
6.047511100769042969e+00
5.958064079284667969e+00
5.933097839355468750e+00
6.020664691925048828e+00
5.952200889587402344e+00
5.984287738800048828e+00
5.972075939178466797e+00
6.054448127746582031e+00
5.914137363433837891e+00
6.034555435180664062e+00
6.174671173095703125e+00
6.010779380798339844e+00
5.999619960784912109e+00
6.069779872894287109e+00
6.007324695587158203e+00
6.004996299743652344e+00
6.129556655883789062e+00
6.071725845336914062e+00
5.960376739501953125e+00
6.105904579162597656e+00
5.965460777282714844e+00
5.994202613830566406e+00
6.070746898651123047e+00
5.982475757598876953e+00
6.023661136627197266e+00
5.976863384246826172e+00
5.981192588806152344e+00
6.172339439392089844e+00
5.975244998931884766e+00
5.940701484680175781e+00
5.960769176483154297e+00
5.978441715240478516e+00
5.911438465118408203e+00
6.036452293395996094e+00
5.976520538330078125e+00
6.168725967407226562e+00
5.988390922546386719e+00
6.016962051391601562e+00
5.900602817535400391e+00
6.089133262634277344e+00
5.971518516540527344e+00
6.088668346405029297e+00
6.044822692871093750e+00
5.932115554809570312e+00
5.925741672515869141e+00
6.032993316650390625e+00
5.774029731750488281e+00
5.907303810119628906e+00
6.059512138366699219e+00
6.171124458312988281e+00
6.083189964294433594e+00
5.908492565155029297e+00
6.066669464111328125e+00
6.103329658508300781e+00
5.923563003540039062e+00
5.979087352752685547e+00
6.000327110290527344e+00
5.988442897796630859e+00
5.888827800750732422e+00
5.901473999023437500e+00
5.964390754699707031e+00
6.093929290771484375e+00
5.962846755981445312e+00
5.827641963958740234e+00
6.028264999389648438e+00
6.060342311859130859e+00
5.869459629058837891e+00
5.877536296844482422e+00
5.986342906951904297e+00
5.953965187072753906e+00
6.165457725524902344e+00
6.076873302459716797e+00
5.891219139099121094e+00
5.977925300598144531e+00
5.980664730072021484e+00
5.907897472381591797e+00
6.065084934234619141e+00
6.074756622314453125e+00
5.854856967926025391e+00
5.957387447357177734e+00
5.816232681274414062e+00
5.946134567260742188e+00
6.166756629943847656e+00
5.980412006378173828e+00
5.936049461364746094e+00
6.146910190582275391e+00
5.989759445190429688e+00
5.983736991882324219e+00
5.912396430969238281e+00
6.097743034362792969e+00
5.974544525146484375e+00
5.933842182159423828e+00
5.906271457672119141e+00
5.995533943176269531e+00
5.996746540069580078e+00
5.829711437225341797e+00
5.858304977416992188e+00
6.040256500244140625e+00
5.905560016632080078e+00
6.016306400299072266e+00
6.154232025146484375e+00
5.888626098632812500e+00
6.036309242248535156e+00
6.021643638610839844e+00
5.972907066345214844e+00
6.071205139160156250e+00
5.922469615936279297e+00
5.988401412963867188e+00
5.918593883514404297e+00
5.834069252014160156e+00
5.838969230651855469e+00
5.966380119323730469e+00
5.975735664367675781e+00
6.022226333618164062e+00
5.920454025268554688e+00
5.939045429229736328e+00
5.912509441375732422e+00
5.994306564331054688e+00
5.977437496185302734e+00
6.007702350616455078e+00
5.891860961914062500e+00
5.912248134613037109e+00
5.860028266906738281e+00
5.918897151947021484e+00
5.893494606018066406e+00
5.926064014434814453e+00
5.980214595794677734e+00
5.848452091217041016e+00
6.023412704467773438e+00
5.895347595214843750e+00
5.785087585449218750e+00
6.001460075378417969e+00
5.931322097778320312e+00
5.807765007019042969e+00
6.077265739440917969e+00
5.942273139953613281e+00
6.028692245483398438e+00
6.318042755126953125e+00
5.973601341247558594e+00
5.957701683044433594e+00
5.982156276702880859e+00
6.076203346252441406e+00
6.017437934875488281e+00
6.226696014404296875e+00
5.922156810760498047e+00
5.893981933593750000e+00
6.119241714477539062e+00
5.868463516235351562e+00
6.054799556732177734e+00
5.865540027618408203e+00
5.933514118194580078e+00
5.921117782592773438e+00
5.893185138702392578e+00
5.940506935119628906e+00
6.040671825408935547e+00
5.890972614288330078e+00
5.882817268371582031e+00
5.828472614288330078e+00
5.819751739501953125e+00
5.981307983398437500e+00
5.833503246307373047e+00
5.939565658569335938e+00
6.188076972961425781e+00
5.956759929656982422e+00
5.942259311676025391e+00
5.974809646606445312e+00
6.045989990234375000e+00
6.059047698974609375e+00
5.886084556579589844e+00
5.903604507446289062e+00
5.854718208312988281e+00
5.886449813842773438e+00
5.891543388366699219e+00
5.855366706848144531e+00
5.911989212036132812e+00
5.941396713256835938e+00
5.933895111083984375e+00
5.853274822235107422e+00
5.763114929199218750e+00
5.847660064697265625e+00
5.909972667694091797e+00
6.005592346191406250e+00
5.912862777709960938e+00
6.054938316345214844e+00
5.998955726623535156e+00
5.839088439941406250e+00
5.991714000701904297e+00
5.924750328063964844e+00
5.995248794555664062e+00
5.887148857116699219e+00
5.994987964630126953e+00
6.073011398315429688e+00
6.025850772857666016e+00
5.914101123809814453e+00
5.981308937072753906e+00
5.880606174468994141e+00
5.957114219665527344e+00
5.963516712188720703e+00
6.069727897644042969e+00
5.901178359985351562e+00
5.862861633300781250e+00
5.987135887145996094e+00
5.884138107299804688e+00
5.928745269775390625e+00
5.788029670715332031e+00
5.884802818298339844e+00
5.902422428131103516e+00
5.843436241149902344e+00
5.928511619567871094e+00
5.864972591400146484e+00
5.906482219696044922e+00
5.944537639617919922e+00
5.932647705078125000e+00
5.869779586791992188e+00
5.952158927917480469e+00
6.050746440887451172e+00
5.769850730895996094e+00
5.806118488311767578e+00
5.848838806152343750e+00
5.874030113220214844e+00
5.963550567626953125e+00
5.896489620208740234e+00
5.902908802032470703e+00
5.875477313995361328e+00
6.034360885620117188e+00
6.077632904052734375e+00
6.028382301330566406e+00
6.014396667480468750e+00
5.989713191986083984e+00
5.963603019714355469e+00
5.882006645202636719e+00
5.884209156036376953e+00
5.921600818634033203e+00
5.833831787109375000e+00
5.791318893432617188e+00
5.869670867919921875e+00
5.964397907257080078e+00
5.828504085540771484e+00
5.899518013000488281e+00
6.019912242889404297e+00
5.904920101165771484e+00
5.867064952850341797e+00
6.057007312774658203e+00
5.878793716430664062e+00
6.079081058502197266e+00
5.831525802612304688e+00
5.838768959045410156e+00
5.955027103424072266e+00
5.920126438140869141e+00
5.934681415557861328e+00
5.918579101562500000e+00
5.879354476928710938e+00
5.940724849700927734e+00
5.923988819122314453e+00
5.884869575500488281e+00
5.852749347686767578e+00
5.867316246032714844e+00
5.904481410980224609e+00
5.969645500183105469e+00
5.806992530822753906e+00
5.786849498748779297e+00
5.812315940856933594e+00
5.966162681579589844e+00
5.926884651184082031e+00
5.973635673522949219e+00
5.828021526336669922e+00
5.805831909179687500e+00
5.782120704650878906e+00
5.894208908081054688e+00
5.811879158020019531e+00
6.066281318664550781e+00
5.883720397949218750e+00
5.938396453857421875e+00
5.915035247802734375e+00
5.862050056457519531e+00
5.957114219665527344e+00
5.875004768371582031e+00
5.974874496459960938e+00
5.756225585937500000e+00
5.862971305847167969e+00
5.845360755920410156e+00
5.901402473449707031e+00
5.825650215148925781e+00
6.054427146911621094e+00
5.931844234466552734e+00
5.906180381774902344e+00
5.933538913726806641e+00
5.871658802032470703e+00
5.848493099212646484e+00
5.764904022216796875e+00
5.942718029022216797e+00
5.876417160034179688e+00
5.893295288085937500e+00
5.801223754882812500e+00
5.883316993713378906e+00
5.878383636474609375e+00
6.078615665435791016e+00
5.790033340454101562e+00
5.860984325408935547e+00
5.802019119262695312e+00
5.839929103851318359e+00
5.876139640808105469e+00
6.240314483642578125e+00
5.872923851013183594e+00
5.874613285064697266e+00
5.930869102478027344e+00
5.901891708374023438e+00
5.927781105041503906e+00
5.930281162261962891e+00
5.935671806335449219e+00
5.888125419616699219e+00
5.889096260070800781e+00
5.912272930145263672e+00
5.831304550170898438e+00
6.047174453735351562e+00
6.073348045349121094e+00
5.940639495849609375e+00
6.114652156829833984e+00
5.838111400604248047e+00
5.848312854766845703e+00
5.957754611968994141e+00
5.847475051879882812e+00
5.907186508178710938e+00
5.866760253906250000e+00
5.863638401031494141e+00
5.852085590362548828e+00
5.777986049652099609e+00
6.008778572082519531e+00
5.806571483612060547e+00
5.865067481994628906e+00
5.801431655883789062e+00
5.742750644683837891e+00
5.832931041717529297e+00
5.848532676696777344e+00
5.800501823425292969e+00
5.873827934265136719e+00
5.847739219665527344e+00
5.917210578918457031e+00
5.831124782562255859e+00
5.968624591827392578e+00
5.924304008483886719e+00
5.870848655700683594e+00
5.831248283386230469e+00
5.766689300537109375e+00
5.932446479797363281e+00
5.905210494995117188e+00
5.801227092742919922e+00
5.851716518402099609e+00
5.781372070312500000e+00
5.736477375030517578e+00
5.760523319244384766e+00
5.957705497741699219e+00
5.868920326232910156e+00
5.868350028991699219e+00
5.822517871856689453e+00
5.874140262603759766e+00
5.806448936462402344e+00
5.888708114624023438e+00
5.812873840332031250e+00
5.811715602874755859e+00
5.841867923736572266e+00
5.905481338500976562e+00
5.823904037475585938e+00
5.862687110900878906e+00
5.748740196228027344e+00
5.874433517456054688e+00
5.866169929504394531e+00
5.784095764160156250e+00
5.745396137237548828e+00
5.856387138366699219e+00
5.803546905517578125e+00
5.793808937072753906e+00
5.855916023254394531e+00
5.777583122253417969e+00
6.033588409423828125e+00
5.794925212860107422e+00
5.829990386962890625e+00
5.864451408386230469e+00
5.894804954528808594e+00
5.833229541778564453e+00
5.849601268768310547e+00
5.935985565185546875e+00
5.685398578643798828e+00
5.970255374908447266e+00
5.853607654571533203e+00
5.778676033020019531e+00
5.728750228881835938e+00
5.789144515991210938e+00
5.901767730712890625e+00
5.686750888824462891e+00
5.968801975250244141e+00
5.781334877014160156e+00
5.852931976318359375e+00
5.961720943450927734e+00
5.716918945312500000e+00
5.860249519348144531e+00
5.767153739929199219e+00
5.965338706970214844e+00
5.849848747253417969e+00
5.883710861206054688e+00
5.739595413208007812e+00
5.841894626617431641e+00
5.722709178924560547e+00
5.967180728912353516e+00
5.785686969757080078e+00
5.825870513916015625e+00
5.829734802246093750e+00
5.881269931793212891e+00
5.767854213714599609e+00
6.018490791320800781e+00
5.849116802215576172e+00
5.810754776000976562e+00
5.790459632873535156e+00
5.900085449218750000e+00
5.924168109893798828e+00
5.907175064086914062e+00
5.904628753662109375e+00
5.769400119781494141e+00
5.927196025848388672e+00
5.910235881805419922e+00
5.881621837615966797e+00
5.893429756164550781e+00
5.857820034027099609e+00
6.040263175964355469e+00
5.815567970275878906e+00
5.817360877990722656e+00
5.892703533172607422e+00
5.927994251251220703e+00
6.042843818664550781e+00
5.863887310028076172e+00
5.717748641967773438e+00
5.865759372711181641e+00
5.835875034332275391e+00
5.892289161682128906e+00
5.882079124450683594e+00
5.779445171356201172e+00
5.841118812561035156e+00
5.864343166351318359e+00
5.854125022888183594e+00
5.970540523529052734e+00
5.912934303283691406e+00
5.867764472961425781e+00
5.915913105010986328e+00
5.822740554809570312e+00
5.910765647888183594e+00
5.866355895996093750e+00
5.795628547668457031e+00
5.902985095977783203e+00
5.862204074859619141e+00
5.816754341125488281e+00
5.766600131988525391e+00
5.873020172119140625e+00
5.823827743530273438e+00
5.936676025390625000e+00
5.731906890869140625e+00
5.899611473083496094e+00
5.881478309631347656e+00
5.840312480926513672e+00
5.849693298339843750e+00
5.775169849395751953e+00
5.820848464965820312e+00
5.800707817077636719e+00
5.802302837371826172e+00
5.821483135223388672e+00
5.796896457672119141e+00
5.719600677490234375e+00
5.855198383331298828e+00
5.850386142730712891e+00
5.851329326629638672e+00
5.849973678588867188e+00
5.740772247314453125e+00
5.860556125640869141e+00
5.899088859558105469e+00
5.802762985229492188e+00
5.837736129760742188e+00
5.890302658081054688e+00
6.009328842163085938e+00
5.864068984985351562e+00
5.870564460754394531e+00
5.888154983520507812e+00
6.031335830688476562e+00
5.823675155639648438e+00
5.908601284027099609e+00
5.970521926879882812e+00
5.988433837890625000e+00
5.915128707885742188e+00
5.851263999938964844e+00
5.774453163146972656e+00
5.835666179656982422e+00
5.753835678100585938e+00
5.699453353881835938e+00
5.848761081695556641e+00
5.864727497100830078e+00
5.728975772857666016e+00
5.834282875061035156e+00
5.742055892944335938e+00
5.943519592285156250e+00
5.739419460296630859e+00
5.817788124084472656e+00
5.765868663787841797e+00
5.922339916229248047e+00
5.941982746124267578e+00
5.714665412902832031e+00
5.881431579589843750e+00
5.721031188964843750e+00
5.798208713531494141e+00
5.874248027801513672e+00
5.852774143218994141e+00
5.858077526092529297e+00
5.764517784118652344e+00
5.806502819061279297e+00
5.791116714477539062e+00
5.815245628356933594e+00
5.839587211608886719e+00
5.950901031494140625e+00
5.861123085021972656e+00
5.858506679534912109e+00
5.890281200408935547e+00
5.901396274566650391e+00
5.795535087585449219e+00
5.851080417633056641e+00
5.815041065216064453e+00
5.798441886901855469e+00
5.798638820648193359e+00
5.817391872406005859e+00
5.732720375061035156e+00
5.813766956329345703e+00
5.908987045288085938e+00
5.989505767822265625e+00
5.724771976470947266e+00
5.886043548583984375e+00
5.864670276641845703e+00
6.079401016235351562e+00
5.875449657440185547e+00
5.816792964935302734e+00
5.670822143554687500e+00
5.834367752075195312e+00
5.944103717803955078e+00
5.866213798522949219e+00
5.834609031677246094e+00
5.911232948303222656e+00
5.827238082885742188e+00
5.945454597473144531e+00
5.916738986968994141e+00
5.965649604797363281e+00
5.983823299407958984e+00
5.909537792205810547e+00
5.839321136474609375e+00
5.968328475952148438e+00
5.781397819519042969e+00
5.847533226013183594e+00
5.786483764648437500e+00
6.046329975128173828e+00
5.843135833740234375e+00
5.880784511566162109e+00
5.800201416015625000e+00
5.797480106353759766e+00
5.895047664642333984e+00
5.729704856872558594e+00
5.886640071868896484e+00
5.889921665191650391e+00
5.775307178497314453e+00
6.011239051818847656e+00
5.813330173492431641e+00
5.846478939056396484e+00
5.736967086791992188e+00
5.737102985382080078e+00
5.897454261779785156e+00
5.801742076873779297e+00
5.959586143493652344e+00
5.969158172607421875e+00
5.904702186584472656e+00
5.769216537475585938e+00
5.886896610260009766e+00
5.796086311340332031e+00
5.844097614288330078e+00
5.864842414855957031e+00
5.830054283142089844e+00
5.962540626525878906e+00
5.810334682464599609e+00
5.807869911193847656e+00
5.742834091186523438e+00
5.824277877807617188e+00
5.827658176422119141e+00
5.845827579498291016e+00
5.848223209381103516e+00
5.862915039062500000e+00
5.795753955841064453e+00
5.829132080078125000e+00
5.873609066009521484e+00
5.809366226196289062e+00
5.826548576354980469e+00
5.865847587585449219e+00
5.827897548675537109e+00
5.927617073059082031e+00
5.834952354431152344e+00
5.783983230590820312e+00
5.912092208862304688e+00
5.854185581207275391e+00
5.888272762298583984e+00
5.784258842468261719e+00
5.872914314270019531e+00
5.752320289611816406e+00
5.798843860626220703e+00
5.836895465850830078e+00
5.825882434844970703e+00
5.715303897857666016e+00
5.783540248870849609e+00
5.859310626983642578e+00
5.852635860443115234e+00
5.784958362579345703e+00
5.725603103637695312e+00
5.923782825469970703e+00
5.803244113922119141e+00
5.823230743408203125e+00
5.803938865661621094e+00
5.811594009399414062e+00
5.806479454040527344e+00
5.797203540802001953e+00
5.827884674072265625e+00
5.879549980163574219e+00
5.702045440673828125e+00
5.818893432617187500e+00
5.769836902618408203e+00
5.838379859924316406e+00
5.791762351989746094e+00
5.767387390136718750e+00
5.731204986572265625e+00
5.912893295288085938e+00
5.961718082427978516e+00
5.883523464202880859e+00
5.886560916900634766e+00
5.743347167968750000e+00
5.820409297943115234e+00
5.851973056793212891e+00
5.898339271545410156e+00
5.876123905181884766e+00
6.020761966705322266e+00
5.832956314086914062e+00
6.035420417785644531e+00
5.827703475952148438e+00
5.807945728302001953e+00
5.930483341217041016e+00
5.699310779571533203e+00
5.845262050628662109e+00
5.905570507049560547e+00
5.838976860046386719e+00
5.857746124267578125e+00
5.757040977478027344e+00
5.831486225128173828e+00
5.903625965118408203e+00
5.765410900115966797e+00
5.856237888336181641e+00
5.823338031768798828e+00
5.813058376312255859e+00
5.776307582855224609e+00
5.892722606658935547e+00
5.827322006225585938e+00
5.861097335815429688e+00
5.931159973144531250e+00
5.822432994842529297e+00
5.928452491760253906e+00
5.953661918640136719e+00
5.920319557189941406e+00
5.735851287841796875e+00
5.829874992370605469e+00
5.947916030883789062e+00
5.718757629394531250e+00
5.768819332122802734e+00
5.801244258880615234e+00
5.929378986358642578e+00
5.819171905517578125e+00
5.785669803619384766e+00
5.962203979492187500e+00
5.864655494689941406e+00
5.802346229553222656e+00
5.816914081573486328e+00
5.867423057556152344e+00
5.895750045776367188e+00
5.853703498840332031e+00
5.798740863800048828e+00
5.880972385406494141e+00
5.740464210510253906e+00
5.778295040130615234e+00
5.828993797302246094e+00
5.899367332458496094e+00
5.793091773986816406e+00
5.765165805816650391e+00
5.908849239349365234e+00
5.916207313537597656e+00
5.950983047485351562e+00
5.831362724304199219e+00
5.804198265075683594e+00
5.835298538208007812e+00
5.857305526733398438e+00
5.787564754486083984e+00
5.891016960144042969e+00
5.758885383605957031e+00
5.809638977050781250e+00
5.910345077514648438e+00
5.795694351196289062e+00
5.809645652770996094e+00
5.921179294586181641e+00
5.909715652465820312e+00
5.761137485504150391e+00
5.725500106811523438e+00
5.725553512573242188e+00
5.870597362518310547e+00
5.875162124633789062e+00
5.825316429138183594e+00
5.837262630462646484e+00
5.873342037200927734e+00
5.849473953247070312e+00
5.774581909179687500e+00
5.964606285095214844e+00
5.900473117828369141e+00
5.760088920593261719e+00
5.789224624633789062e+00
5.836484432220458984e+00
5.794699668884277344e+00
5.914960861206054688e+00
5.875857353210449219e+00
5.924769878387451172e+00
5.862075805664062500e+00
5.901197433471679688e+00
5.885051727294921875e+00
5.886262416839599609e+00
6.034963130950927734e+00
5.754331111907958984e+00
5.801914691925048828e+00
5.808259487152099609e+00
5.785550117492675781e+00
5.853263854980468750e+00
5.979055881500244141e+00
5.807224750518798828e+00
5.776818275451660156e+00
5.765664100646972656e+00
5.884778976440429688e+00
5.726517200469970703e+00
5.748006820678710938e+00
5.704837799072265625e+00
5.821564674377441406e+00
5.901061058044433594e+00
5.891089439392089844e+00
5.870489597320556641e+00
5.915943622589111328e+00
5.869453430175781250e+00
5.774816989898681641e+00
5.731687545776367188e+00
5.791909694671630859e+00
5.755696296691894531e+00
5.680162906646728516e+00
5.797352790832519531e+00
5.942885398864746094e+00
5.887647628784179688e+00
5.747497081756591797e+00
5.873460292816162109e+00
5.738770484924316406e+00
5.980259895324707031e+00
5.872610569000244141e+00
5.840577125549316406e+00
5.986761093139648438e+00
5.800247192382812500e+00
5.809063434600830078e+00
5.812958717346191406e+00
5.811498641967773438e+00
5.792819976806640625e+00
5.920745372772216797e+00
5.841405391693115234e+00
5.777714729309082031e+00
5.861409664154052734e+00
5.727565765380859375e+00
5.884999752044677734e+00
5.691888809204101562e+00
5.796361923217773438e+00
5.764805793762207031e+00
5.668730735778808594e+00
5.825848579406738281e+00
5.806035518646240234e+00
5.713866710662841797e+00
5.730372905731201172e+00
5.838883399963378906e+00
5.779350757598876953e+00
5.925141334533691406e+00
5.807197093963623047e+00
5.901345252990722656e+00
5.809982299804687500e+00
5.911650657653808594e+00
5.823533058166503906e+00
6.048042297363281250e+00
5.815186977386474609e+00
5.822957038879394531e+00
5.879362583160400391e+00
5.879068374633789062e+00
5.868601322174072266e+00
5.777170181274414062e+00
5.771585464477539062e+00
5.716410160064697266e+00
5.804906845092773438e+00
5.757992744445800781e+00
5.741266727447509766e+00
5.844808578491210938e+00
5.837024688720703125e+00
5.715917110443115234e+00
5.943515777587890625e+00
5.741472721099853516e+00
5.807722091674804688e+00
5.924993515014648438e+00
5.778666019439697266e+00
5.808470249176025391e+00
5.743431091308593750e+00
5.798032283782958984e+00
5.714758872985839844e+00
5.747061729431152344e+00
5.841979503631591797e+00
5.740869045257568359e+00
5.990094661712646484e+00
5.739317893981933594e+00
5.756649971008300781e+00
5.727277755737304688e+00
5.884232521057128906e+00
5.735032558441162109e+00
5.761870384216308594e+00
5.707426071166992188e+00
5.872640609741210938e+00
5.711543083190917969e+00
5.835814952850341797e+00
5.717426300048828125e+00
5.947721481323242188e+00
5.798578739166259766e+00
5.792829513549804688e+00
5.781660556793212891e+00
5.866091251373291016e+00
5.827199459075927734e+00
5.837410926818847656e+00
5.875133037567138672e+00
5.801430702209472656e+00
5.803200721740722656e+00
5.709963321685791016e+00
5.690504074096679688e+00
5.727844238281250000e+00
5.911787986755371094e+00
5.849775314331054688e+00
6.088547706604003906e+00
5.738649368286132812e+00
5.817972183227539062e+00
5.807706356048583984e+00
5.824715614318847656e+00
5.731295108795166016e+00
5.772505760192871094e+00
5.792144775390625000e+00
5.861777305603027344e+00
5.730876922607421875e+00
5.779055595397949219e+00
5.802508831024169922e+00
5.745579719543457031e+00
5.824743747711181641e+00
6.000904560089111328e+00
5.699029445648193359e+00
5.712768077850341797e+00
5.782607078552246094e+00
5.774170875549316406e+00
5.815455436706542969e+00
5.794118881225585938e+00
5.951733112335205078e+00
5.766505718231201172e+00
5.775557994842529297e+00
5.912909984588623047e+00
5.917807102203369141e+00
5.902241230010986328e+00
5.710192680358886719e+00
5.731333255767822266e+00
5.755645275115966797e+00
5.766691684722900391e+00
5.843557357788085938e+00
5.888199806213378906e+00
5.826343536376953125e+00
5.712502479553222656e+00
5.771039009094238281e+00
5.877172470092773438e+00
5.734436035156250000e+00
5.864490032196044922e+00
5.842757225036621094e+00
5.717438220977783203e+00
