6.876191139221191406e+00
6.758377552032470703e+00
6.572393417358398438e+00
6.547203540802001953e+00
6.387576103210449219e+00
6.389010429382324219e+00
6.657270908355712891e+00
6.286082267761230469e+00
6.334551811218261719e+00
6.275013446807861328e+00
6.289359092712402344e+00
6.287746906280517578e+00
6.216810703277587891e+00
6.262603282928466797e+00
6.333528518676757812e+00
6.263203144073486328e+00
6.181436538696289062e+00
6.164830207824707031e+00
6.222201347351074219e+00
6.220416069030761719e+00
6.231745719909667969e+00
6.162889480590820312e+00
6.258844375610351562e+00
6.173635959625244141e+00
6.113840103149414062e+00
6.072008609771728516e+00
6.232733726501464844e+00
6.158445835113525391e+00
6.122519016265869141e+00
6.092292308807373047e+00
6.169076442718505859e+00
6.054477691650390625e+00
6.039047718048095703e+00
6.171503067016601562e+00
6.026385307312011719e+00
6.120015144348144531e+00
6.089453697204589844e+00
6.051589965820312500e+00
6.098640918731689453e+00
6.166833877563476562e+00
6.175625801086425781e+00
6.016098022460937500e+00
6.056560516357421875e+00
6.100955009460449219e+00
6.030033111572265625e+00
6.078582763671875000e+00
6.030127525329589844e+00
6.120504379272460938e+00
6.109704971313476562e+00
6.215146064758300781e+00
6.036296844482421875e+00
6.042899608612060547e+00
6.141095161437988281e+00
6.232168197631835938e+00
6.106373310089111328e+00
6.190480709075927734e+00
6.095853328704833984e+00
6.028934001922607422e+00
5.975016117095947266e+00
6.114909172058105469e+00
6.168815135955810547e+00
6.072602272033691406e+00
5.998918056488037109e+00
6.034227371215820312e+00
6.117869377136230469e+00
6.032108306884765625e+00
6.001408100128173828e+00
5.964496135711669922e+00
6.067834854125976562e+00
6.098603248596191406e+00
6.123434066772460938e+00
6.018782138824462891e+00
6.102951049804687500e+00
6.225632190704345703e+00
6.100820064544677734e+00
6.056269645690917969e+00
6.090445518493652344e+00
6.128673553466796875e+00
6.093123435974121094e+00
6.095602989196777344e+00
6.095619678497314453e+00
5.971167564392089844e+00
5.981369495391845703e+00
6.152106761932373047e+00
6.185190200805664062e+00
5.980450630187988281e+00
5.949871540069580078e+00
6.152967929840087891e+00
6.063988208770751953e+00
5.944051742553710938e+00
5.991559982299804688e+00
5.986623764038085938e+00
6.214746475219726562e+00
6.064480781555175781e+00
6.073785781860351562e+00
6.014277935028076172e+00
6.108376026153564453e+00
6.021860599517822266e+00
6.015094757080078125e+00
6.070193767547607422e+00
6.022671222686767578e+00
6.173718452453613281e+00
6.060754776000976562e+00
5.940134525299072266e+00
6.052497863769531250e+00
5.970726013183593750e+00
5.873595714569091797e+00
6.077835083007812500e+00
5.977767467498779297e+00
6.087284088134765625e+00
5.995827674865722656e+00
6.039859294891357422e+00
6.009040832519531250e+00
6.087172985076904297e+00
6.092251300811767578e+00
6.001812458038330078e+00
5.976352214813232422e+00
6.011650085449218750e+00
5.984850406646728516e+00
5.964862823486328125e+00
6.043800354003906250e+00
6.041292190551757812e+00
5.999653816223144531e+00
6.031198978424072266e+00
6.003983020782470703e+00
5.938982486724853516e+00
5.929162025451660156e+00
5.919245243072509766e+00
5.834072113037109375e+00
6.157094478607177734e+00
6.042504787445068359e+00
6.042098522186279297e+00
5.946941375732421875e+00
6.104413509368896484e+00
5.874831676483154297e+00
5.945748805999755859e+00
5.876613140106201172e+00
6.013280868530273438e+00
5.996454238891601562e+00
6.181032180786132812e+00
6.136723995208740234e+00
5.918149471282958984e+00
6.041707515716552734e+00
5.973968982696533203e+00
5.966672897338867188e+00
6.015750885009765625e+00
5.943408012390136719e+00
5.968738555908203125e+00
5.937120914459228516e+00
5.892718791961669922e+00
5.925034523010253906e+00
5.866499423980712891e+00
5.803241729736328125e+00
5.965537071228027344e+00
5.906874656677246094e+00
5.892120838165283203e+00
5.919262409210205078e+00
6.035318374633789062e+00
5.881682395935058594e+00
5.945463657379150391e+00
5.905710220336914062e+00
5.913578033447265625e+00
6.040202617645263672e+00
5.927894592285156250e+00
6.080814361572265625e+00
6.035459995269775391e+00
5.956542491912841797e+00
6.004368305206298828e+00
5.911105632781982422e+00
6.046411991119384766e+00
6.039925575256347656e+00
5.965485572814941406e+00
5.947612285614013672e+00
5.960285186767578125e+00
5.996796607971191406e+00
5.867773056030273438e+00
5.897239685058593750e+00
6.034367561340332031e+00
6.089725494384765625e+00
5.915935039520263672e+00
5.951447963714599609e+00
5.971313953399658203e+00
5.943940162658691406e+00
5.861042499542236328e+00
5.880508422851562500e+00
5.960686206817626953e+00
5.931673049926757812e+00
5.889213562011718750e+00
5.980743885040283203e+00
6.058043479919433594e+00
6.078019142150878906e+00
5.824751853942871094e+00
5.864438056945800781e+00
5.910416126251220703e+00
6.043810367584228516e+00
5.798634529113769531e+00
5.860990047454833984e+00
5.900337219238281250e+00
5.980793952941894531e+00
5.959931373596191406e+00
6.020163536071777344e+00
5.823740959167480469e+00
5.798825263977050781e+00
5.918424606323242188e+00
6.095431327819824219e+00
5.968886852264404297e+00
5.859920978546142578e+00
5.895489692687988281e+00
5.910634994506835938e+00
5.904355049133300781e+00
5.977918624877929688e+00
5.854903221130371094e+00
5.873215675354003906e+00
5.955485343933105469e+00
5.960671424865722656e+00
5.892597198486328125e+00
5.866832733154296875e+00
5.885106563568115234e+00
5.900381088256835938e+00
5.833244323730468750e+00
5.940878868103027344e+00
5.889075279235839844e+00
6.186035633087158203e+00
5.848057270050048828e+00
5.879152297973632812e+00
6.010121822357177734e+00
5.788977622985839844e+00
5.915218830108642578e+00
5.978672981262207031e+00
6.083805084228515625e+00
6.319882869720458984e+00
6.032964706420898438e+00
5.950202941894531250e+00
6.019207000732421875e+00
5.857020378112792969e+00
5.946688652038574219e+00
5.922546863555908203e+00
5.925813674926757812e+00
5.881795883178710938e+00
5.925438880920410156e+00
5.971439838409423828e+00
6.006850242614746094e+00
6.011228561401367188e+00
5.973177909851074219e+00
5.843901634216308594e+00
6.070724010467529297e+00
5.883170127868652344e+00
5.988595008850097656e+00
6.019786834716796875e+00
5.872096538543701172e+00
5.835131645202636719e+00
5.915984153747558594e+00
6.030100345611572266e+00
5.901499271392822266e+00
6.077529430389404297e+00
5.988547801971435547e+00
6.003366470336914062e+00
5.827326774597167969e+00
5.840720176696777344e+00
5.931427478790283203e+00
5.975203990936279297e+00
5.934004306793212891e+00
5.882812023162841797e+00
5.898562431335449219e+00
5.886826515197753906e+00
5.905488014221191406e+00
5.990299701690673828e+00
5.932860851287841797e+00
6.035078525543212891e+00
5.835321426391601562e+00
5.826254844665527344e+00
5.882128238677978516e+00
5.856247425079345703e+00
5.820109367370605469e+00
5.877283096313476562e+00
5.900974273681640625e+00
5.893420219421386719e+00
5.907459259033203125e+00
5.791652202606201172e+00
5.832011699676513672e+00
5.887925624847412109e+00
6.009919166564941406e+00
5.903328895568847656e+00
5.815907478332519531e+00
5.909461975097656250e+00
5.811429977416992188e+00
5.963190078735351562e+00
5.943848609924316406e+00
5.929107666015625000e+00
5.994877338409423828e+00
5.967200279235839844e+00
5.961256027221679688e+00
5.863568305969238281e+00
5.753080368041992188e+00
5.944489955902099609e+00
5.846396923065185547e+00
5.853178024291992188e+00
5.876771450042724609e+00
5.761128425598144531e+00
5.934112071990966797e+00
5.783164501190185547e+00
6.019851684570312500e+00
5.819358348846435547e+00
5.830595493316650391e+00
5.833793640136718750e+00
5.764695644378662109e+00
5.906768321990966797e+00
5.820559501647949219e+00
5.887547492980957031e+00
5.835293769836425781e+00
5.947325706481933594e+00
5.871202468872070312e+00
6.051225185394287109e+00
5.862835407257080078e+00
5.948150634765625000e+00
5.876805305480957031e+00
5.881015777587890625e+00
5.986102104187011719e+00
6.001454353332519531e+00
5.751643180847167969e+00
5.770714759826660156e+00
5.830776214599609375e+00
5.899832248687744141e+00
5.812791824340820312e+00
5.804603576660156250e+00
6.026872158050537109e+00
5.877699375152587891e+00
5.821209907531738281e+00
5.871570587158203125e+00
5.710479736328125000e+00
5.950723648071289062e+00
5.882220745086669922e+00
5.930253505706787109e+00
5.980622768402099609e+00
5.911493301391601562e+00
5.923766613006591797e+00
5.840125083923339844e+00
5.829056739807128906e+00
5.991165161132812500e+00
5.817850112915039062e+00
5.866179466247558594e+00
5.935980319976806641e+00
5.921495437622070312e+00
5.907805442810058594e+00
5.875252246856689453e+00
6.055009365081787109e+00
5.815482139587402344e+00
5.869329452514648438e+00
5.856156826019287109e+00
5.815508842468261719e+00
5.932451725006103516e+00
5.881344795227050781e+00
5.917015552520751953e+00
5.967738151550292969e+00
6.002528667449951172e+00
5.955010890960693359e+00
5.900594711303710938e+00
5.899086952209472656e+00
5.809333801269531250e+00
5.916623115539550781e+00
5.754814147949218750e+00
5.910698413848876953e+00
5.935164451599121094e+00
5.768975257873535156e+00
5.934302330017089844e+00
5.933571815490722656e+00
5.844641685485839844e+00
5.822135925292968750e+00
5.841868400573730469e+00
5.831356048583984375e+00
5.928515911102294922e+00
5.869452476501464844e+00
5.762160778045654297e+00
5.859775543212890625e+00
5.791416168212890625e+00
5.879341125488281250e+00
5.899801731109619141e+00
6.121532440185546875e+00
5.857840061187744141e+00
5.935382366180419922e+00
6.001739501953125000e+00
5.868008613586425781e+00
5.847514152526855469e+00
5.849469661712646484e+00
6.011799335479736328e+00
5.883273124694824219e+00
5.970223426818847656e+00
5.824286937713623047e+00
5.890498161315917969e+00
5.940483570098876953e+00
5.965981483459472656e+00
5.900961875915527344e+00
5.963259696960449219e+00
5.861584663391113281e+00
5.918473243713378906e+00
5.771402359008789062e+00
5.820583820343017578e+00
5.882847785949707031e+00
5.846201419830322266e+00
5.791614055633544922e+00
5.959603309631347656e+00
6.019371032714843750e+00
5.848198890686035156e+00
5.870225906372070312e+00
5.937482833862304688e+00
5.935016632080078125e+00
5.810300350189208984e+00
5.804725170135498047e+00
5.898398876190185547e+00
5.820120811462402344e+00
5.919527053833007812e+00
5.981800556182861328e+00
5.902200222015380859e+00
6.034378051757812500e+00
5.963641643524169922e+00
5.837664604187011719e+00
5.824082374572753906e+00
5.785599708557128906e+00
5.845914840698242188e+00
5.886922359466552734e+00
5.805317878723144531e+00
5.976410865783691406e+00
5.852473735809326172e+00
5.987913131713867188e+00
5.918324947357177734e+00
5.861056804656982422e+00
6.003362655639648438e+00
5.950272083282470703e+00
5.910737037658691406e+00
6.006017684936523438e+00
5.873001098632812500e+00
5.843807220458984375e+00
5.873716354370117188e+00
5.994915962219238281e+00
6.020209312438964844e+00
5.925908565521240234e+00
5.919534683227539062e+00
5.899132251739501953e+00
5.994017601013183594e+00
5.919635295867919922e+00
5.766537666320800781e+00
5.724290847778320312e+00
5.940836429595947266e+00
5.832245826721191406e+00
5.814936637878417969e+00
5.886635780334472656e+00
6.024964809417724609e+00
5.836681842803955078e+00
5.792510032653808594e+00
5.829697608947753906e+00
5.829358577728271484e+00
5.809903144836425781e+00
5.793970108032226562e+00
5.848686218261718750e+00
5.818694591522216797e+00
5.743110656738281250e+00
5.737182140350341797e+00
5.809912681579589844e+00
5.930924415588378906e+00
5.676843166351318359e+00
5.741354942321777344e+00
5.828122138977050781e+00
5.737294673919677734e+00
5.943380355834960938e+00
5.812192916870117188e+00
5.838171958923339844e+00
5.846082210540771484e+00
5.847392559051513672e+00
5.863247871398925781e+00
6.028831481933593750e+00
5.932672500610351562e+00
5.727335929870605469e+00
5.915328979492187500e+00
5.955945014953613281e+00
5.945258140563964844e+00
5.865841865539550781e+00
5.893008708953857422e+00
5.829046249389648438e+00
5.904219150543212891e+00
5.806395530700683594e+00
5.790859699249267578e+00
5.773041725158691406e+00
5.880771636962890625e+00
5.849461078643798828e+00
5.801289081573486328e+00
5.733594417572021484e+00
5.851336002349853516e+00
5.758039951324462891e+00
5.833354949951171875e+00
5.752539634704589844e+00
5.964057922363281250e+00
5.836333751678466797e+00
5.881282329559326172e+00
6.000508785247802734e+00
5.730426788330078125e+00
5.849024295806884766e+00
5.799785614013671875e+00
5.929182052612304688e+00
6.181602954864501953e+00
5.900444984436035156e+00
5.734494209289550781e+00
5.817319869995117188e+00
5.828985214233398438e+00
5.962011814117431641e+00
5.786799907684326172e+00
5.825953483581542969e+00
5.842214584350585938e+00
5.853121757507324219e+00
5.914566040039062500e+00
5.976121902465820312e+00
5.860476493835449219e+00
5.792099952697753906e+00
5.821788787841796875e+00
5.681354522705078125e+00
5.892869949340820312e+00
5.929677009582519531e+00
5.783726215362548828e+00
5.943600654602050781e+00
5.872392654418945312e+00
5.860497474670410156e+00
5.870282173156738281e+00
5.839456558227539062e+00
5.837266921997070312e+00
5.810932636260986328e+00
5.737909793853759766e+00
5.905410289764404297e+00
5.795878410339355469e+00
5.767411231994628906e+00
5.818059444427490234e+00
5.868127822875976562e+00
5.724477767944335938e+00
5.821552276611328125e+00
5.867145061492919922e+00
5.939577579498291016e+00
5.908314704895019531e+00
5.724391937255859375e+00
5.861060619354248047e+00
5.869869232177734375e+00
5.868868827819824219e+00
5.954726219177246094e+00
5.781986713409423828e+00
5.760249137878417969e+00
5.817105293273925781e+00
5.886119365692138672e+00
5.989820957183837891e+00
5.843400478363037109e+00
5.853443622589111328e+00
5.840581417083740234e+00
5.995786666870117188e+00
5.851592063903808594e+00
5.803879737854003906e+00
5.897435188293457031e+00
5.828347206115722656e+00
5.811407566070556641e+00
5.853710174560546875e+00
5.885633945465087891e+00
5.875473022460937500e+00
5.879418849945068359e+00
5.786889076232910156e+00
5.956552505493164062e+00
5.833682060241699219e+00
5.678503513336181641e+00
5.712253093719482422e+00
5.848232746124267578e+00
5.878454685211181641e+00
5.776121139526367188e+00
5.780133247375488281e+00
5.971062660217285156e+00
5.733162879943847656e+00
5.857483386993408203e+00
5.844397068023681641e+00
5.958557128906250000e+00
5.850266456604003906e+00
5.846675872802734375e+00
5.869201183319091797e+00
5.904951572418212891e+00
5.903964996337890625e+00
5.792099952697753906e+00
6.088813781738281250e+00
5.991381645202636719e+00
5.796215057373046875e+00
5.732657432556152344e+00
5.772560119628906250e+00
5.776421546936035156e+00
6.237854480743408203e+00
6.034394264221191406e+00
5.818130493164062500e+00
5.726383209228515625e+00
5.859754562377929688e+00
6.006987571716308594e+00
5.908191204071044922e+00
5.844817638397216797e+00
5.854998588562011719e+00
5.775867938995361328e+00
5.790581226348876953e+00
5.770269393920898438e+00
5.700851917266845703e+00
5.808407306671142578e+00
5.833105564117431641e+00
5.875773429870605469e+00
5.968097686767578125e+00
5.918695449829101562e+00
5.876849174499511719e+00
5.794650077819824219e+00
5.777365684509277344e+00
5.834638118743896484e+00
5.811117649078369141e+00
5.844142913818359375e+00
5.820085525512695312e+00
6.054828166961669922e+00
5.829606533050537109e+00
5.913536071777343750e+00
5.959162712097167969e+00
5.867465496063232422e+00
5.842782974243164062e+00
5.929494857788085938e+00
5.954528808593750000e+00
5.749300956726074219e+00
5.833355903625488281e+00
5.760324954986572266e+00
5.808585166931152344e+00
5.753448009490966797e+00
5.851788520812988281e+00
6.014877796173095703e+00
5.882623672485351562e+00
5.833990097045898438e+00
5.825584411621093750e+00
5.806585788726806641e+00
5.901370048522949219e+00
5.960915565490722656e+00
5.799794197082519531e+00
5.808368682861328125e+00
5.846457481384277344e+00
5.883984565734863281e+00
5.857740402221679688e+00
5.848834991455078125e+00
5.908128738403320312e+00
5.783079624176025391e+00
5.773828029632568359e+00
6.035738945007324219e+00
5.784800529479980469e+00
5.770473957061767578e+00
5.763122558593750000e+00
5.864031314849853516e+00
5.936403751373291016e+00
5.782905578613281250e+00
5.821452140808105469e+00
5.925372123718261719e+00
5.892880916595458984e+00
5.857830047607421875e+00
5.882182598114013672e+00
6.020485877990722656e+00
5.891007900238037109e+00
5.846951007843017578e+00
6.013203620910644531e+00
5.741302967071533203e+00
5.757905960083007812e+00
5.775792121887207031e+00
5.808580398559570312e+00
5.861761569976806641e+00
5.724897861480712891e+00
5.912174224853515625e+00
5.849214553833007812e+00
5.840208530426025391e+00
5.781151294708251953e+00
5.869673728942871094e+00
5.887673377990722656e+00
6.077518939971923828e+00
5.957544803619384766e+00
5.855183601379394531e+00
5.783801555633544922e+00
5.900766849517822266e+00
5.815958499908447266e+00
5.771665573120117188e+00
5.814326763153076172e+00
5.850986003875732422e+00
5.860484123229980469e+00
5.907836437225341797e+00
5.860125541687011719e+00
5.861698150634765625e+00
5.927301883697509766e+00
5.799839973449707031e+00
5.953505039215087891e+00
5.783584117889404297e+00
6.024396896362304688e+00
5.790616512298583984e+00
5.793141365051269531e+00
5.755000114440917969e+00
5.747154235839843750e+00
5.901642799377441406e+00
5.792064189910888672e+00
5.966334819793701172e+00
5.928761482238769531e+00
5.774033069610595703e+00
5.749614715576171875e+00
5.885036468505859375e+00
5.792670249938964844e+00
5.845530509948730469e+00
5.828761100769042969e+00
5.831243991851806641e+00
5.931891441345214844e+00
5.962647438049316406e+00
5.955659866333007812e+00
5.813652038574218750e+00
5.833403110504150391e+00
5.704246044158935547e+00
5.867596626281738281e+00
5.848392009735107422e+00
5.935042381286621094e+00
6.125055789947509766e+00
5.886520385742187500e+00
5.940586566925048828e+00
5.852682590484619141e+00
5.945361614227294922e+00
5.833707809448242188e+00
5.847873687744140625e+00
5.763423442840576172e+00
5.848973751068115234e+00
5.825053691864013672e+00
5.767822265625000000e+00
5.757792472839355469e+00
5.894377708435058594e+00
5.858238697052001953e+00
5.807241439819335938e+00
5.728888988494873047e+00
5.842163085937500000e+00
5.924899101257324219e+00
5.732137203216552734e+00
5.845393180847167969e+00
5.772104263305664062e+00
5.777762889862060547e+00
5.891965866088867188e+00
5.799188613891601562e+00
5.857342243194580078e+00
5.691569805145263672e+00
6.096556186676025391e+00
5.864222049713134766e+00
5.917877197265625000e+00
5.844103336334228516e+00
5.788252830505371094e+00
5.913917541503906250e+00
5.800491333007812500e+00
5.913652896881103516e+00
5.752452373504638672e+00
5.780200004577636719e+00
5.709150314331054688e+00
5.838016033172607422e+00
5.825535774230957031e+00
5.705534934997558594e+00
5.826022148132324219e+00
5.805874824523925781e+00
5.882010459899902344e+00
5.734615325927734375e+00
5.815259933471679688e+00
5.866520404815673828e+00
5.763701915740966797e+00
5.720464229583740234e+00
5.804285526275634766e+00
5.911128044128417969e+00
5.832126140594482422e+00
5.764601707458496094e+00
5.871519565582275391e+00
5.769335269927978516e+00
5.845076084136962891e+00
5.879203319549560547e+00
5.844813823699951172e+00
5.960685253143310547e+00
5.819423198699951172e+00
5.858500480651855469e+00
5.813101768493652344e+00
5.844291687011718750e+00
5.734529972076416016e+00
5.809870243072509766e+00
5.935986042022705078e+00
5.831146240234375000e+00
5.824819564819335938e+00
5.809906482696533203e+00
5.732178688049316406e+00
5.811961174011230469e+00
5.780629634857177734e+00
5.893177986145019531e+00
5.742365837097167969e+00
5.837156295776367188e+00
5.816884994506835938e+00
5.900639057159423828e+00
6.022162437438964844e+00
5.809042930603027344e+00
5.907912254333496094e+00
5.841038703918457031e+00
5.784997463226318359e+00
5.942034721374511719e+00
5.783073902130126953e+00
5.859695434570312500e+00
5.737040519714355469e+00
5.885126590728759766e+00
5.722764492034912109e+00
5.813763618469238281e+00
5.905306816101074219e+00
5.793291568756103516e+00
5.967291831970214844e+00
5.778599739074707031e+00
5.842596054077148438e+00
5.936720848083496094e+00
6.063853263854980469e+00
5.855537891387939453e+00
5.817892074584960938e+00
5.802410125732421875e+00
5.715357780456542969e+00
5.704777240753173828e+00
5.757967472076416016e+00
5.864086151123046875e+00
5.820014953613281250e+00
5.938873291015625000e+00
5.784784317016601562e+00
5.910843372344970703e+00
5.726777553558349609e+00
5.805508613586425781e+00
5.861809730529785156e+00
5.752379417419433594e+00
5.823446273803710938e+00
5.752418518066406250e+00
5.795396327972412109e+00
5.977533817291259766e+00
5.879832267761230469e+00
5.803095817565917969e+00
5.933496475219726562e+00
5.913921833038330078e+00
5.878720283508300781e+00
5.852466106414794922e+00
5.813478946685791016e+00
6.066943168640136719e+00
5.787410259246826172e+00
5.848351955413818359e+00
5.782814979553222656e+00
6.025331497192382812e+00
5.833996772766113281e+00
5.856233596801757812e+00
5.803981304168701172e+00
5.762791156768798828e+00
5.744235515594482422e+00
5.796821117401123047e+00
5.895493030548095703e+00
5.907753467559814453e+00
5.861345291137695312e+00
5.930122852325439453e+00
5.773256301879882812e+00
5.786005973815917969e+00
5.850108623504638672e+00
5.856377124786376953e+00
5.724425315856933594e+00
5.883955001831054688e+00
5.857376098632812500e+00
5.792797088623046875e+00
5.774806022644042969e+00
5.693972587585449219e+00
5.820954799652099609e+00
5.743422508239746094e+00
5.790901184082031250e+00
5.785205364227294922e+00
5.768548965454101562e+00
5.791227340698242188e+00
5.830579757690429688e+00
5.789688110351562500e+00
5.911167621612548828e+00
5.821410655975341797e+00
5.706118583679199219e+00
5.826456069946289062e+00
5.832226753234863281e+00
5.816901683807373047e+00
5.919295310974121094e+00
5.838912010192871094e+00
5.720986843109130859e+00
5.910962104797363281e+00
5.788179874420166016e+00
5.711102485656738281e+00
5.813162803649902344e+00
5.826034545898437500e+00
5.784489154815673828e+00
5.701032638549804688e+00
5.744737148284912109e+00
5.826210975646972656e+00
5.777361869812011719e+00
5.848411560058593750e+00
5.795653820037841797e+00
5.802050590515136719e+00
5.752922534942626953e+00
5.840925693511962891e+00
5.764132976531982422e+00
5.875534057617187500e+00
5.716503143310546875e+00
5.775028228759765625e+00
5.806381702423095703e+00
5.793814659118652344e+00
5.822031974792480469e+00
5.763618469238281250e+00
5.759714126586914062e+00
5.780009269714355469e+00
5.776167869567871094e+00
5.692711353302001953e+00
5.784823894500732422e+00
5.938242435455322266e+00
5.834914207458496094e+00
5.651422023773193359e+00
5.808899879455566406e+00
5.716216087341308594e+00
5.806679725646972656e+00
5.768564224243164062e+00
5.874255180358886719e+00
5.887047767639160156e+00
5.815992355346679688e+00
5.979833602905273438e+00
5.777601718902587891e+00
5.858751296997070312e+00
5.824681282043457031e+00
5.917361259460449219e+00
5.689357280731201172e+00
5.871594905853271484e+00
5.938342571258544922e+00
5.801272869110107422e+00
5.851523876190185547e+00
5.814964771270751953e+00
5.831897258758544922e+00
5.936445236206054688e+00
5.814628601074218750e+00
5.787212371826171875e+00
5.741856575012207031e+00
6.055027961730957031e+00
5.797742366790771484e+00
5.712622642517089844e+00
5.822577953338623047e+00
5.738566875457763672e+00
5.766327857971191406e+00
5.832964420318603516e+00
5.848597526550292969e+00
5.722807884216308594e+00
5.790221214294433594e+00
5.701703548431396484e+00
5.863197803497314453e+00
5.941001892089843750e+00
5.803871154785156250e+00
5.762183666229248047e+00
5.774509429931640625e+00
5.746149063110351562e+00
5.742648601531982422e+00
5.849352836608886719e+00
5.698453426361083984e+00
5.882576942443847656e+00
5.871052742004394531e+00
5.792849540710449219e+00
5.803027153015136719e+00
5.793157577514648438e+00
5.760460376739501953e+00
5.935732841491699219e+00
5.717124462127685547e+00
5.820832252502441406e+00
5.762290477752685547e+00
5.803229808807373047e+00
5.733734130859375000e+00
5.700631141662597656e+00
5.831695079803466797e+00
5.828310012817382812e+00
5.825211048126220703e+00
5.670477390289306641e+00
5.818284511566162109e+00
5.885026931762695312e+00
5.923697471618652344e+00
5.763766765594482422e+00
5.875344276428222656e+00
5.836109161376953125e+00
5.777138233184814453e+00
