6.854725837707519531e+00
6.685839653015136719e+00
6.584795475006103516e+00
6.384069442749023438e+00
6.270535945892333984e+00
6.255026817321777344e+00
6.445911407470703125e+00
6.251896381378173828e+00
6.222584247589111328e+00
6.231558799743652344e+00
6.181274414062500000e+00
6.061852931976318359e+00
6.090274810791015625e+00
6.115447521209716797e+00
6.043210029602050781e+00
5.926156044006347656e+00
6.179575443267822266e+00
6.042841434478759766e+00
5.988972187042236328e+00
5.982395172119140625e+00
6.001202583312988281e+00
6.079659938812255859e+00
5.940553188323974609e+00
6.135949134826660156e+00
6.031647682189941406e+00
6.043566703796386719e+00
6.114936828613281250e+00
5.987841129302978516e+00
5.969996929168701172e+00
6.053235054016113281e+00
6.030700206756591797e+00
5.894947528839111328e+00
5.853450298309326172e+00
6.078509807586669922e+00
5.997727870941162109e+00
5.959781646728515625e+00
5.970895290374755859e+00
5.952287673950195312e+00
5.926354885101318359e+00
5.913598537445068359e+00
5.916984558105468750e+00
5.794799327850341797e+00
5.952466011047363281e+00
5.842103958129882812e+00
5.833505630493164062e+00
5.982577800750732422e+00
5.942197799682617188e+00
5.950755119323730469e+00
6.007618427276611328e+00
5.846043586730957031e+00
5.977878570556640625e+00
5.807126998901367188e+00
6.049980640411376953e+00
5.804396629333496094e+00
5.759795665740966797e+00
5.840669631958007812e+00
5.768457412719726562e+00
5.815387725830078125e+00
5.824778556823730469e+00
5.944685935974121094e+00
5.785718917846679688e+00
5.751612663269042969e+00
5.829411029815673828e+00
5.821976184844970703e+00
5.832716941833496094e+00
5.950571060180664062e+00
5.891453266143798828e+00
5.765751361846923828e+00
5.895653724670410156e+00
5.968363761901855469e+00
5.964623451232910156e+00
5.905323505401611328e+00
5.805812835693359375e+00
5.971096992492675781e+00
5.784735202789306641e+00
5.702008724212646484e+00
5.820742607116699219e+00
5.810200691223144531e+00
6.079278945922851562e+00
5.782505989074707031e+00
5.819488525390625000e+00
5.855463027954101562e+00
5.933772087097167969e+00
5.885355949401855469e+00
5.802374362945556641e+00
5.939310550689697266e+00
5.706112384796142578e+00
5.808734893798828125e+00
5.903386116027832031e+00
5.805551052093505859e+00
5.769371509552001953e+00
5.811555862426757812e+00
5.836789608001708984e+00
5.718853950500488281e+00
5.773495197296142578e+00
5.811500549316406250e+00
5.733991622924804688e+00
5.724786281585693359e+00
5.799603462219238281e+00
5.807964801788330078e+00
5.716894626617431641e+00
5.757053852081298828e+00
5.707764625549316406e+00
5.706345081329345703e+00
5.909889698028564453e+00
5.760681152343750000e+00
5.756991863250732422e+00
5.826659679412841797e+00
5.766296863555908203e+00
5.863441467285156250e+00
5.844920158386230469e+00
5.749909877777099609e+00
5.717352867126464844e+00
5.730535507202148438e+00
5.863266944885253906e+00
5.734306812286376953e+00
5.780427932739257812e+00
5.910317897796630859e+00
5.803767681121826172e+00
5.727302074432373047e+00
5.773000717163085938e+00
5.749405860900878906e+00
5.760879516601562500e+00
5.741825103759765625e+00
5.878738403320312500e+00
5.941904067993164062e+00
5.870471477508544922e+00
5.862962722778320312e+00
5.736381530761718750e+00
5.880318641662597656e+00
5.714098930358886719e+00
5.776268959045410156e+00
5.670893669128417969e+00
5.836793899536132812e+00
5.693426609039306641e+00
5.794212341308593750e+00
5.840943336486816406e+00
5.805277824401855469e+00
5.779103279113769531e+00
5.718088150024414062e+00
5.732980251312255859e+00
5.725007534027099609e+00
5.719892501831054688e+00
5.656093120574951172e+00
5.808772563934326172e+00
5.699409008026123047e+00
5.748026371002197266e+00
5.753352165222167969e+00
5.640563011169433594e+00
5.707041263580322266e+00
5.903665542602539062e+00
5.837460041046142578e+00
5.659981727600097656e+00
5.755401134490966797e+00
5.809924602508544922e+00
6.030344963073730469e+00
5.677831649780273438e+00
5.802396297454833984e+00
5.811186790466308594e+00
5.614025115966796875e+00
5.963648796081542969e+00
5.717241287231445312e+00
5.659396648406982422e+00
5.696510314941406250e+00
5.695201873779296875e+00
5.697397708892822266e+00
5.618644714355468750e+00
5.716134071350097656e+00
5.669970035552978516e+00
5.659169673919677734e+00
5.727307796478271484e+00
5.698559761047363281e+00
5.854997634887695312e+00
5.738797664642333984e+00
5.711540699005126953e+00
5.842472076416015625e+00
5.749778747558593750e+00
5.695669651031494141e+00
5.808471679687500000e+00
5.747349739074707031e+00
5.700120925903320312e+00
5.741338253021240234e+00
5.657442569732666016e+00
5.784176349639892578e+00
5.660962104797363281e+00
5.748323917388916016e+00
5.883975028991699219e+00
5.595689296722412109e+00
5.784146785736083984e+00
5.724953651428222656e+00
5.830575942993164062e+00
5.684301853179931641e+00
5.696832180023193359e+00
5.905604362487792969e+00
5.604245185852050781e+00
5.680076599121093750e+00
5.653500556945800781e+00
5.781679630279541016e+00
5.692229270935058594e+00
5.707099437713623047e+00
5.729593753814697266e+00
5.567783355712890625e+00
5.589383602142333984e+00
5.740087985992431641e+00
5.678284645080566406e+00
5.754942893981933594e+00
5.634701251983642578e+00
5.924761772155761719e+00
5.751672744750976562e+00
5.852870464324951172e+00
5.714543819427490234e+00
5.675168991088867188e+00
5.653663635253906250e+00
5.768620491027832031e+00
5.627457618713378906e+00
5.741048812866210938e+00
5.768580913543701172e+00
5.602072715759277344e+00
5.751642227172851562e+00
5.639367103576660156e+00
5.703293800354003906e+00
5.617900848388671875e+00
5.624810695648193359e+00
5.734034538269042969e+00
5.627200603485107422e+00
5.763068675994873047e+00
5.602760314941406250e+00
5.839101791381835938e+00
5.643320083618164062e+00
5.728577613830566406e+00
5.604714870452880859e+00
5.719692230224609375e+00
5.705327987670898438e+00
5.617317676544189453e+00
5.582877159118652344e+00
5.705654144287109375e+00
5.644191265106201172e+00
5.629482746124267578e+00
5.716903686523437500e+00
5.569114685058593750e+00
5.880445480346679688e+00
5.621334075927734375e+00
5.614253044128417969e+00
5.682117938995361328e+00
5.818350791931152344e+00
5.739511013031005859e+00
5.619313240051269531e+00
5.777177810668945312e+00
5.671940803527832031e+00
5.752430915832519531e+00
5.689693450927734375e+00
5.559850692749023438e+00
5.619986534118652344e+00
5.665480136871337891e+00
5.654916763305664062e+00
5.798593997955322266e+00
5.582757949829101562e+00
5.628349781036376953e+00
5.649991512298583984e+00
5.673320770263671875e+00
5.745934009552001953e+00
5.692385196685791016e+00
5.547142505645751953e+00
5.638413906097412109e+00
5.645559787750244141e+00
5.641623497009277344e+00
5.885210990905761719e+00
5.984391689300537109e+00
5.755178928375244141e+00
5.887983798980712891e+00
5.648060798645019531e+00
5.695508956909179688e+00
5.681523323059082031e+00
5.632884979248046875e+00
5.746751308441162109e+00
5.665140151977539062e+00
5.740899562835693359e+00
5.745788097381591797e+00
5.673472404479980469e+00
5.781280994415283203e+00
5.644418716430664062e+00
5.630295753479003906e+00
5.560871124267578125e+00
5.621470451354980469e+00
5.629561424255371094e+00
5.656459808349609375e+00
5.659505367279052734e+00
5.629893779754638672e+00
5.665481090545654297e+00
5.631611347198486328e+00
5.601416587829589844e+00
6.047062873840332031e+00
5.672976493835449219e+00
5.655722618103027344e+00
5.750157356262207031e+00
5.792539596557617188e+00
5.735232830047607422e+00
5.606846809387207031e+00
5.622431755065917969e+00
5.542579650878906250e+00
5.690314292907714844e+00
5.676517009735107422e+00
5.586184978485107422e+00
5.619369506835937500e+00
5.522465229034423828e+00
5.801064968109130859e+00
5.543973445892333984e+00
5.613530635833740234e+00
5.657196044921875000e+00
5.566875934600830078e+00
5.686465263366699219e+00
5.767220020294189453e+00
5.687066078186035156e+00
5.582171440124511719e+00
5.576506137847900391e+00
5.627674102783203125e+00
5.653181552886962891e+00
5.596580505371093750e+00
5.580502510070800781e+00
5.587249755859375000e+00
5.606239795684814453e+00
5.699781417846679688e+00
5.601779937744140625e+00
5.617780208587646484e+00
5.696805953979492188e+00
5.559759140014648438e+00
5.580900669097900391e+00
5.669006824493408203e+00
5.625995635986328125e+00
5.671107769012451172e+00
5.678578376770019531e+00
5.606583118438720703e+00
5.576167106628417969e+00
5.523407459259033203e+00
5.638079643249511719e+00
5.588936805725097656e+00
5.576627731323242188e+00
5.598162651062011719e+00
5.628602027893066406e+00
5.667469501495361328e+00
5.700618743896484375e+00
5.646901607513427734e+00
5.634981632232666016e+00
5.627840995788574219e+00
5.709443569183349609e+00
5.748541831970214844e+00
5.566574573516845703e+00
5.650158882141113281e+00
5.652422428131103516e+00
5.588753700256347656e+00
5.680769920349121094e+00
5.760982036590576172e+00
5.738425731658935547e+00
5.566064834594726562e+00
5.775621414184570312e+00
5.570602893829345703e+00
5.637460231781005859e+00
5.603173255920410156e+00
5.651263713836669922e+00
5.548154354095458984e+00
5.625189781188964844e+00
5.586891651153564453e+00
5.706125259399414062e+00
5.642892837524414062e+00
5.658788681030273438e+00
5.583515644073486328e+00
5.595757484436035156e+00
5.659280300140380859e+00
5.552467346191406250e+00
5.744419574737548828e+00
5.785159111022949219e+00
5.587800979614257812e+00
5.661512374877929688e+00
5.554003715515136719e+00
5.647326469421386719e+00
5.596448421478271484e+00
5.533687591552734375e+00
5.579447746276855469e+00
5.569063186645507812e+00
5.551434040069580078e+00
5.619175910949707031e+00
5.638168811798095703e+00
5.647004127502441406e+00
5.662717342376708984e+00
5.693398952484130859e+00
5.645011425018310547e+00
5.534483909606933594e+00
5.692267417907714844e+00
5.800859451293945312e+00
5.715202331542968750e+00
5.631974220275878906e+00
5.786492347717285156e+00
5.574656009674072266e+00
5.666688442230224609e+00
5.712962150573730469e+00
5.620486736297607422e+00
5.613299369812011719e+00
5.562137126922607422e+00
5.574010372161865234e+00
5.687088966369628906e+00
5.663983345031738281e+00
5.812960147857666016e+00
5.564771175384521484e+00
5.636468887329101562e+00
5.509771823883056641e+00
5.503087043762207031e+00
5.640996932983398438e+00
5.628623485565185547e+00
5.441278457641601562e+00
5.580802917480468750e+00
5.561270713806152344e+00
5.641848564147949219e+00
5.607313156127929688e+00
5.651398658752441406e+00
5.607274055480957031e+00
5.557417392730712891e+00
5.603004932403564453e+00
5.577593803405761719e+00
5.722717285156250000e+00
5.593612194061279297e+00
5.644587516784667969e+00
5.636498928070068359e+00
5.606187820434570312e+00
5.802274703979492188e+00
5.551924228668212891e+00
5.591108322143554688e+00
5.617650508880615234e+00
5.649714469909667969e+00
5.704208374023437500e+00
5.625872611999511719e+00
5.605685234069824219e+00
5.591590404510498047e+00
5.652956008911132812e+00
5.520171165466308594e+00
5.571503639221191406e+00
5.539275169372558594e+00
5.715201377868652344e+00
5.544837951660156250e+00
5.695301055908203125e+00
5.815513610839843750e+00
5.676167488098144531e+00
5.792843341827392578e+00
5.871543884277343750e+00
5.722956180572509766e+00
5.623370170593261719e+00
5.668764114379882812e+00
5.599909782409667969e+00
5.826946258544921875e+00
5.571366310119628906e+00
5.639611721038818359e+00
5.608437538146972656e+00
5.560158729553222656e+00
5.597317218780517578e+00
5.698363304138183594e+00
5.537794113159179688e+00
5.631579875946044922e+00
5.576422691345214844e+00
5.557477951049804688e+00
5.639162063598632812e+00
5.799122810363769531e+00
5.657726764678955078e+00
5.569622516632080078e+00
5.587558746337890625e+00
5.522387504577636719e+00
5.569841384887695312e+00
5.489604949951171875e+00
5.485412120819091797e+00
5.503629684448242188e+00
5.622169017791748047e+00
5.522155284881591797e+00
5.611305236816406250e+00
5.731305122375488281e+00
5.563670158386230469e+00
5.611954212188720703e+00
5.559350013732910156e+00
5.660382270812988281e+00
5.561463832855224609e+00
5.585187435150146484e+00
5.622847080230712891e+00
5.668170452117919922e+00
5.670824527740478516e+00
5.614369392395019531e+00
5.639035224914550781e+00
5.676219940185546875e+00
5.633909225463867188e+00
5.602562427520751953e+00
5.650758266448974609e+00
5.532631397247314453e+00
5.507389068603515625e+00
5.634002685546875000e+00
5.474743843078613281e+00
5.609014511108398438e+00
5.627306938171386719e+00
5.708552360534667969e+00
5.572194099426269531e+00
5.589045524597167969e+00
5.680626392364501953e+00
5.511273384094238281e+00
5.764386653900146484e+00
5.560655117034912109e+00
5.584213733673095703e+00
5.781421184539794922e+00
5.715075492858886719e+00
5.512764453887939453e+00
5.521687507629394531e+00
5.609545230865478516e+00
5.719103813171386719e+00
5.573098182678222656e+00
5.587520122528076172e+00
5.708194732666015625e+00
5.798686981201171875e+00
5.627768993377685547e+00
5.560214519500732422e+00
5.588280200958251953e+00
5.568066596984863281e+00
5.561643123626708984e+00
5.785265445709228516e+00
5.603186607360839844e+00
5.608346939086914062e+00
5.629704475402832031e+00
5.694697856903076172e+00
5.609417915344238281e+00
5.558292388916015625e+00
5.616999149322509766e+00
5.629389286041259766e+00
5.576631069183349609e+00
5.654664039611816406e+00
5.508941650390625000e+00
5.617547035217285156e+00
5.569608688354492188e+00
5.901784896850585938e+00
5.579349517822265625e+00
5.754590511322021484e+00
5.588646888732910156e+00
5.678599357604980469e+00
5.581568717956542969e+00
5.682247638702392578e+00
5.644362926483154297e+00
5.616731166839599609e+00
5.651444435119628906e+00
5.535118579864501953e+00
5.695518016815185547e+00
5.702134609222412109e+00
5.560499668121337891e+00
5.584027767181396484e+00
5.654051303863525391e+00
5.634905338287353516e+00
5.667911052703857422e+00
5.568478584289550781e+00
5.582515716552734375e+00
5.597603797912597656e+00
5.539936542510986328e+00
5.557213306427001953e+00
5.799711227416992188e+00
5.997211933135986328e+00
5.574565410614013672e+00
5.754016399383544922e+00
5.727321147918701172e+00
5.569222927093505859e+00
5.698157310485839844e+00
5.605209350585937500e+00
5.572117805480957031e+00
5.536718368530273438e+00
5.616358757019042969e+00
5.544641971588134766e+00
5.584993362426757812e+00
5.635091781616210938e+00
5.750796318054199219e+00
5.592267513275146484e+00
5.584894180297851562e+00
5.597257614135742188e+00
5.553595542907714844e+00
5.553717613220214844e+00
5.575895309448242188e+00
5.657388687133789062e+00
5.547842979431152344e+00
5.697085380554199219e+00
5.506792068481445312e+00
5.607001781463623047e+00
5.532858848571777344e+00
5.565979003906250000e+00
5.661782264709472656e+00
5.729201316833496094e+00
5.628057479858398438e+00
5.589559555053710938e+00
5.593536376953125000e+00
5.679711341857910156e+00
5.525730609893798828e+00
5.564726829528808594e+00
5.717931747436523438e+00
5.559725761413574219e+00
5.763501167297363281e+00
5.672002315521240234e+00
5.567862510681152344e+00
5.652471542358398438e+00
5.565124034881591797e+00
5.639246463775634766e+00
5.563149452209472656e+00
5.620439529418945312e+00
5.555615425109863281e+00
5.549441337585449219e+00
5.691318511962890625e+00
5.616265296936035156e+00
5.502564430236816406e+00
5.583552360534667969e+00
5.548171043395996094e+00
5.554402351379394531e+00
5.726632118225097656e+00
5.698109626770019531e+00
5.618269443511962891e+00
5.631561279296875000e+00
5.604112625122070312e+00
5.641138076782226562e+00
5.575757503509521484e+00
5.539115428924560547e+00
5.499750614166259766e+00
5.823222160339355469e+00
5.599456310272216797e+00
5.700575351715087891e+00
5.514836311340332031e+00
5.600852012634277344e+00
5.555043220520019531e+00
5.724078655242919922e+00
5.623536586761474609e+00
5.608595848083496094e+00
5.669153213500976562e+00
5.539381980895996094e+00
5.654639244079589844e+00
5.566650390625000000e+00
5.552508354187011719e+00
5.578133583068847656e+00
5.572428703308105469e+00
5.611914634704589844e+00
5.529774188995361328e+00
5.520241737365722656e+00
5.623140811920166016e+00
5.552837848663330078e+00
5.618399143218994141e+00
5.612071037292480469e+00
5.603418350219726562e+00
5.581100940704345703e+00
5.557800292968750000e+00
5.545789718627929688e+00
5.574340820312500000e+00
5.551851272583007812e+00
5.620643615722656250e+00
5.533018112182617188e+00
5.634118080139160156e+00
5.563097476959228516e+00
5.892785072326660156e+00
5.727673530578613281e+00
5.617203235626220703e+00
5.600872516632080078e+00
5.607793807983398438e+00
5.560708045959472656e+00
5.727040290832519531e+00
5.494559764862060547e+00
5.655221462249755859e+00
5.485585689544677734e+00
5.665556907653808594e+00
5.680567264556884766e+00
5.634402275085449219e+00
5.525024414062500000e+00
5.712382316589355469e+00
5.587413787841796875e+00
5.679507255554199219e+00
5.579895019531250000e+00
5.671462535858154297e+00
5.554672241210937500e+00
5.573058605194091797e+00
5.641814708709716797e+00
5.618988037109375000e+00
5.556418895721435547e+00
5.565612792968750000e+00
5.556479454040527344e+00
5.514717102050781250e+00
5.505129337310791016e+00
5.515218734741210938e+00
5.691775798797607422e+00
5.690343379974365234e+00
5.541264057159423828e+00
5.621294021606445312e+00
5.663332462310791016e+00
5.624595642089843750e+00
5.652809143066406250e+00
5.529377937316894531e+00
5.625843524932861328e+00
5.552513122558593750e+00
5.606609344482421875e+00
5.561853885650634766e+00
5.591289043426513672e+00
5.607467174530029297e+00
5.524771690368652344e+00
5.651167392730712891e+00
5.553192138671875000e+00
5.595063209533691406e+00
5.482692718505859375e+00
5.581325531005859375e+00
5.556213378906250000e+00
5.695467472076416016e+00
5.662822723388671875e+00
5.541055679321289062e+00
5.493851661682128906e+00
5.624877929687500000e+00
5.554637908935546875e+00
5.647027969360351562e+00
5.592520713806152344e+00
5.607997894287109375e+00
5.588577270507812500e+00
5.474420547485351562e+00
5.625180244445800781e+00
5.647993564605712891e+00
5.721169471740722656e+00
5.529392242431640625e+00
5.557621955871582031e+00
5.630258560180664062e+00
5.557898521423339844e+00
5.590257167816162109e+00
5.572633743286132812e+00
5.484026432037353516e+00
5.578293800354003906e+00
5.546995639801025391e+00
5.577915191650390625e+00
5.685529232025146484e+00
5.582681655883789062e+00
5.714573860168457031e+00
5.599439144134521484e+00
5.634756088256835938e+00
5.639102935791015625e+00
5.702067375183105469e+00
5.543181896209716797e+00
5.684720993041992188e+00
5.516092300415039062e+00
5.623877525329589844e+00
5.615956306457519531e+00
5.515114784240722656e+00
5.476744174957275391e+00
5.619867324829101562e+00
5.609559535980224609e+00
5.597774505615234375e+00
5.470553874969482422e+00
5.565371990203857422e+00
5.587523460388183594e+00
5.547671318054199219e+00
5.538410663604736328e+00
5.546411514282226562e+00
5.664938926696777344e+00
5.510007858276367188e+00
5.562306880950927734e+00
5.634467124938964844e+00
5.558463096618652344e+00
5.566836833953857422e+00
5.671298503875732422e+00
5.487318038940429688e+00
5.532339572906494141e+00
5.615706443786621094e+00
5.894662380218505859e+00
5.469523429870605469e+00
5.513454914093017578e+00
5.543406486511230469e+00
5.500515460968017578e+00
5.574161529541015625e+00
5.552471160888671875e+00
5.522570610046386719e+00
5.478648185729980469e+00
5.519032478332519531e+00
5.566009998321533203e+00
5.493482589721679688e+00
5.553746700286865234e+00
5.612431526184082031e+00
5.711354255676269531e+00
5.590349674224853516e+00
5.530472755432128906e+00
5.648520469665527344e+00
5.589678764343261719e+00
5.601192474365234375e+00
5.502011299133300781e+00
5.579137325286865234e+00
5.561382293701171875e+00
5.524198532104492188e+00
5.439850330352783203e+00
5.509654045104980469e+00
5.636363029479980469e+00
5.524021148681640625e+00
5.521922111511230469e+00
5.561089515686035156e+00
5.614289283752441406e+00
5.508976936340332031e+00
5.634966850280761719e+00
5.490133285522460938e+00
5.597454071044921875e+00
5.551062583923339844e+00
5.520659446716308594e+00
5.570553302764892578e+00
5.575839996337890625e+00
5.552500724792480469e+00
5.725972652435302734e+00
5.621635437011718750e+00
5.548202514648437500e+00
5.520620822906494141e+00
5.579273223876953125e+00
5.663987159729003906e+00
5.726182937622070312e+00
5.694659233093261719e+00
5.576100826263427734e+00
5.549696922302246094e+00
5.529959678649902344e+00
5.539300918579101562e+00
5.593293190002441406e+00
5.666189193725585938e+00
5.536445617675781250e+00
5.489870071411132812e+00
5.579274177551269531e+00
5.637554645538330078e+00
5.578149795532226562e+00
5.612763881683349609e+00
5.489062309265136719e+00
5.488552093505859375e+00
5.486998081207275391e+00
5.716965675354003906e+00
5.484216690063476562e+00
5.589406013488769531e+00
5.612326622009277344e+00
5.613186836242675781e+00
5.558885574340820312e+00
5.517463684082031250e+00
5.573740005493164062e+00
5.661555767059326172e+00
5.634206771850585938e+00
5.517313957214355469e+00
5.567873477935791016e+00
5.779624462127685547e+00
5.567551136016845703e+00
5.567378997802734375e+00
5.706300258636474609e+00
5.585607528686523438e+00
5.527555465698242188e+00
5.634009361267089844e+00
5.614958763122558594e+00
5.516531944274902344e+00
5.563024520874023438e+00
5.569004058837890625e+00
5.588798046112060547e+00
5.596292018890380859e+00
5.596118927001953125e+00
5.489482879638671875e+00
5.692763328552246094e+00
5.635695457458496094e+00
5.561773300170898438e+00
5.613209724426269531e+00
5.599183559417724609e+00
5.474405288696289062e+00
5.618200778961181641e+00
5.564068317413330078e+00
5.653088092803955078e+00
5.670502662658691406e+00
5.573865890502929688e+00
5.640984535217285156e+00
5.586323738098144531e+00
5.702199459075927734e+00
5.580311775207519531e+00
5.556663036346435547e+00
5.495991230010986328e+00
5.539324760437011719e+00
5.727225303649902344e+00
5.555623054504394531e+00
5.502694129943847656e+00
5.525621414184570312e+00
5.675527572631835938e+00
5.523212432861328125e+00
5.661540985107421875e+00
5.501790046691894531e+00
5.538538455963134766e+00
5.819895744323730469e+00
5.552415847778320312e+00
5.504940986633300781e+00
5.512805938720703125e+00
5.510012626647949219e+00
5.546255588531494141e+00
5.595540046691894531e+00
5.493830680847167969e+00
5.536175251007080078e+00
5.539979934692382812e+00
5.517594814300537109e+00
5.485101699829101562e+00
5.623052597045898438e+00
5.551346778869628906e+00
5.578750610351562500e+00
5.645571231842041016e+00
5.662748813629150391e+00
5.499867439270019531e+00
5.562622547149658203e+00
5.510465621948242188e+00
5.622670650482177734e+00
5.517714500427246094e+00
5.472498893737792969e+00
5.516762256622314453e+00
5.578390121459960938e+00
5.816964626312255859e+00
5.554190635681152344e+00
5.618982791900634766e+00
5.506403923034667969e+00
5.627098560333251953e+00
5.548659801483154297e+00
5.493681907653808594e+00
5.699530601501464844e+00
5.582602500915527344e+00
5.563962936401367188e+00
5.682225227355957031e+00
5.555776596069335938e+00
5.516459465026855469e+00
5.644286632537841797e+00
5.549970626831054688e+00
5.587224483489990234e+00
5.565374374389648438e+00
5.518320083618164062e+00
5.510734558105468750e+00
5.513982772827148438e+00
5.616887092590332031e+00
5.614787101745605469e+00
5.553461074829101562e+00
5.771112918853759766e+00
5.608854293823242188e+00
5.598326206207275391e+00
5.592270851135253906e+00
5.556466102600097656e+00
5.513987541198730469e+00
5.631268501281738281e+00
5.847964763641357422e+00
5.567502498626708984e+00
5.586003780364990234e+00
5.591882228851318359e+00
5.609448432922363281e+00
5.645261764526367188e+00
5.747754096984863281e+00
5.661368846893310547e+00
5.560178756713867188e+00
5.611167907714843750e+00
5.541630268096923828e+00
5.623312950134277344e+00
5.542742729187011719e+00
5.597539901733398438e+00
5.668991565704345703e+00
5.514832019805908203e+00
5.537924766540527344e+00
5.540206432342529297e+00
5.544957160949707031e+00
5.663205146789550781e+00
5.597423553466796875e+00
5.562975883483886719e+00
5.625359058380126953e+00
5.749287605285644531e+00
5.541911602020263672e+00
5.716536521911621094e+00
5.542953491210937500e+00
5.536878585815429688e+00
5.512430191040039062e+00
5.552570343017578125e+00
5.798005580902099609e+00
5.656975269317626953e+00
5.672756195068359375e+00
5.514647483825683594e+00
5.732728004455566406e+00
5.635334968566894531e+00
5.527832031250000000e+00
5.459634780883789062e+00
5.591651916503906250e+00
5.564748764038085938e+00
5.540326118469238281e+00
5.533469676971435547e+00
