6.843071937561035156e+00
6.672944545745849609e+00
6.590524673461914062e+00
6.368107795715332031e+00
6.331997394561767578e+00
6.328657150268554688e+00
6.287759780883789062e+00
6.352685928344726562e+00
6.247330188751220703e+00
6.263125419616699219e+00
6.281263351440429688e+00
6.177408695220947266e+00
6.250998973846435547e+00
6.185730457305908203e+00
6.224321365356445312e+00
6.148520946502685547e+00
6.181628227233886719e+00
6.266242980957031250e+00
6.115206718444824219e+00
6.222918510437011719e+00
6.210669040679931641e+00
6.273858070373535156e+00
6.186159133911132812e+00
6.210303306579589844e+00
6.216707229614257812e+00
6.194909095764160156e+00
6.165842056274414062e+00
6.177499771118164062e+00
6.249265670776367188e+00
6.050883293151855469e+00
6.123549461364746094e+00
6.168880462646484375e+00
6.088667392730712891e+00
6.143726348876953125e+00
6.145319938659667969e+00
6.193883895874023438e+00
6.163064002990722656e+00
6.091952323913574219e+00
6.251802444458007812e+00
6.128344535827636719e+00
6.060853004455566406e+00
6.054141044616699219e+00
6.160660743713378906e+00
6.052339553833007812e+00
6.108608722686767578e+00
6.263241291046142578e+00
6.112085819244384766e+00
6.199818134307861328e+00
6.050765991210937500e+00
6.090232372283935547e+00
6.095813751220703125e+00
6.009690284729003906e+00
6.216583728790283203e+00
5.995782852172851562e+00
6.214228630065917969e+00
6.042294979095458984e+00
6.042231559753417969e+00
5.943428516387939453e+00
6.115393161773681641e+00
6.124259471893310547e+00
6.034825801849365234e+00
5.968646049499511719e+00
6.097018241882324219e+00
6.129122734069824219e+00
5.961991786956787109e+00
6.058641910552978516e+00
6.084438800811767578e+00
5.928928375244140625e+00
5.962137222290039062e+00
5.951979637145996094e+00
5.838601589202880859e+00
6.015038013458251953e+00
5.992548942565917969e+00
6.041919708251953125e+00
6.048611640930175781e+00
5.965110778808593750e+00
6.049513339996337891e+00
5.962221622467041016e+00
6.059062480926513672e+00
6.011595726013183594e+00
5.859475612640380859e+00
6.007735252380371094e+00
5.880686759948730469e+00
5.989299774169921875e+00
6.007622241973876953e+00
5.973793983459472656e+00
6.022610187530517578e+00
6.146205902099609375e+00
6.086353778839111328e+00
6.002071380615234375e+00
6.031984806060791016e+00
6.073658466339111328e+00
5.919060707092285156e+00
6.031188488006591797e+00
6.052374362945556641e+00
6.050133228302001953e+00
5.955102920532226562e+00
6.016963958740234375e+00
5.886409759521484375e+00
6.069596767425537109e+00
6.030570983886718750e+00
6.034654617309570312e+00
6.228756904602050781e+00
5.892021179199218750e+00
6.054572105407714844e+00
6.080700874328613281e+00
6.055234909057617188e+00
6.045853614807128906e+00
5.996404647827148438e+00
6.005031108856201172e+00
6.192845344543457031e+00
5.964396476745605469e+00
5.928765296936035156e+00
6.032195091247558594e+00
5.831729412078857422e+00
6.019701480865478516e+00
5.910714149475097656e+00
5.937536716461181641e+00
6.043464183807373047e+00
6.055115699768066406e+00
5.989064693450927734e+00
6.191378593444824219e+00
6.033025264739990234e+00
5.967642784118652344e+00
5.948679447174072266e+00
5.962059020996093750e+00
6.140826225280761719e+00
5.951356410980224609e+00
6.051413536071777344e+00
6.043160438537597656e+00
5.976029396057128906e+00
5.948538780212402344e+00
5.950673103332519531e+00
5.916576862335205078e+00
5.896093845367431641e+00
5.999113082885742188e+00
5.976165294647216797e+00
5.921581268310546875e+00
6.062193870544433594e+00
5.944819450378417969e+00
5.854769229888916016e+00
6.037834167480468750e+00
6.126727104187011719e+00
5.853650569915771484e+00
6.031513214111328125e+00
6.043570518493652344e+00
5.866097450256347656e+00
5.963471889495849609e+00
5.998329162597656250e+00
5.970756530761718750e+00
5.949950218200683594e+00
5.953456878662109375e+00
6.070209026336669922e+00
5.986086845397949219e+00
5.969845771789550781e+00
5.831340789794921875e+00
6.178033351898193359e+00
6.088364124298095703e+00
6.033740520477294922e+00
5.864894390106201172e+00
5.944591522216796875e+00
5.891583442687988281e+00
5.869818210601806641e+00
5.992684841156005859e+00
5.988708972930908203e+00
5.981142997741699219e+00
5.971899032592773438e+00
5.922769069671630859e+00
5.899326324462890625e+00
5.868721961975097656e+00
5.888070106506347656e+00
5.879075050354003906e+00
5.897641181945800781e+00
6.016365051269531250e+00
5.890614509582519531e+00
5.940268039703369141e+00
5.900954246520996094e+00
5.957850933074951172e+00
5.958468437194824219e+00
5.962328910827636719e+00
5.998996257781982422e+00
5.894305229187011719e+00
5.909751892089843750e+00
5.923555374145507812e+00
6.058036804199218750e+00
5.916676521301269531e+00
5.950593948364257812e+00
5.965957164764404297e+00
6.043273448944091797e+00
6.141463756561279297e+00
5.903149127960205078e+00
5.939411640167236328e+00
6.050963401794433594e+00
5.975174427032470703e+00
5.990117073059082031e+00
6.214937210083007812e+00
6.041516304016113281e+00
6.010077953338623047e+00
6.016117095947265625e+00
5.949184417724609375e+00
5.909032821655273438e+00
5.924663066864013672e+00
5.882741928100585938e+00
5.889923095703125000e+00
5.926470279693603516e+00
5.956607341766357422e+00
5.936849594116210938e+00
5.818779945373535156e+00
6.107841968536376953e+00
5.971371650695800781e+00
5.897934913635253906e+00
5.919257164001464844e+00
5.899719238281250000e+00
5.897348403930664062e+00
5.881588935852050781e+00
5.927241325378417969e+00
5.924801349639892578e+00
5.925689220428466797e+00
5.890008449554443359e+00
5.895851135253906250e+00
6.063034057617187500e+00
5.957921504974365234e+00
5.985582828521728516e+00
5.864638328552246094e+00
5.921256542205810547e+00
5.964447021484375000e+00
5.931845188140869141e+00
5.800699710845947266e+00
5.909045219421386719e+00
5.888816833496093750e+00
5.916939735412597656e+00
5.869915485382080078e+00
6.025640964508056641e+00
6.081247329711914062e+00
5.933830738067626953e+00
5.925472259521484375e+00
5.832598686218261719e+00
5.890148639678955078e+00
5.951389312744140625e+00
5.902325153350830078e+00
6.103295326232910156e+00
5.930344581604003906e+00
5.901420593261718750e+00
5.995804309844970703e+00
5.931777000427246094e+00
5.988988876342773438e+00
5.853945255279541016e+00
5.925503253936767578e+00
5.859673023223876953e+00
5.822640895843505859e+00
5.853221893310546875e+00
5.931968212127685547e+00
5.989467620849609375e+00
6.029983997344970703e+00
6.017221450805664062e+00
5.869503021240234375e+00
5.871106147766113281e+00
6.029008865356445312e+00
5.972953796386718750e+00
5.932752609252929688e+00
5.909986972808837891e+00
5.819386959075927734e+00
5.869000434875488281e+00
5.877688884735107422e+00
5.938807964324951172e+00
5.928204059600830078e+00
5.853143692016601562e+00
5.852219581604003906e+00
5.965687751770019531e+00
5.794190406799316406e+00
5.943403244018554688e+00
5.811478614807128906e+00
5.875025749206542969e+00
5.918914794921875000e+00
6.050207138061523438e+00
5.911291599273681641e+00
5.886753082275390625e+00
6.010395050048828125e+00
5.815746784210205078e+00
5.954293251037597656e+00
5.884190082550048828e+00
6.027131080627441406e+00
6.048881053924560547e+00
5.867641448974609375e+00
5.989875316619873047e+00
5.855915069580078125e+00
5.884035110473632812e+00
5.861091613769531250e+00
6.087335109710693359e+00
6.020320415496826172e+00
5.945980548858642578e+00
5.871833324432373047e+00
6.016800403594970703e+00
5.916884422302246094e+00
5.896441459655761719e+00
5.968361854553222656e+00
5.907128334045410156e+00
5.891212940216064453e+00
5.970169544219970703e+00
5.916924476623535156e+00
5.874771118164062500e+00
6.027728080749511719e+00
5.839694976806640625e+00
5.834999561309814453e+00
5.912676811218261719e+00
5.865585327148437500e+00
5.937185764312744141e+00
5.880278587341308594e+00
5.875031948089599609e+00
6.108451843261718750e+00
5.850651264190673828e+00
5.771159172058105469e+00
5.983139991760253906e+00
5.856610774993896484e+00
5.909728050231933594e+00
5.814959526062011719e+00
5.923844814300537109e+00
5.833637237548828125e+00
5.829296112060546875e+00
5.901997566223144531e+00
6.006929397583007812e+00
5.921025276184082031e+00
5.964752197265625000e+00
6.000070571899414062e+00
6.001266956329345703e+00
6.040091037750244141e+00
5.913470745086669922e+00
5.941927909851074219e+00
5.945002555847167969e+00
5.926606178283691406e+00
5.874994754791259766e+00
5.829825878143310547e+00
5.907432079315185547e+00
5.747545719146728516e+00
6.056170463562011719e+00
5.770643234252929688e+00
5.741456985473632812e+00
5.836184978485107422e+00
5.942649364471435547e+00
5.932013034820556641e+00
5.882634162902832031e+00
5.813536167144775391e+00
5.826063156127929688e+00
5.856923580169677734e+00
5.893675327301025391e+00
5.833364963531494141e+00
5.770428657531738281e+00
5.925069332122802734e+00
5.818101882934570312e+00
6.109489440917968750e+00
5.947938442230224609e+00
6.018430709838867188e+00
5.875744342803955078e+00
5.969760894775390625e+00
5.900703430175781250e+00
5.895076751708984375e+00
6.119559288024902344e+00
5.977253437042236328e+00
5.894057273864746094e+00
5.914375305175781250e+00
5.858059883117675781e+00
5.861440181732177734e+00
5.857829093933105469e+00
5.843328475952148438e+00
5.875033378601074219e+00
5.882596492767333984e+00
5.944442749023437500e+00
5.889534950256347656e+00
5.859463214874267578e+00
5.833720207214355469e+00
5.904051780700683594e+00
5.879094600677490234e+00
5.910873413085937500e+00
5.844483375549316406e+00
5.853192806243896484e+00
5.802971363067626953e+00
5.877080440521240234e+00
5.815307140350341797e+00
5.906303882598876953e+00
5.872560024261474609e+00
5.891948699951171875e+00
5.814101219177246094e+00
5.921623706817626953e+00
5.922280788421630859e+00
5.789613723754882812e+00
5.910633087158203125e+00
5.987958908081054688e+00
5.889466285705566406e+00
5.912481307983398438e+00
5.800938606262207031e+00
6.046421051025390625e+00
5.881632804870605469e+00
6.029225349426269531e+00
5.853311538696289062e+00
5.869707584381103516e+00
5.870774269104003906e+00
5.810894012451171875e+00
5.888546466827392578e+00
5.822964191436767578e+00
5.823726654052734375e+00
5.791310310363769531e+00
5.813260078430175781e+00
5.812688827514648438e+00
5.771410465240478516e+00
5.869416713714599609e+00
6.030379295349121094e+00
5.824461460113525391e+00
5.840992927551269531e+00
6.059174537658691406e+00
5.889801025390625000e+00
5.863513946533203125e+00
5.855677604675292969e+00
5.940387248992919922e+00
5.937442302703857422e+00
5.887562751770019531e+00
5.796470642089843750e+00
5.861371994018554688e+00
5.802885055541992188e+00
5.893050193786621094e+00
5.856617450714111328e+00
5.982179641723632812e+00
5.879207611083984375e+00
5.725014686584472656e+00
5.994270801544189453e+00
5.851156234741210938e+00
5.801997184753417969e+00
6.056701183319091797e+00
5.820935249328613281e+00
5.930347919464111328e+00
5.857722282409667969e+00
5.990266323089599609e+00
5.900727748870849609e+00
5.880905628204345703e+00
5.933836936950683594e+00
5.874577522277832031e+00
5.916626930236816406e+00
5.856527328491210938e+00
5.885924339294433594e+00
5.911176681518554688e+00
5.898265838623046875e+00
5.849185943603515625e+00
5.949388027191162109e+00
5.952998161315917969e+00
6.008198738098144531e+00
5.930497169494628906e+00
5.808833599090576172e+00
5.891338348388671875e+00
6.149264335632324219e+00
5.873939037322998047e+00
5.957425117492675781e+00
5.857546329498291016e+00
5.935224533081054688e+00
5.869294643402099609e+00
6.050673007965087891e+00
5.866529941558837891e+00
5.823194503784179688e+00
5.952631473541259766e+00
5.842309951782226562e+00
5.881213188171386719e+00
5.820791244506835938e+00
5.824860572814941406e+00
5.844193458557128906e+00
5.772584915161132812e+00
5.780670166015625000e+00
5.777782917022705078e+00
5.803055763244628906e+00
5.937323570251464844e+00
6.004457473754882812e+00
5.845893383026123047e+00
5.816492557525634766e+00
5.895654678344726562e+00
5.892575263977050781e+00
5.860789775848388672e+00
5.888217926025390625e+00
6.019032001495361328e+00
5.866688728332519531e+00
5.780754089355468750e+00
5.796251773834228516e+00
5.781006336212158203e+00
5.905826091766357422e+00
5.803559303283691406e+00
5.842097282409667969e+00
5.917716979980468750e+00
5.865563392639160156e+00
5.907112121582031250e+00
5.850587844848632812e+00
5.897995471954345703e+00
5.884059429168701172e+00
5.946768283843994141e+00
5.886237144470214844e+00
5.804265022277832031e+00
5.808998107910156250e+00
5.971188545227050781e+00
5.839706420898437500e+00
5.908554553985595703e+00
5.840517044067382812e+00
5.805128574371337891e+00
5.854223251342773438e+00
5.959995269775390625e+00
5.788156986236572266e+00
5.877382278442382812e+00
5.782466888427734375e+00
5.995128631591796875e+00
5.738554477691650391e+00
6.055134773254394531e+00
5.746268272399902344e+00
5.825798034667968750e+00
5.825718402862548828e+00
5.755214691162109375e+00
5.747080802917480469e+00
5.904685497283935547e+00
5.788473129272460938e+00
5.837130069732666016e+00
5.909551620483398438e+00
5.727619647979736328e+00
5.940622329711914062e+00
5.918985366821289062e+00
5.843879222869873047e+00
5.821625232696533203e+00
5.827038764953613281e+00
5.899284839630126953e+00
5.866430282592773438e+00
5.871357917785644531e+00
5.895348548889160156e+00
5.906532287597656250e+00
5.881697177886962891e+00
5.705801010131835938e+00
5.885347843170166016e+00
5.839107513427734375e+00
5.869303703308105469e+00
5.859024047851562500e+00
5.872009277343750000e+00
5.908240795135498047e+00
5.932215213775634766e+00
5.711912631988525391e+00
5.929418087005615234e+00
5.877099514007568359e+00
5.905967712402343750e+00
5.824066162109375000e+00
5.882264137268066406e+00
5.928257942199707031e+00
5.821004867553710938e+00
5.929589271545410156e+00
6.034913063049316406e+00
5.930794239044189453e+00
5.883580684661865234e+00
5.861828804016113281e+00
5.776813983917236328e+00
5.862147331237792969e+00
5.853274345397949219e+00
5.732870101928710938e+00
5.757064819335937500e+00
5.752146720886230469e+00
5.877309799194335938e+00
5.849660873413085938e+00
5.858374118804931641e+00
5.797295570373535156e+00
5.824721813201904297e+00
5.922870635986328125e+00
5.896457672119140625e+00
5.812768936157226562e+00
5.790213584899902344e+00
5.831892967224121094e+00
6.075222969055175781e+00
6.073313236236572266e+00
5.783661365509033203e+00
5.810667991638183594e+00
5.847302436828613281e+00
5.889571189880371094e+00
5.867592811584472656e+00
5.842674255371093750e+00
6.030110359191894531e+00
5.820944786071777344e+00
5.772398948669433594e+00
5.871847152709960938e+00
5.856335639953613281e+00
5.893759727478027344e+00
5.824512481689453125e+00
5.821209907531738281e+00
5.785127639770507812e+00
5.896825313568115234e+00
5.874126434326171875e+00
5.819893360137939453e+00
5.846205711364746094e+00
5.885981559753417969e+00
5.738155364990234375e+00
5.853317737579345703e+00
5.991520404815673828e+00
5.759474754333496094e+00
5.840482234954833984e+00
5.769360542297363281e+00
5.742594242095947266e+00
5.827046394348144531e+00
5.834927082061767578e+00
5.950406551361083984e+00
5.779455661773681641e+00
5.824223995208740234e+00
5.722528457641601562e+00
5.744326114654541016e+00
5.886362075805664062e+00
5.852445125579833984e+00
5.755314826965332031e+00
5.907451629638671875e+00
5.807747840881347656e+00
5.932424545288085938e+00
5.863068580627441406e+00
5.796412467956542969e+00
5.943446159362792969e+00
5.859056472778320312e+00
5.687719345092773438e+00
5.911304473876953125e+00
5.943513870239257812e+00
5.899773597717285156e+00
5.716972351074218750e+00
5.748126506805419922e+00
5.752586841583251953e+00
5.836700916290283203e+00
5.708871841430664062e+00
5.941739082336425781e+00
5.801203250885009766e+00
5.977549552917480469e+00
5.754118919372558594e+00
5.915283203125000000e+00
5.801510334014892578e+00
5.904950141906738281e+00
5.868652343750000000e+00
5.802872657775878906e+00
5.836576461791992188e+00
5.906087875366210938e+00
5.736962795257568359e+00
5.859405517578125000e+00
5.866449356079101562e+00
5.863943099975585938e+00
5.813074111938476562e+00
5.854034423828125000e+00
5.755749702453613281e+00
5.768671035766601562e+00
5.896229743957519531e+00
5.819829940795898438e+00
5.798145771026611328e+00
5.775191307067871094e+00
5.953876495361328125e+00
5.788949489593505859e+00
5.853921890258789062e+00
5.829982757568359375e+00
5.823367595672607422e+00
5.919804573059082031e+00
5.680475234985351562e+00
5.818384170532226562e+00
5.817482948303222656e+00
5.802559852600097656e+00
5.802843570709228516e+00
5.888704776763916016e+00
5.775861740112304688e+00
5.757912158966064453e+00
5.851840496063232422e+00
5.841404914855957031e+00
5.790105342864990234e+00
5.830531120300292969e+00
5.680271625518798828e+00
5.896491527557373047e+00
5.869338035583496094e+00
5.759921073913574219e+00
5.776013851165771484e+00
5.935679435729980469e+00
5.788533210754394531e+00
5.826435089111328125e+00
5.853363037109375000e+00
5.741510391235351562e+00
5.878681182861328125e+00
5.857731819152832031e+00
5.808902263641357422e+00
5.631643295288085938e+00
5.908520698547363281e+00
5.719360828399658203e+00
6.025584220886230469e+00
5.786128997802734375e+00
5.934032440185546875e+00
5.718703746795654297e+00
5.829278945922851562e+00
5.823161602020263672e+00
5.823180198669433594e+00
5.880245685577392578e+00
5.810242652893066406e+00
5.773544788360595703e+00
5.787335395812988281e+00
5.813683986663818359e+00
5.802221298217773438e+00
5.772003173828125000e+00
6.027145385742187500e+00
5.904347896575927734e+00
5.826034069061279297e+00
5.808774471282958984e+00
5.858967781066894531e+00
5.832435131072998047e+00
5.889567375183105469e+00
5.729574203491210938e+00
5.789751052856445312e+00
5.807418823242187500e+00
5.899864673614501953e+00
5.819365978240966797e+00
5.833944797515869141e+00
5.862075805664062500e+00
5.732689857482910156e+00
5.818679809570312500e+00
5.792727470397949219e+00
6.102580547332763672e+00
5.835054874420166016e+00
5.834679126739501953e+00
5.959477424621582031e+00
5.790994644165039062e+00
5.861622810363769531e+00
5.756196975708007812e+00
5.790753364562988281e+00
5.809116840362548828e+00
5.831930160522460938e+00
5.877680778503417969e+00
5.872147083282470703e+00
5.776237964630126953e+00
5.951797008514404297e+00
5.695816040039062500e+00
5.863616943359375000e+00
5.739301681518554688e+00
5.716238975524902344e+00
5.869462966918945312e+00
5.820039749145507812e+00
5.802417755126953125e+00
5.766047954559326172e+00
5.878039360046386719e+00
5.903066158294677734e+00
5.859609603881835938e+00
5.864196300506591797e+00
5.781663894653320312e+00
5.861770629882812500e+00
5.898791790008544922e+00
5.751071453094482422e+00
5.782950401306152344e+00
5.847177028656005859e+00
5.823554992675781250e+00
5.803620338439941406e+00
5.743725299835205078e+00
5.961946487426757812e+00
5.872098922729492188e+00
5.877767562866210938e+00
5.705413818359375000e+00
5.812672138214111328e+00
5.863879680633544922e+00
6.013087749481201172e+00
5.812112808227539062e+00
5.807687759399414062e+00
5.767363548278808594e+00
5.938632965087890625e+00
5.783548831939697266e+00
5.844585418701171875e+00
5.981824874877929688e+00
5.863391876220703125e+00
5.865466117858886719e+00
5.796585559844970703e+00
5.868566513061523438e+00
5.852871894836425781e+00
5.883798122406005859e+00
5.915469169616699219e+00
5.820870399475097656e+00
5.788951396942138672e+00
5.809258937835693359e+00
5.858629703521728516e+00
5.885698318481445312e+00
5.869700431823730469e+00
5.766325950622558594e+00
5.849033355712890625e+00
5.849801063537597656e+00
5.837175369262695312e+00
5.804046630859375000e+00
5.831567287445068359e+00
5.958555221557617188e+00
5.970399856567382812e+00
5.798837661743164062e+00
5.738564491271972656e+00
5.743081092834472656e+00
5.884043693542480469e+00
5.829536914825439453e+00
5.824841499328613281e+00
5.771615505218505859e+00
5.807809352874755859e+00
5.805389404296875000e+00
5.931358337402343750e+00
5.810306549072265625e+00
5.760227680206298828e+00
5.852686405181884766e+00
5.779979705810546875e+00
5.961930274963378906e+00
5.803316116333007812e+00
5.736234188079833984e+00
5.771486759185791016e+00
5.785070419311523438e+00
5.803510665893554688e+00
5.758092880249023438e+00
5.835106849670410156e+00
6.162093162536621094e+00
5.764997005462646484e+00
5.777786731719970703e+00
5.889830112457275391e+00
5.837325096130371094e+00
5.706940174102783203e+00
5.862191677093505859e+00
5.830502510070800781e+00
5.660375595092773438e+00
5.734217643737792969e+00
5.763609409332275391e+00
5.992380142211914062e+00
5.794836521148681641e+00
5.832472324371337891e+00
5.701115608215332031e+00
5.724474906921386719e+00
5.711435317993164062e+00
5.794652938842773438e+00
5.786040306091308594e+00
5.799630165100097656e+00
5.772555351257324219e+00
5.727194786071777344e+00
5.793635368347167969e+00
5.928226470947265625e+00
5.806179046630859375e+00
5.810318946838378906e+00
5.866332530975341797e+00
5.729801654815673828e+00
5.810630798339843750e+00
5.856390953063964844e+00
5.775110244750976562e+00
5.821539402008056641e+00
5.853451728820800781e+00
5.932319641113281250e+00
5.835337638854980469e+00
5.791643142700195312e+00
6.022207260131835938e+00
5.822287082672119141e+00
5.947769641876220703e+00
5.727067947387695312e+00
5.735720157623291016e+00
5.861783981323242188e+00
5.827770709991455078e+00
5.686508655548095703e+00
5.840281486511230469e+00
5.871077537536621094e+00
5.821288108825683594e+00
5.805542945861816406e+00
5.950243473052978516e+00
5.807792663574218750e+00
5.690624237060546875e+00
5.833531379699707031e+00
5.735201835632324219e+00
5.727836608886718750e+00
5.706311702728271484e+00
5.797224521636962891e+00
5.790143013000488281e+00
5.919052600860595703e+00
5.788993835449218750e+00
5.763024330139160156e+00
5.717553615570068359e+00
5.844877719879150391e+00
5.796125411987304688e+00
5.797253608703613281e+00
5.712357044219970703e+00
5.910114288330078125e+00
5.961379051208496094e+00
5.843432426452636719e+00
5.788421630859375000e+00
5.823732376098632812e+00
5.658452033996582031e+00
5.744210243225097656e+00
5.750577449798583984e+00
5.715340614318847656e+00
5.817187309265136719e+00
5.949958801269531250e+00
5.919272422790527344e+00
5.764953613281250000e+00
5.989029407501220703e+00
5.866542339324951172e+00
5.768878936767578125e+00
5.821036338806152344e+00
5.963820457458496094e+00
5.791491031646728516e+00
5.817043304443359375e+00
5.777797698974609375e+00
5.803826808929443359e+00
5.784562587738037109e+00
6.080742359161376953e+00
5.800920009613037109e+00
5.904132843017578125e+00
5.794732093811035156e+00
5.827597618103027344e+00
5.780304908752441406e+00
5.818926811218261719e+00
5.727078437805175781e+00
5.793058395385742188e+00
5.729891777038574219e+00
5.780492305755615234e+00
5.810519218444824219e+00
5.774435043334960938e+00
5.799720764160156250e+00
5.992471218109130859e+00
5.734432220458984375e+00
5.944549560546875000e+00
5.828459739685058594e+00
5.802176475524902344e+00
5.781522750854492188e+00
5.766975879669189453e+00
5.765479564666748047e+00
5.724513053894042969e+00
5.986669540405273438e+00
5.850524902343750000e+00
5.748389720916748047e+00
5.836183071136474609e+00
5.939665794372558594e+00
5.865982055664062500e+00
5.892464637756347656e+00
5.736477851867675781e+00
5.844436168670654297e+00
5.810634613037109375e+00
5.795297622680664062e+00
5.803480625152587891e+00
5.723608970642089844e+00
5.782220363616943359e+00
5.901745796203613281e+00
5.851212501525878906e+00
5.872364997863769531e+00
5.837684154510498047e+00
5.807241916656494141e+00
5.798154830932617188e+00
5.779878616333007812e+00
5.842739582061767578e+00
5.838436126708984375e+00
5.773910522460937500e+00
5.769246101379394531e+00
5.921174526214599609e+00
5.707769393920898438e+00
5.964734554290771484e+00
5.832444190979003906e+00
5.778244972229003906e+00
5.821855068206787109e+00
5.842057228088378906e+00
5.747670650482177734e+00
5.779760837554931641e+00
5.773766994476318359e+00
5.885091781616210938e+00
5.847068309783935547e+00
5.742578983306884766e+00
5.753041744232177734e+00
5.949097156524658203e+00
5.900809288024902344e+00
5.814108848571777344e+00
6.008016586303710938e+00
5.798406124114990234e+00
5.821116924285888672e+00
5.854159832000732422e+00
5.863488197326660156e+00
5.741013050079345703e+00
5.842196464538574219e+00
5.756375312805175781e+00
5.970231533050537109e+00
5.803256034851074219e+00
5.761137485504150391e+00
5.718189239501953125e+00
5.805768966674804688e+00
5.842753887176513672e+00
5.786268234252929688e+00
5.847020626068115234e+00
5.740882396697998047e+00
5.782290935516357422e+00
5.760271549224853516e+00
