6.832911491394042969e+00
6.635492801666259766e+00
6.443015575408935547e+00
6.385602951049804688e+00
6.384934425354003906e+00
6.295754909515380859e+00
6.317887306213378906e+00
6.219078540802001953e+00
6.267156124114990234e+00
6.375062465667724609e+00
6.156931400299072266e+00
6.244537353515625000e+00
6.296411514282226562e+00
6.307365417480468750e+00
6.209179878234863281e+00
6.219621658325195312e+00
6.204161167144775391e+00
6.191663742065429688e+00
6.117691993713378906e+00
6.467476367950439453e+00
6.234661102294921875e+00
6.157244682312011719e+00
6.194852828979492188e+00
6.149802207946777344e+00
6.128077030181884766e+00
6.084518909454345703e+00
6.095250129699707031e+00
6.182416439056396484e+00
6.103680610656738281e+00
6.125701904296875000e+00
6.095941543579101562e+00
6.185224056243896484e+00
6.035633087158203125e+00
6.118947982788085938e+00
6.016130924224853516e+00
6.010101318359375000e+00
6.108863830566406250e+00
6.089531898498535156e+00
6.293165206909179688e+00
6.150277137756347656e+00
6.134180068969726562e+00
6.097781181335449219e+00
6.107693672180175781e+00
6.111967563629150391e+00
5.976404666900634766e+00
6.130020141601562500e+00
6.108912944793701172e+00
6.095741271972656250e+00
6.019991397857666016e+00
5.963944435119628906e+00
6.047137260437011719e+00
6.003512382507324219e+00
5.892081737518310547e+00
6.068398475646972656e+00
6.159752845764160156e+00
6.184813499450683594e+00
5.982007026672363281e+00
5.986143112182617188e+00
6.086956024169921875e+00
6.160997867584228516e+00
5.985387802124023438e+00
6.028654098510742188e+00
6.150369167327880859e+00
6.025800228118896484e+00
6.017704010009765625e+00
6.065581798553466797e+00
6.129513263702392578e+00
5.993250846862792969e+00
6.138799190521240234e+00
6.006567001342773438e+00
6.038795471191406250e+00
5.921077251434326172e+00
6.110740661621093750e+00
6.003321647644042969e+00
5.984197139739990234e+00
6.050019741058349609e+00
6.005988597869873047e+00
6.046042442321777344e+00
5.916213989257812500e+00
5.963047981262207031e+00
5.931467533111572266e+00
6.351953506469726562e+00
5.866102695465087891e+00
5.939262390136718750e+00
6.020541667938232422e+00
6.122238636016845703e+00
6.027493953704833984e+00
5.983989715576171875e+00
5.966131210327148438e+00
6.113091468811035156e+00
5.953764438629150391e+00
5.949537277221679688e+00
6.013143062591552734e+00
5.964003086090087891e+00
5.846853256225585938e+00
6.079853057861328125e+00
5.938582420349121094e+00
5.957319259643554688e+00
5.934988498687744141e+00
5.974047660827636719e+00
6.021388530731201172e+00
5.999334335327148438e+00
6.023271083831787109e+00
5.945737361907958984e+00
5.894616603851318359e+00
6.280142784118652344e+00
5.935507774353027344e+00
6.059956073760986328e+00
5.926713943481445312e+00
5.956491947174072266e+00
6.012506484985351562e+00
5.995898246765136719e+00
6.041851043701171875e+00
5.952732086181640625e+00
6.015990257263183594e+00
6.196337699890136719e+00
5.976384162902832031e+00
5.936727523803710938e+00
5.900066375732421875e+00
5.879376411437988281e+00
5.896914482116699219e+00
5.977682113647460938e+00
6.044703006744384766e+00
6.078199386596679688e+00
5.929977416992187500e+00
5.899568557739257812e+00
6.024925708770751953e+00
5.947935581207275391e+00
6.066303730010986328e+00
5.969116210937500000e+00
5.841767311096191406e+00
6.075061798095703125e+00
6.029286861419677734e+00
6.090582847595214844e+00
5.935946941375732422e+00
5.975013732910156250e+00
5.912606716156005859e+00
5.870221614837646484e+00
5.992200851440429688e+00
5.971665382385253906e+00
5.964813232421875000e+00
5.873847007751464844e+00
6.039567947387695312e+00
5.942525863647460938e+00
6.083944320678710938e+00
6.068265438079833984e+00
6.042905330657958984e+00
6.146399497985839844e+00
5.971901893615722656e+00
6.192722320556640625e+00
5.976811885833740234e+00
5.949120521545410156e+00
6.011986732482910156e+00
5.917032241821289062e+00
6.060775756835937500e+00
5.951303958892822266e+00
5.913043022155761719e+00
5.996733665466308594e+00
5.973974227905273438e+00
5.923670768737792969e+00
5.888451099395751953e+00
5.928532600402832031e+00
6.078881740570068359e+00
5.974228858947753906e+00
5.825257301330566406e+00
5.933584213256835938e+00
5.858855247497558594e+00
5.890960216522216797e+00
5.797509193420410156e+00
5.906239986419677734e+00
5.862690448760986328e+00
6.164518356323242188e+00
6.026492118835449219e+00
6.008627891540527344e+00
5.878659725189208984e+00
5.933114051818847656e+00
5.828486442565917969e+00
6.095028400421142578e+00
5.911794662475585938e+00
5.919582843780517578e+00
5.917970180511474609e+00
5.938798427581787109e+00
6.028008460998535156e+00
5.884579658508300781e+00
5.960249900817871094e+00
6.028059482574462891e+00
5.875288963317871094e+00
6.164729118347167969e+00
5.926804065704345703e+00
5.952263832092285156e+00
5.941054344177246094e+00
5.935177803039550781e+00
5.871203899383544922e+00
5.929479122161865234e+00
5.842902660369873047e+00
5.887279510498046875e+00
5.992857933044433594e+00
5.913823604583740234e+00
5.912321567535400391e+00
6.024340152740478516e+00
6.118721961975097656e+00
5.854652404785156250e+00
6.181506156921386719e+00
5.979991912841796875e+00
5.887079238891601562e+00
6.023980140686035156e+00
5.976671218872070312e+00
5.997551918029785156e+00
5.939164161682128906e+00
5.866395950317382812e+00
5.850968360900878906e+00
5.894234180450439453e+00
5.904837131500244141e+00
5.951448440551757812e+00
6.042205810546875000e+00
5.878835678100585938e+00
6.207642078399658203e+00
5.858355522155761719e+00
5.976207733154296875e+00
5.878739356994628906e+00
6.160660743713378906e+00
5.843428611755371094e+00
5.958299636840820312e+00
6.149916172027587891e+00
5.797501087188720703e+00
5.831111907958984375e+00
5.971913337707519531e+00
6.091904163360595703e+00
5.883284091949462891e+00
6.061490058898925781e+00
5.974020957946777344e+00
6.011168956756591797e+00
6.009255409240722656e+00
5.940952301025390625e+00
5.887498378753662109e+00
5.971300601959228516e+00
5.969445228576660156e+00
5.913506507873535156e+00
5.966533184051513672e+00
5.963466644287109375e+00
5.869193077087402344e+00
5.918536663055419922e+00
5.904445171356201172e+00
5.999073028564453125e+00
5.904630184173583984e+00
6.172234058380126953e+00
5.895199775695800781e+00
5.864228248596191406e+00
5.847897052764892578e+00
6.030299663543701172e+00
5.910666942596435547e+00
5.991710186004638672e+00
5.891504287719726562e+00
5.966707706451416016e+00
5.979410171508789062e+00
5.828348159790039062e+00
5.839044094085693359e+00
6.004132747650146484e+00
5.905837059020996094e+00
5.940078735351562500e+00
5.965613365173339844e+00
5.878026008605957031e+00
5.893694877624511719e+00
5.957407951354980469e+00
5.996121406555175781e+00
5.908982276916503906e+00
5.809554576873779297e+00
5.899273395538330078e+00
5.950649261474609375e+00
5.814152717590332031e+00
5.965076446533203125e+00
5.835799217224121094e+00
5.869203567504882812e+00
5.845827579498291016e+00
5.937411308288574219e+00
5.811526298522949219e+00
5.947335720062255859e+00
5.937099933624267578e+00
5.928197860717773438e+00
5.868662357330322266e+00
5.800689220428466797e+00
5.794438362121582031e+00
5.950369834899902344e+00
5.818994522094726562e+00
5.856206893920898438e+00
6.046753406524658203e+00
5.840004920959472656e+00
5.967432022094726562e+00
6.089899063110351562e+00
6.096963405609130859e+00
5.911412239074707031e+00
5.879393577575683594e+00
5.827375411987304688e+00
6.036933898925781250e+00
5.919096946716308594e+00
5.858536243438720703e+00
5.922066211700439453e+00
5.928993225097656250e+00
5.843621253967285156e+00
5.914366245269775391e+00
6.013225555419921875e+00
5.873413562774658203e+00
5.927460670471191406e+00
5.887309074401855469e+00
5.946260452270507812e+00
5.785146236419677734e+00
5.907316207885742188e+00
5.947312355041503906e+00
5.926089286804199219e+00
5.910441398620605469e+00
5.917569160461425781e+00
5.856465816497802734e+00
5.781716346740722656e+00
5.903247833251953125e+00
5.892080307006835938e+00
6.031033039093017578e+00
5.987095355987548828e+00
5.838351249694824219e+00
5.881863117218017578e+00
5.890664100646972656e+00
6.118282318115234375e+00
5.859040737152099609e+00
6.162883758544921875e+00
6.002388954162597656e+00
5.803723335266113281e+00
5.947607517242431641e+00
5.951707839965820312e+00
5.853795051574707031e+00
5.978750705718994141e+00
5.852321624755859375e+00
5.961512565612792969e+00
5.888382434844970703e+00
5.897689819335937500e+00
5.916367530822753906e+00
5.804602622985839844e+00
5.860215187072753906e+00
6.007629871368408203e+00
5.880735397338867188e+00
5.942573070526123047e+00
5.873193264007568359e+00
5.913357734680175781e+00
5.806260585784912109e+00
5.897224426269531250e+00
5.810232162475585938e+00
5.922045707702636719e+00
5.995656490325927734e+00
5.944027900695800781e+00
5.925668239593505859e+00
5.892303943634033203e+00
5.951795578002929688e+00
5.899953842163085938e+00
5.887986183166503906e+00
5.874763965606689453e+00
5.749876022338867188e+00
5.818726539611816406e+00
5.777836322784423828e+00
5.909816265106201172e+00
6.000757694244384766e+00
5.847317695617675781e+00
5.995529174804687500e+00
5.879739761352539062e+00
5.794576168060302734e+00
5.933517456054687500e+00
5.801358222961425781e+00
5.757270336151123047e+00
5.849322319030761719e+00
5.835768699645996094e+00
5.997068405151367188e+00
5.838108062744140625e+00
5.968430995941162109e+00
5.821756839752197266e+00
5.815163612365722656e+00
5.906640052795410156e+00
5.926312446594238281e+00
5.917950630187988281e+00
5.938493728637695312e+00
5.852972507476806641e+00
5.927805900573730469e+00
5.886792182922363281e+00
5.848696708679199219e+00
5.892785072326660156e+00
5.991007328033447266e+00
5.909136772155761719e+00
5.824562549591064453e+00
5.770185947418212891e+00
5.854768753051757812e+00
5.937995433807373047e+00
5.886558532714843750e+00
5.792695045471191406e+00
5.885406017303466797e+00
5.747944831848144531e+00
5.921757221221923828e+00
5.748058795928955078e+00
5.788635253906250000e+00
5.793146610260009766e+00
5.894881725311279297e+00
5.701695919036865234e+00
5.962581634521484375e+00
5.848373889923095703e+00
5.975584983825683594e+00
5.884319305419921875e+00
5.800333976745605469e+00
5.786613941192626953e+00
5.852065086364746094e+00
5.853904724121093750e+00
5.902369976043701172e+00
5.830941200256347656e+00
6.037660598754882812e+00
5.888706684112548828e+00
5.958132743835449219e+00
5.799361705780029297e+00
5.955525875091552734e+00
5.878568649291992188e+00
5.832643508911132812e+00
5.911519527435302734e+00
5.754661083221435547e+00
5.932063102722167969e+00
6.017609596252441406e+00
5.760007381439208984e+00
5.888460159301757812e+00
5.771033763885498047e+00
5.983447074890136719e+00
5.735179901123046875e+00
5.939157009124755859e+00
5.734083652496337891e+00
5.816830635070800781e+00
5.858892440795898438e+00
5.834130287170410156e+00
5.800801753997802734e+00
5.734532833099365234e+00
5.885661125183105469e+00
5.796109676361083984e+00
5.892621517181396484e+00
5.860913753509521484e+00
5.813406944274902344e+00
5.782247066497802734e+00
5.819879531860351562e+00
5.874939441680908203e+00
5.762812614440917969e+00
5.834191799163818359e+00
5.788531780242919922e+00
5.848635196685791016e+00
5.926858425140380859e+00
5.856791496276855469e+00
6.007394790649414062e+00
5.932456970214843750e+00
5.825123786926269531e+00
5.889223098754882812e+00
5.775103092193603516e+00
5.824536800384521484e+00
5.867292404174804688e+00
6.042641639709472656e+00
5.951813220977783203e+00
5.821201324462890625e+00
5.846628189086914062e+00
5.891541481018066406e+00
5.931627273559570312e+00
5.906264781951904297e+00
5.885150909423828125e+00
5.884105205535888672e+00
5.909226894378662109e+00
5.816573143005371094e+00
6.031423568725585938e+00
6.080452919006347656e+00
5.890861511230468750e+00
5.845855712890625000e+00
5.842605590820312500e+00
5.804547309875488281e+00
5.906586647033691406e+00
6.007641792297363281e+00
5.788603782653808594e+00
6.051871299743652344e+00
6.024547100067138672e+00
5.746926784515380859e+00
5.789037227630615234e+00
5.780655384063720703e+00
5.907639503479003906e+00
6.007843494415283203e+00
5.958782196044921875e+00
5.837169647216796875e+00
5.824424743652343750e+00
5.868798255920410156e+00
5.828782558441162109e+00
5.946935653686523438e+00
5.963989734649658203e+00
5.820137977600097656e+00
5.781175613403320312e+00
5.872551918029785156e+00
5.946510314941406250e+00
5.775178432464599609e+00
5.857012748718261719e+00
5.919023990631103516e+00
5.881933212280273438e+00
5.906143188476562500e+00
5.823576927185058594e+00
5.839717864990234375e+00
5.961043357849121094e+00
6.020560741424560547e+00
5.833061218261718750e+00
5.945443153381347656e+00
5.801261901855468750e+00
5.849457263946533203e+00
5.767668247222900391e+00
5.916371822357177734e+00
5.868891239166259766e+00
5.865188598632812500e+00
5.731226921081542969e+00
5.783925533294677734e+00
5.831889152526855469e+00
5.811396121978759766e+00
5.785961151123046875e+00
5.739341259002685547e+00
5.746555328369140625e+00
5.892978668212890625e+00
5.830338478088378906e+00
6.078487873077392578e+00
5.896451950073242188e+00
5.790822029113769531e+00
5.815212249755859375e+00
5.837839126586914062e+00
6.000293731689453125e+00
6.033009529113769531e+00
5.935778141021728516e+00
5.923849582672119141e+00
5.779997825622558594e+00
5.774593353271484375e+00
5.871419429779052734e+00
5.878394603729248047e+00
5.948160648345947266e+00
5.868130683898925781e+00
5.873987197875976562e+00
5.877489089965820312e+00
6.069142818450927734e+00
5.788824081420898438e+00
5.819040298461914062e+00
5.826953411102294922e+00
5.899100780487060547e+00
5.792457103729248047e+00
5.892978191375732422e+00
5.959495544433593750e+00
5.790302276611328125e+00
5.934605598449707031e+00
5.870364665985107422e+00
5.769077777862548828e+00
5.877523899078369141e+00
5.809394836425781250e+00
5.944022655487060547e+00
5.825931072235107422e+00
5.754464149475097656e+00
5.857522964477539062e+00
5.825789451599121094e+00
5.849256515502929688e+00
5.864944458007812500e+00
5.871624946594238281e+00
6.077604293823242188e+00
5.761461257934570312e+00
5.756470203399658203e+00
5.754725456237792969e+00
5.946902275085449219e+00
5.870361328125000000e+00
5.896196365356445312e+00
5.851234436035156250e+00
5.933051109313964844e+00
5.806545257568359375e+00
5.802556037902832031e+00
5.737895011901855469e+00
5.812883377075195312e+00
5.881011962890625000e+00
5.953422546386718750e+00
5.862627029418945312e+00
5.838652610778808594e+00
5.959091663360595703e+00
5.789604187011718750e+00
5.796408176422119141e+00
6.037378787994384766e+00
6.031304359436035156e+00
5.963761329650878906e+00
5.726649284362792969e+00
5.827073097229003906e+00
5.868384361267089844e+00
5.890425205230712891e+00
5.812937736511230469e+00
5.776738166809082031e+00
5.782232284545898438e+00
5.758533000946044922e+00
5.886887550354003906e+00
5.775312900543212891e+00
5.961705684661865234e+00
5.773941040039062500e+00
5.803553581237792969e+00
5.949466228485107422e+00
5.881111145019531250e+00
5.856053352355957031e+00
5.881403923034667969e+00
5.779665946960449219e+00
5.906588077545166016e+00
5.948239326477050781e+00
5.791349887847900391e+00
5.791633129119873047e+00
5.971275806427001953e+00
5.753226280212402344e+00
5.871537208557128906e+00
5.969582557678222656e+00
5.751684188842773438e+00
5.801226615905761719e+00
5.845718860626220703e+00
5.901402473449707031e+00
5.859842300415039062e+00
5.790975093841552734e+00
5.913758277893066406e+00
5.834453582763671875e+00
5.817990303039550781e+00
5.796425342559814453e+00
5.812803268432617188e+00
5.726531028747558594e+00
5.859181404113769531e+00
5.860903263092041016e+00
5.841618537902832031e+00
5.976298332214355469e+00
5.956925392150878906e+00
5.752595901489257812e+00
5.839603424072265625e+00
5.835267066955566406e+00
5.813360214233398438e+00
5.763038635253906250e+00
5.724359035491943359e+00
5.770904541015625000e+00
5.830294132232666016e+00
5.853595256805419922e+00
5.702867031097412109e+00
5.799490928649902344e+00
5.898667335510253906e+00
5.804548740386962891e+00
5.745911121368408203e+00
5.830523490905761719e+00
5.751710891723632812e+00
5.792967796325683594e+00
5.901291847229003906e+00
5.814887046813964844e+00
5.754707336425781250e+00
5.901542663574218750e+00
5.886135578155517578e+00
5.891592502593994141e+00
5.645500659942626953e+00
5.816769599914550781e+00
5.776925563812255859e+00
5.787841320037841797e+00
5.724922180175781250e+00
5.908225059509277344e+00
5.855417251586914062e+00
5.706912994384765625e+00
5.834113121032714844e+00
5.995344161987304688e+00
5.737884998321533203e+00
5.694756031036376953e+00
5.776993751525878906e+00
5.922144889831542969e+00
5.728314876556396484e+00
5.942628860473632812e+00
5.847466945648193359e+00
5.791059494018554688e+00
5.840006828308105469e+00
5.744905948638916016e+00
5.737520694732666016e+00
5.863141059875488281e+00
5.989367485046386719e+00
5.826757907867431641e+00
5.819877624511718750e+00
5.789406776428222656e+00
5.712042808532714844e+00
5.801527976989746094e+00
5.897554397583007812e+00
5.831295967102050781e+00
5.855207443237304688e+00
5.680013179779052734e+00
5.836114406585693359e+00
5.834471225738525391e+00
5.749098777770996094e+00
6.052079677581787109e+00
5.773283004760742188e+00
5.835640907287597656e+00
5.881732463836669922e+00
5.846898555755615234e+00
5.868619441986083984e+00
5.973006248474121094e+00
5.763204574584960938e+00
5.833138942718505859e+00
5.748939990997314453e+00
5.849370479583740234e+00
5.784796237945556641e+00
5.741584300994873047e+00
5.803235054016113281e+00
5.797768592834472656e+00
5.815648555755615234e+00
5.864098548889160156e+00
5.764904975891113281e+00
5.965642929077148438e+00
5.802967071533203125e+00
5.823949813842773438e+00
5.804889202117919922e+00
5.936737060546875000e+00
5.818916797637939453e+00
5.890825271606445312e+00
5.715818405151367188e+00
5.881056785583496094e+00
5.991595745086669922e+00
5.864055633544921875e+00
5.863819122314453125e+00
5.868010520935058594e+00
5.756540298461914062e+00
5.917428493499755859e+00
5.876393318176269531e+00
5.773088932037353516e+00
5.920428276062011719e+00
5.791307449340820312e+00
5.760559082031250000e+00
5.861006736755371094e+00
5.829487323760986328e+00
5.758975028991699219e+00
5.685080051422119141e+00
5.877195358276367188e+00
5.854803085327148438e+00
5.862037181854248047e+00
5.963599681854248047e+00
5.761631488800048828e+00
5.828765392303466797e+00
5.737099647521972656e+00
5.818048954010009766e+00
5.969660758972167969e+00
5.757243156433105469e+00
6.007281780242919922e+00
5.859764099121093750e+00
5.889450073242187500e+00
5.884357452392578125e+00
5.905919551849365234e+00
5.846619129180908203e+00
5.839915275573730469e+00
5.737356185913085938e+00
5.847612380981445312e+00
5.901285171508789062e+00
5.963021755218505859e+00
5.836852073669433594e+00
6.073253631591796875e+00
5.963526725769042969e+00
5.893564224243164062e+00
5.940301895141601562e+00
5.800457477569580078e+00
5.839137554168701172e+00
6.005795478820800781e+00
5.848480224609375000e+00
5.718538761138916016e+00
5.740622997283935547e+00
5.817816734313964844e+00
5.766925811767578125e+00
5.770074367523193359e+00
5.755634307861328125e+00
5.814151287078857422e+00
5.894007682800292969e+00
5.960978031158447266e+00
5.765814781188964844e+00
5.973293304443359375e+00
5.844670772552490234e+00
5.781546115875244141e+00
5.907249927520751953e+00
5.781803131103515625e+00
5.758163452148437500e+00
5.695974349975585938e+00
5.763729572296142578e+00
5.792154788970947266e+00
5.795702457427978516e+00
5.839343547821044922e+00
5.779879570007324219e+00
5.730239868164062500e+00
5.789087295532226562e+00
5.834986686706542969e+00
6.013915061950683594e+00
5.803568840026855469e+00
5.826387405395507812e+00
5.823723793029785156e+00
5.817965984344482422e+00
5.889906406402587891e+00
5.762269973754882812e+00
5.811802387237548828e+00
5.893315792083740234e+00
5.674158573150634766e+00
5.864167213439941406e+00
5.790323257446289062e+00
5.925288677215576172e+00
5.822540283203125000e+00
5.890533924102783203e+00
5.769365787506103516e+00
5.721302032470703125e+00
5.800059318542480469e+00
5.772238731384277344e+00
5.855946540832519531e+00
6.001826286315917969e+00
5.804030895233154297e+00
5.864170074462890625e+00
5.867071151733398438e+00
5.835553169250488281e+00
5.793018341064453125e+00
5.785414218902587891e+00
5.822091579437255859e+00
5.741519927978515625e+00
5.759673118591308594e+00
5.862691879272460938e+00
5.782503604888916016e+00
5.813561439514160156e+00
5.948472976684570312e+00
5.771256923675537109e+00
5.824000835418701172e+00
5.943730354309082031e+00
5.784801483154296875e+00
5.925424575805664062e+00
5.700802803039550781e+00
5.868209838867187500e+00
5.838824272155761719e+00
5.796384811401367188e+00
5.878750801086425781e+00
5.767095565795898438e+00
5.799770832061767578e+00
5.868873596191406250e+00
5.890403270721435547e+00
5.837404251098632812e+00
5.761064052581787109e+00
5.829790115356445312e+00
5.832070827484130859e+00
5.862439155578613281e+00
5.748208045959472656e+00
5.832187175750732422e+00
5.822368621826171875e+00
5.861730575561523438e+00
5.796201229095458984e+00
5.769320487976074219e+00
5.769927024841308594e+00
5.832537651062011719e+00
5.889632701873779297e+00
5.822690486907958984e+00
5.941602706909179688e+00
5.829408168792724609e+00
5.905983924865722656e+00
5.842189788818359375e+00
5.968293190002441406e+00
5.870343685150146484e+00
5.861168861389160156e+00
5.839205741882324219e+00
5.800859928131103516e+00
5.810879707336425781e+00
5.787688255310058594e+00
5.774022102355957031e+00
5.778060913085937500e+00
5.850949287414550781e+00
5.794058799743652344e+00
5.734117984771728516e+00
5.741243362426757812e+00
5.771454811096191406e+00
5.711029529571533203e+00
5.822411060333251953e+00
5.714837074279785156e+00
5.733793735504150391e+00
5.755808353424072266e+00
5.754996299743652344e+00
5.656421661376953125e+00
5.784867286682128906e+00
5.783937931060791016e+00
5.943708419799804688e+00
5.858309268951416016e+00
5.716186046600341797e+00
5.857066154479980469e+00
5.825396537780761719e+00
5.813405990600585938e+00
5.789275646209716797e+00
5.783933162689208984e+00
5.923336982727050781e+00
5.832214832305908203e+00
5.831994056701660156e+00
5.886898040771484375e+00
5.785864353179931641e+00
5.725831031799316406e+00
5.883259773254394531e+00
5.968488693237304688e+00
5.873013973236083984e+00
5.810042381286621094e+00
5.930445194244384766e+00
5.962096214294433594e+00
5.751650333404541016e+00
5.698681831359863281e+00
5.762981414794921875e+00
5.806024551391601562e+00
5.699999332427978516e+00
5.733391761779785156e+00
5.799840927124023438e+00
5.895244598388671875e+00
5.896010875701904297e+00
5.828567028045654297e+00
5.745863437652587891e+00
5.944905281066894531e+00
5.742022991180419922e+00
5.728631496429443359e+00
5.829136848449707031e+00
5.752439498901367188e+00
5.757819175720214844e+00
5.722482204437255859e+00
5.787316799163818359e+00
5.817919731140136719e+00
5.709929943084716797e+00
5.844637870788574219e+00
5.815416336059570312e+00
5.770083427429199219e+00
5.739477157592773438e+00
5.876664638519287109e+00
5.744025230407714844e+00
5.817456245422363281e+00
5.684374809265136719e+00
5.794014453887939453e+00
5.790343284606933594e+00
5.795285224914550781e+00
5.826022624969482422e+00
5.642688751220703125e+00
5.709557056427001953e+00
5.833297252655029297e+00
5.797747611999511719e+00
5.660913944244384766e+00
5.740071296691894531e+00
5.967466354370117188e+00
5.794878959655761719e+00
5.877885818481445312e+00
5.880755424499511719e+00
5.905025005340576172e+00
5.729371070861816406e+00
5.811746120452880859e+00
5.826443672180175781e+00
5.781339168548583984e+00
5.865944385528564453e+00
5.678205490112304688e+00
5.835090637207031250e+00
5.791252613067626953e+00
5.819260597229003906e+00
5.760575294494628906e+00
5.771615982055664062e+00
5.777260780334472656e+00
5.780643463134765625e+00
5.930636882781982422e+00
5.802145957946777344e+00
5.782348155975341797e+00
5.782387733459472656e+00
5.762826919555664062e+00
5.830070018768310547e+00
5.743426322937011719e+00
5.804615020751953125e+00
5.685260772705078125e+00
5.694007873535156250e+00
5.979352951049804688e+00
5.716331481933593750e+00
5.859179496765136719e+00
5.874851226806640625e+00
5.712354660034179688e+00
5.916347026824951172e+00
5.746561050415039062e+00
5.766575336456298828e+00
5.798312187194824219e+00
5.703837394714355469e+00
5.669908046722412109e+00
5.846302986145019531e+00
5.927985668182373047e+00
5.769290447235107422e+00
5.782892227172851562e+00
5.783805847167968750e+00
5.720012664794921875e+00
5.787726879119873047e+00
