6.863897800445556641e+00
6.817313671112060547e+00
6.717668056488037109e+00
6.594711780548095703e+00
6.489767551422119141e+00
6.445382118225097656e+00
6.447939395904541016e+00
6.428334236145019531e+00
6.434543609619140625e+00
6.335004329681396484e+00
6.536614418029785156e+00
6.546559333801269531e+00
6.420441150665283203e+00
6.414637088775634766e+00
6.384830474853515625e+00
6.528430461883544922e+00
6.354430675506591797e+00
6.357956886291503906e+00
6.334863662719726562e+00
6.478485584259033203e+00
6.245291709899902344e+00
6.369665622711181641e+00
6.253749847412109375e+00
6.268755912780761719e+00
6.340592384338378906e+00
6.242544174194335938e+00
6.365544795989990234e+00
6.354741573333740234e+00
6.227474212646484375e+00
6.246199131011962891e+00
6.232296466827392578e+00
6.228516101837158203e+00
6.384280204772949219e+00
6.281783103942871094e+00
6.387529850006103516e+00
6.243133544921875000e+00
6.240513801574707031e+00
6.271781921386718750e+00
6.256078720092773438e+00
6.206142425537109375e+00
6.261608123779296875e+00
6.295522689819335938e+00
6.184293746948242188e+00
6.199380874633789062e+00
6.214692115783691406e+00
6.151266098022460938e+00
6.131353378295898438e+00
6.210110664367675781e+00
6.184645175933837891e+00
6.157213211059570312e+00
6.161377906799316406e+00
6.277522087097167969e+00
6.155510902404785156e+00
6.159108161926269531e+00
6.149558067321777344e+00
6.101716518402099609e+00
6.213376522064208984e+00
6.239282131195068359e+00
6.179803371429443359e+00
6.156059265136718750e+00
6.161789894104003906e+00
6.211468696594238281e+00
6.129037857055664062e+00
6.060706138610839844e+00
6.035762786865234375e+00
6.192582130432128906e+00
6.213573455810546875e+00
6.087577819824218750e+00
6.153960227966308594e+00
6.199005603790283203e+00
6.034580230712890625e+00
6.142383098602294922e+00
6.056454181671142578e+00
6.081532478332519531e+00
6.055048465728759766e+00
6.302401065826416016e+00
6.189169883728027344e+00
6.115031242370605469e+00
6.177453994750976562e+00
6.208772659301757812e+00
6.132859706878662109e+00
6.107318878173828125e+00
6.045940399169921875e+00
6.125239849090576172e+00
6.048258304595947266e+00
6.132528305053710938e+00
6.092836380004882812e+00
6.049865722656250000e+00
6.008101463317871094e+00
6.425264358520507812e+00
6.038614749908447266e+00
6.128770351409912109e+00
6.145776271820068359e+00
6.171592235565185547e+00
6.104237556457519531e+00
6.260962009429931641e+00
6.083477020263671875e+00
6.095464229583740234e+00
6.122799396514892578e+00
6.194583415985107422e+00
6.121170520782470703e+00
6.069423198699951172e+00
6.043213367462158203e+00
6.098390102386474609e+00
5.977772712707519531e+00
6.014918327331542969e+00
6.109402656555175781e+00
5.987233638763427734e+00
5.969570159912109375e+00
6.023932933807373047e+00
6.145412445068359375e+00
6.068858146667480469e+00
6.109877109527587891e+00
6.106592178344726562e+00
6.307165145874023438e+00
6.090504646301269531e+00
6.002880573272705078e+00
6.084940910339355469e+00
6.107559204101562500e+00
6.153859615325927734e+00
5.984377861022949219e+00
6.169834613800048828e+00
6.104324340820312500e+00
6.156829833984375000e+00
5.985628128051757812e+00
6.298338890075683594e+00
6.153548717498779297e+00
6.047655105590820312e+00
6.081053256988525391e+00
6.097656250000000000e+00
6.024155139923095703e+00
5.960557937622070312e+00
6.376135349273681641e+00
6.089488983154296875e+00
6.154171943664550781e+00
6.033471107482910156e+00
5.994920730590820312e+00
6.057161331176757812e+00
6.106450080871582031e+00
5.964316368103027344e+00
5.948109626770019531e+00
6.123044013977050781e+00
6.215551853179931641e+00
5.996052265167236328e+00
6.043750762939453125e+00
6.113449096679687500e+00
6.050689220428466797e+00
6.026294708251953125e+00
6.063794136047363281e+00
6.019156455993652344e+00
6.080897808074951172e+00
6.067236900329589844e+00
6.073971748352050781e+00
6.141073226928710938e+00
5.955858707427978516e+00
6.068941116333007812e+00
6.007595062255859375e+00
6.068374633789062500e+00
6.093341350555419922e+00
5.963475704193115234e+00
6.005645275115966797e+00
6.206734657287597656e+00
6.133403778076171875e+00
6.028755664825439453e+00
6.103924274444580078e+00
6.150139331817626953e+00
6.238298892974853516e+00
5.959489822387695312e+00
6.217400550842285156e+00
6.017605304718017578e+00
6.064727306365966797e+00
5.902426719665527344e+00
5.991362571716308594e+00
6.109797954559326172e+00
6.058238029479980469e+00
5.997118949890136719e+00
6.022348403930664062e+00
6.062260627746582031e+00
6.074243545532226562e+00
6.039968013763427734e+00
6.129773139953613281e+00
6.159582138061523438e+00
6.018320083618164062e+00
6.160649776458740234e+00
6.049151420593261719e+00
6.130521774291992188e+00
6.002671718597412109e+00
5.943320274353027344e+00
5.998821735382080078e+00
6.006640434265136719e+00
6.081822872161865234e+00
6.032227516174316406e+00
5.970865249633789062e+00
6.070385932922363281e+00
6.088487625122070312e+00
6.085804939270019531e+00
6.072884082794189453e+00
5.924504756927490234e+00
5.987377166748046875e+00
6.092084407806396484e+00
6.130905151367187500e+00
6.048308849334716797e+00
6.157314300537109375e+00
6.256028175354003906e+00
6.045001029968261719e+00
6.086257457733154297e+00
6.195762157440185547e+00
6.085301399230957031e+00
5.985785484313964844e+00
6.201843261718750000e+00
5.944862365722656250e+00
6.061374664306640625e+00
6.120861530303955078e+00
6.105576992034912109e+00
5.987401008605957031e+00
5.964633941650390625e+00
5.925346374511718750e+00
6.136518001556396484e+00
5.948869228363037109e+00
6.044349670410156250e+00
5.990715026855468750e+00
6.183818340301513672e+00
6.010448455810546875e+00
6.126772880554199219e+00
5.964633941650390625e+00
5.928715705871582031e+00
6.159073829650878906e+00
5.952305793762207031e+00
6.045957088470458984e+00
6.041210174560546875e+00
5.975227355957031250e+00
5.936199188232421875e+00
5.972666263580322266e+00
6.127483367919921875e+00
5.997307300567626953e+00
5.978219985961914062e+00
5.870903015136718750e+00
6.182734966278076172e+00
5.917827606201171875e+00
5.895169258117675781e+00
5.936735153198242188e+00
5.947397232055664062e+00
6.000838279724121094e+00
6.164635181427001953e+00
6.015604019165039062e+00
6.133281707763671875e+00
5.978774547576904297e+00
5.941379070281982422e+00
5.972667694091796875e+00
6.099161624908447266e+00
6.012675762176513672e+00
6.006880760192871094e+00
5.980781555175781250e+00
6.005660057067871094e+00
5.923098087310791016e+00
6.037677764892578125e+00
6.005263328552246094e+00
6.084959506988525391e+00
5.847226619720458984e+00
5.994694232940673828e+00
6.027741432189941406e+00
6.005263805389404297e+00
5.952708244323730469e+00
5.987307548522949219e+00
5.923145294189453125e+00
5.941901206970214844e+00
5.911521911621093750e+00
6.019423007965087891e+00
5.946519374847412109e+00
6.008064270019531250e+00
5.959403038024902344e+00
6.098239421844482422e+00
5.987171173095703125e+00
5.999981403350830078e+00
5.871567726135253906e+00
5.968451499938964844e+00
5.967113494873046875e+00
5.910003662109375000e+00
5.896677970886230469e+00
5.943686962127685547e+00
6.091904163360595703e+00
6.003363609313964844e+00
5.975823402404785156e+00
5.916839599609375000e+00
6.189512252807617188e+00
6.002629280090332031e+00
5.993489265441894531e+00
5.971152782440185547e+00
6.249153614044189453e+00
6.096303939819335938e+00
6.056580066680908203e+00
5.904244422912597656e+00
5.996265411376953125e+00
5.960153579711914062e+00
5.935849189758300781e+00
5.962797164916992188e+00
6.039114952087402344e+00
6.028553009033203125e+00
5.965173721313476562e+00
5.958066463470458984e+00
5.975996017456054688e+00
5.918652534484863281e+00
6.146159648895263672e+00
5.929160594940185547e+00
6.077090263366699219e+00
5.973751068115234375e+00
5.998609066009521484e+00
5.988107204437255859e+00
5.997795581817626953e+00
6.055411338806152344e+00
6.062218189239501953e+00
6.035486221313476562e+00
6.018599510192871094e+00
5.996689319610595703e+00
6.089420318603515625e+00
5.963302612304687500e+00
6.041897296905517578e+00
6.030983448028564453e+00
5.934649467468261719e+00
6.207863807678222656e+00
5.965875625610351562e+00
6.082834243774414062e+00
5.930051803588867188e+00
5.933650970458984375e+00
5.980973243713378906e+00
6.074006557464599609e+00
6.041224479675292969e+00
6.160757541656494141e+00
5.910967350006103516e+00
6.234098434448242188e+00
5.986896514892578125e+00
5.961864948272705078e+00
5.986459732055664062e+00
5.991124153137207031e+00
5.929227828979492188e+00
5.960046768188476562e+00
5.942832946777343750e+00
6.063356399536132812e+00
5.942215919494628906e+00
5.993799686431884766e+00
6.050573348999023438e+00
6.071673393249511719e+00
5.915056228637695312e+00
5.971048355102539062e+00
5.992090702056884766e+00
5.922855377197265625e+00
5.976821899414062500e+00
5.891225337982177734e+00
6.008160114288330078e+00
6.003372669219970703e+00
5.980224132537841797e+00
5.871896266937255859e+00
5.954711914062500000e+00
5.925415515899658203e+00
6.184579849243164062e+00
5.979280471801757812e+00
5.955460071563720703e+00
6.055391311645507812e+00
5.872152805328369141e+00
5.940497398376464844e+00
6.020728588104248047e+00
6.090522766113281250e+00
5.985810756683349609e+00
6.090672969818115234e+00
6.284583568572998047e+00
5.960406303405761719e+00
6.008661270141601562e+00
6.001945972442626953e+00
5.958936691284179688e+00
5.902168273925781250e+00
5.900187492370605469e+00
5.996855735778808594e+00
5.943522453308105469e+00
5.970102310180664062e+00
5.935237884521484375e+00
5.905397891998291016e+00
6.043441772460937500e+00
5.991205215454101562e+00
6.047550201416015625e+00
6.056400775909423828e+00
6.155184745788574219e+00
5.931228160858154297e+00
6.020312309265136719e+00
5.937211990356445312e+00
5.915431976318359375e+00
6.066499710083007812e+00
5.869206905364990234e+00
5.857910156250000000e+00
6.075504779815673828e+00
6.146457195281982422e+00
5.957279205322265625e+00
6.066343784332275391e+00
6.040300369262695312e+00
5.916948318481445312e+00
5.986047267913818359e+00
5.941718101501464844e+00
5.915198802947998047e+00
6.027543067932128906e+00
5.998759746551513672e+00
5.961502552032470703e+00
6.057843208312988281e+00
5.932371139526367188e+00
6.033053398132324219e+00
6.067911624908447266e+00
6.019231796264648438e+00
6.015455245971679688e+00
5.974125862121582031e+00
5.906230926513671875e+00
5.786392211914062500e+00
6.038827896118164062e+00
6.022871017456054688e+00
6.024720191955566406e+00
5.936372280120849609e+00
5.919202327728271484e+00
5.967281818389892578e+00
6.048515319824218750e+00
6.019092559814453125e+00
5.960029125213623047e+00
5.944793701171875000e+00
5.994632720947265625e+00
5.951112747192382812e+00
5.893367767333984375e+00
5.995025634765625000e+00
6.041816711425781250e+00
5.935143470764160156e+00
6.094173431396484375e+00
6.059319019317626953e+00
5.897893428802490234e+00
5.981565952301025391e+00
5.969015598297119141e+00
5.913492202758789062e+00
6.160295486450195312e+00
6.074467658996582031e+00
6.168615341186523438e+00
6.011598587036132812e+00
6.062758922576904297e+00
6.074851512908935547e+00
6.021611690521240234e+00
5.971261024475097656e+00
5.985720634460449219e+00
6.020977497100830078e+00
6.052993297576904297e+00
5.892089843750000000e+00
6.115881919860839844e+00
5.988800048828125000e+00
6.004677772521972656e+00
6.159844398498535156e+00
5.981870174407958984e+00
5.962401390075683594e+00
5.881343841552734375e+00
6.014985084533691406e+00
5.950394630432128906e+00
5.950195312500000000e+00
6.103979110717773438e+00
5.920470714569091797e+00
6.047196388244628906e+00
6.070404052734375000e+00
6.048247337341308594e+00
6.075178146362304688e+00
6.014354705810546875e+00
5.980837821960449219e+00
5.997757911682128906e+00
6.076585769653320312e+00
6.110901832580566406e+00
5.913746356964111328e+00
6.004755020141601562e+00
5.980422973632812500e+00
5.992350578308105469e+00
6.125638008117675781e+00
5.848907947540283203e+00
5.926103115081787109e+00
6.044780254364013672e+00
5.947284698486328125e+00
5.939807891845703125e+00
5.913287162780761719e+00
5.938197612762451172e+00
5.853317260742187500e+00
6.072546005249023438e+00
5.916074752807617188e+00
5.988252639770507812e+00
5.891510486602783203e+00
5.900359153747558594e+00
5.936478614807128906e+00
5.872140407562255859e+00
5.978302478790283203e+00
6.003425598144531250e+00
5.898063659667968750e+00
5.925426959991455078e+00
5.916157245635986328e+00
5.909050941467285156e+00
5.949189186096191406e+00
5.857129573822021484e+00
6.007132053375244141e+00
6.042595863342285156e+00
5.917124748229980469e+00
5.901129722595214844e+00
5.962713718414306641e+00
5.970290660858154297e+00
5.956150054931640625e+00
5.926159381866455078e+00
5.904168605804443359e+00
5.855180263519287109e+00
6.006908416748046875e+00
5.964981555938720703e+00
6.034188270568847656e+00
5.939820766448974609e+00
5.911682128906250000e+00
5.904190063476562500e+00
6.010861873626708984e+00
5.997460842132568359e+00
5.925010681152343750e+00
5.989204406738281250e+00
5.881089210510253906e+00
5.992080688476562500e+00
6.021234512329101562e+00
6.097054958343505859e+00
5.946046352386474609e+00
6.024761199951171875e+00
5.956422805786132812e+00
5.955343723297119141e+00
5.891721248626708984e+00
5.956915855407714844e+00
6.001191616058349609e+00
5.943242073059082031e+00
6.033926963806152344e+00
5.946706771850585938e+00
5.926656723022460938e+00
5.996598720550537109e+00
5.978430271148681641e+00
5.988775253295898438e+00
5.992151260375976562e+00
5.859972476959228516e+00
5.889577388763427734e+00
6.057253837585449219e+00
6.072228908538818359e+00
6.023853778839111328e+00
5.920742511749267578e+00
6.068924903869628906e+00
5.921434402465820312e+00
5.913416862487792969e+00
5.885313987731933594e+00
6.031369209289550781e+00
5.807065010070800781e+00
5.925567626953125000e+00
5.944284915924072266e+00
5.886767387390136719e+00
5.887938499450683594e+00
6.064673900604248047e+00
6.027765274047851562e+00
5.920591831207275391e+00
5.865676879882812500e+00
5.829169750213623047e+00
5.939128398895263672e+00
5.983850002288818359e+00
5.939733505249023438e+00
6.030147552490234375e+00
6.089282512664794922e+00
5.974712371826171875e+00
5.941194057464599609e+00
5.971213817596435547e+00
5.853815078735351562e+00
5.904775142669677734e+00
5.939811706542968750e+00
6.000898838043212891e+00
5.925832748413085938e+00
5.887546539306640625e+00
5.979911327362060547e+00
5.868460655212402344e+00
5.852975368499755859e+00
6.010704040527343750e+00
5.875388622283935547e+00
5.943271636962890625e+00
6.068764686584472656e+00
6.063242435455322266e+00
5.871305465698242188e+00
6.026128768920898438e+00
6.053816795349121094e+00
6.055114269256591797e+00
5.950972557067871094e+00
5.890193462371826172e+00
6.007277965545654297e+00
6.008803367614746094e+00
5.945182323455810547e+00
6.129740715026855469e+00
5.999953269958496094e+00
6.132965087890625000e+00
6.014453887939453125e+00
5.867626667022705078e+00
6.057160377502441406e+00
5.923705101013183594e+00
5.950114727020263672e+00
5.876345634460449219e+00
5.871584415435791016e+00
6.175343513488769531e+00
6.125838279724121094e+00
6.027688503265380859e+00
6.049526214599609375e+00
5.968287467956542969e+00
5.957502365112304688e+00
5.937559127807617188e+00
5.951674461364746094e+00
5.994332313537597656e+00
5.938467502593994141e+00
5.841127395629882812e+00
6.152602195739746094e+00
5.952749252319335938e+00
5.837147712707519531e+00
5.965251922607421875e+00
5.957755088806152344e+00
5.961509704589843750e+00
6.003036022186279297e+00
5.930213928222656250e+00
5.853445053100585938e+00
5.949597358703613281e+00
6.095051765441894531e+00
5.968589782714843750e+00
5.972426414489746094e+00
5.838013172149658203e+00
6.033630847930908203e+00
6.060550212860107422e+00
5.802348613739013672e+00
5.921703338623046875e+00
6.017703533172607422e+00
5.931008338928222656e+00
5.850190162658691406e+00
5.947840690612792969e+00
5.809688568115234375e+00
5.823345661163330078e+00
5.870095252990722656e+00
6.097986698150634766e+00
5.880733966827392578e+00
5.963598251342773438e+00
5.834701538085937500e+00
5.878316879272460938e+00
5.910099029541015625e+00
5.854933738708496094e+00
5.937376022338867188e+00
5.895196914672851562e+00
5.935268402099609375e+00
6.016793727874755859e+00
5.962352752685546875e+00
5.881434917449951172e+00
6.035189628601074219e+00
5.965100765228271484e+00
6.079946517944335938e+00
5.868327140808105469e+00
5.957607746124267578e+00
5.824459075927734375e+00
6.041306972503662109e+00
6.191492557525634766e+00
5.954613685607910156e+00
5.934668540954589844e+00
5.933026313781738281e+00
5.856606483459472656e+00
5.898600578308105469e+00
5.922125816345214844e+00
5.927953720092773438e+00
5.937085151672363281e+00
5.930238246917724609e+00
5.989860534667968750e+00
5.896869182586669922e+00
5.927629470825195312e+00
5.751621246337890625e+00
5.973931312561035156e+00
5.997414112091064453e+00
5.927407741546630859e+00
6.099534511566162109e+00
5.928881645202636719e+00
5.979937553405761719e+00
5.930357933044433594e+00
5.931204795837402344e+00
5.928981781005859375e+00
6.022668361663818359e+00
6.016249179840087891e+00
5.999191284179687500e+00
5.883244514465332031e+00
5.947042465209960938e+00
5.886274337768554688e+00
5.974279403686523438e+00
5.942398548126220703e+00
5.953005790710449219e+00
6.025305747985839844e+00
5.861690521240234375e+00
5.858736038208007812e+00
5.917887687683105469e+00
5.954786300659179688e+00
5.910869598388671875e+00
5.857093811035156250e+00
6.001361846923828125e+00
5.879743099212646484e+00
6.034020900726318359e+00
5.881768226623535156e+00
5.898967266082763672e+00
5.892884254455566406e+00
5.986044883728027344e+00
6.150042057037353516e+00
5.868209362030029297e+00
5.938788890838623047e+00
6.004814624786376953e+00
5.865729808807373047e+00
5.853920459747314453e+00
6.035354614257812500e+00
5.984773635864257812e+00
5.887632369995117188e+00
6.053683757781982422e+00
5.956431865692138672e+00
5.860002517700195312e+00
5.940973758697509766e+00
5.986646652221679688e+00
6.010950088500976562e+00
5.885732650756835938e+00
5.860617637634277344e+00
5.950478553771972656e+00
5.923060417175292969e+00
6.042668819427490234e+00
5.879765510559082031e+00
5.871901035308837891e+00
5.901139736175537109e+00
5.878462791442871094e+00
5.901333808898925781e+00
5.803143501281738281e+00
5.969910144805908203e+00
6.059702873229980469e+00
5.948355197906494141e+00
5.969718933105468750e+00
5.896170616149902344e+00
6.092932701110839844e+00
6.053917407989501953e+00
5.992115497589111328e+00
5.976325511932373047e+00
5.946211814880371094e+00
5.887967109680175781e+00
5.842202186584472656e+00
6.031975269317626953e+00
5.827466011047363281e+00
6.022493362426757812e+00
5.798944950103759766e+00
5.965442657470703125e+00
5.854452133178710938e+00
5.956863403320312500e+00
5.898324012756347656e+00
6.015455245971679688e+00
5.969258308410644531e+00
5.907897949218750000e+00
5.938709259033203125e+00
5.903165817260742188e+00
5.981934070587158203e+00
5.967313766479492188e+00
5.996068954467773438e+00
5.998700141906738281e+00
5.872508525848388672e+00
6.006229877471923828e+00
5.865445137023925781e+00
5.787180900573730469e+00
6.075608730316162109e+00
5.972202777862548828e+00
5.974843025207519531e+00
5.875778198242187500e+00
5.875555992126464844e+00
5.868488311767578125e+00
5.887293338775634766e+00
5.866257667541503906e+00
5.912688255310058594e+00
5.974599838256835938e+00
5.904959678649902344e+00
6.002892971038818359e+00
5.911942958831787109e+00
5.944164752960205078e+00
5.926378250122070312e+00
5.926841735839843750e+00
5.872433662414550781e+00
5.941912174224853516e+00
5.953014850616455078e+00
5.957170009613037109e+00
6.195596218109130859e+00
5.934772491455078125e+00
5.917429924011230469e+00
5.876017093658447266e+00
5.906918525695800781e+00
5.972339630126953125e+00
5.854770660400390625e+00
5.880052566528320312e+00
5.903711795806884766e+00
5.934184074401855469e+00
5.991140365600585938e+00
5.967224597930908203e+00
5.975368499755859375e+00
5.904616355895996094e+00
5.884511947631835938e+00
5.989966392517089844e+00
5.858987808227539062e+00
5.851961135864257812e+00
5.907798767089843750e+00
5.936114788055419922e+00
5.852596282958984375e+00
5.799191474914550781e+00
6.046774864196777344e+00
5.936421871185302734e+00
5.911496639251708984e+00
5.886378765106201172e+00
5.854099273681640625e+00
5.885077953338623047e+00
6.001658439636230469e+00
5.984810829162597656e+00
5.870377540588378906e+00
5.952644348144531250e+00
5.920256614685058594e+00
5.899444580078125000e+00
5.911268234252929688e+00
5.926253318786621094e+00
5.876869678497314453e+00
5.843575954437255859e+00
5.778912067413330078e+00
5.928277969360351562e+00
6.027414798736572266e+00
5.925286293029785156e+00
5.843848705291748047e+00
6.040125370025634766e+00
6.117406368255615234e+00
5.876138687133789062e+00
5.864966392517089844e+00
5.909774780273437500e+00
5.859559059143066406e+00
5.877155780792236328e+00
5.929154872894287109e+00
5.922429084777832031e+00
5.969763278961181641e+00
5.964326858520507812e+00
5.872586250305175781e+00
5.891078948974609375e+00
5.865676879882812500e+00
5.928963661193847656e+00
5.895620346069335938e+00
5.874529838562011719e+00
5.987492084503173828e+00
5.980731010437011719e+00
5.939832687377929688e+00
5.834177970886230469e+00
5.913415431976318359e+00
5.971071243286132812e+00
5.952204704284667969e+00
5.942833900451660156e+00
5.986740589141845703e+00
5.907812118530273438e+00
5.863232612609863281e+00
5.978085517883300781e+00
5.949231624603271484e+00
5.905895709991455078e+00
5.827194213867187500e+00
5.877995491027832031e+00
6.099192619323730469e+00
5.896359920501708984e+00
5.942076206207275391e+00
5.921817302703857422e+00
5.890563011169433594e+00
5.872579574584960938e+00
5.907588958740234375e+00
5.910685539245605469e+00
5.857770442962646484e+00
5.852125167846679688e+00
5.838521003723144531e+00
5.936226367950439453e+00
5.807118892669677734e+00
5.857611656188964844e+00
5.986758232116699219e+00
5.879753112792968750e+00
5.825517654418945312e+00
5.890541076660156250e+00
5.958603858947753906e+00
5.908718109130859375e+00
5.884047031402587891e+00
5.853674888610839844e+00
5.963462829589843750e+00
5.843391895294189453e+00
5.842347621917724609e+00
5.878919601440429688e+00
5.832311153411865234e+00
5.917040348052978516e+00
5.978501319885253906e+00
5.851832389831542969e+00
5.885611534118652344e+00
5.884971618652343750e+00
5.988121032714843750e+00
5.860345840454101562e+00
5.950995445251464844e+00
5.931365966796875000e+00
5.948461532592773438e+00
5.810605049133300781e+00
5.911975860595703125e+00
5.971239089965820312e+00
5.914501667022705078e+00
5.860380172729492188e+00
5.852079868316650391e+00
6.021600723266601562e+00
5.855310916900634766e+00
5.850534439086914062e+00
5.838678359985351562e+00
6.011811733245849609e+00
5.858386516571044922e+00
6.041180133819580078e+00
6.032464981079101562e+00
5.891379833221435547e+00
5.915861129760742188e+00
5.839882373809814453e+00
5.846868038177490234e+00
6.099124908447265625e+00
5.883874893188476562e+00
5.969332695007324219e+00
5.881857872009277344e+00
5.955044746398925781e+00
6.022328853607177734e+00
6.022532463073730469e+00
5.804015159606933594e+00
5.818063735961914062e+00
6.008446693420410156e+00
5.855461120605468750e+00
5.955888748168945312e+00
5.921675205230712891e+00
5.933857917785644531e+00
5.894170284271240234e+00
6.011021137237548828e+00
5.886714458465576172e+00
5.853672504425048828e+00
5.971378326416015625e+00
5.954503059387207031e+00
5.943464279174804688e+00
5.994503498077392578e+00
5.921852111816406250e+00
5.996837139129638672e+00
5.917966365814208984e+00
5.964517593383789062e+00
6.030040740966796875e+00
5.833618640899658203e+00
5.954228878021240234e+00
6.083406448364257812e+00
5.905880451202392578e+00
6.088188171386718750e+00
5.865171432495117188e+00
6.000146865844726562e+00
5.856444835662841797e+00
5.933642387390136719e+00
5.865782260894775391e+00
5.890626430511474609e+00
5.882811546325683594e+00
5.865085124969482422e+00
5.809267520904541016e+00
5.878704071044921875e+00
5.899027347564697266e+00
5.896820068359375000e+00
5.849020004272460938e+00
6.068260669708251953e+00
5.878819942474365234e+00
5.836902618408203125e+00
5.852573871612548828e+00
5.925207614898681641e+00
5.810425281524658203e+00
5.901245117187500000e+00
5.940493583679199219e+00
5.885815620422363281e+00
5.881954193115234375e+00
5.773762226104736328e+00
6.074029922485351562e+00
5.870637416839599609e+00
5.840675354003906250e+00
5.896100044250488281e+00
5.944509983062744141e+00
5.994090557098388672e+00
5.875923633575439453e+00
5.865513801574707031e+00
5.864729881286621094e+00
