1.180264739990234375e+02
1.089500656127929688e+02
1.064432678222656250e+02
1.049414978027343750e+02
1.044605407714843750e+02
1.037552795410156250e+02
1.033165893554687500e+02
1.027819824218750000e+02
1.023687591552734375e+02
1.021045532226562500e+02
1.017230987548828125e+02
1.015544891357421875e+02
1.011440658569335938e+02
1.011324005126953125e+02
1.006941146850585938e+02
1.005246582031250000e+02
1.000250091552734375e+02
9.967340087890625000e+01
9.908557128906250000e+01
9.896432495117187500e+01
9.798447418212890625e+01
9.778590393066406250e+01
9.719248962402343750e+01
9.693906402587890625e+01
9.737638854980468750e+01
9.686713409423828125e+01
9.672242736816406250e+01
9.675817871093750000e+01
9.568232727050781250e+01
9.570815277099609375e+01
9.570348358154296875e+01
9.499790954589843750e+01
9.552824401855468750e+01
9.437998962402343750e+01
9.518249511718750000e+01
9.465924835205078125e+01
9.499044799804687500e+01
9.506872558593750000e+01
9.436640167236328125e+01
9.367997741699218750e+01
9.418578338623046875e+01
9.388345336914062500e+01
9.436185455322265625e+01
9.346859741210937500e+01
9.353594970703125000e+01
9.344490051269531250e+01
9.338111114501953125e+01
9.347752380371093750e+01
9.254173278808593750e+01
9.330186462402343750e+01
9.293274688720703125e+01
9.312057495117187500e+01
9.279357910156250000e+01
9.352427673339843750e+01
9.280363464355468750e+01
9.335417175292968750e+01
9.276701354980468750e+01
9.234919738769531250e+01
9.233299255371093750e+01
9.185545349121093750e+01
9.347651672363281250e+01
9.203221130371093750e+01
9.116139984130859375e+01
9.188507080078125000e+01
9.178293609619140625e+01
9.146530151367187500e+01
9.218111419677734375e+01
9.242638397216796875e+01
9.095123291015625000e+01
9.129220581054687500e+01
9.138850402832031250e+01
9.083435058593750000e+01
9.133412170410156250e+01
9.107569885253906250e+01
9.145867919921875000e+01
9.149572753906250000e+01
9.074044799804687500e+01
9.050829315185546875e+01
9.056893157958984375e+01
9.072012329101562500e+01
9.085043334960937500e+01
9.029897308349609375e+01
9.006500244140625000e+01
9.072409057617187500e+01
9.060084533691406250e+01
9.057112121582031250e+01
9.082025146484375000e+01
9.001927185058593750e+01
9.016612243652343750e+01
9.073255157470703125e+01
9.019893646240234375e+01
9.088353729248046875e+01
8.983842468261718750e+01
9.036752319335937500e+01
9.043234252929687500e+01
9.068490600585937500e+01
8.977602386474609375e+01
9.022023010253906250e+01
9.098735809326171875e+01
9.014303588867187500e+01
8.971093750000000000e+01
9.005538940429687500e+01
8.929378509521484375e+01
8.934597015380859375e+01
9.079515075683593750e+01
9.074189758300781250e+01
8.996697998046875000e+01
8.939878082275390625e+01
8.967658233642578125e+01
9.022386169433593750e+01
8.916259002685546875e+01
9.022741699218750000e+01
9.056155395507812500e+01
8.916732788085937500e+01
8.867264556884765625e+01
8.974593353271484375e+01
8.946516418457031250e+01
8.984285736083984375e+01
8.970735931396484375e+01
8.902700805664062500e+01
8.918537902832031250e+01
8.982995605468750000e+01
8.904586791992187500e+01
8.995960998535156250e+01
8.860489654541015625e+01
8.903112792968750000e+01
8.941009521484375000e+01
8.947043609619140625e+01
8.918981933593750000e+01
8.879405975341796875e+01
9.001084899902343750e+01
8.888337707519531250e+01
8.854840087890625000e+01
8.951373291015625000e+01
8.894841766357421875e+01
8.916648864746093750e+01
8.843933868408203125e+01
8.891456604003906250e+01
8.854324340820312500e+01
8.946680450439453125e+01
8.892480468750000000e+01
8.853051757812500000e+01
8.777230834960937500e+01
8.901446533203125000e+01
8.931958007812500000e+01
8.862737274169921875e+01
8.858666992187500000e+01
8.893124389648437500e+01
8.817898559570312500e+01
8.835964202880859375e+01
8.867733764648437500e+01
8.906836700439453125e+01
9.001260375976562500e+01
8.842590332031250000e+01
8.858503723144531250e+01
8.885104370117187500e+01
8.884319305419921875e+01
8.947968292236328125e+01
8.887980651855468750e+01
8.837451171875000000e+01
8.846089935302734375e+01
8.872440338134765625e+01
8.987190246582031250e+01
8.892964172363281250e+01
8.823521423339843750e+01
8.777985382080078125e+01
8.802145385742187500e+01
8.915708160400390625e+01
8.872748565673828125e+01
8.892567443847656250e+01
8.828622436523437500e+01
8.793885803222656250e+01
8.795146179199218750e+01
8.869799804687500000e+01
8.831712341308593750e+01
8.910847473144531250e+01
8.764682006835937500e+01
8.814982604980468750e+01
8.863513183593750000e+01
8.960704040527343750e+01
8.910392761230468750e+01
8.851127624511718750e+01
8.797172546386718750e+01
8.799616241455078125e+01
8.852653503417968750e+01
8.888423156738281250e+01
8.942195129394531250e+01
8.867929077148437500e+01
8.901918029785156250e+01
8.790000915527343750e+01
8.877714538574218750e+01
8.809693908691406250e+01
8.823177337646484375e+01
8.865702819824218750e+01
8.873912048339843750e+01
8.866017150878906250e+01
8.771369934082031250e+01
8.833035278320312500e+01
8.838250732421875000e+01
8.781703186035156250e+01
8.786934661865234375e+01
8.718797302246093750e+01
8.812229919433593750e+01
8.787571716308593750e+01
8.895148468017578125e+01
8.875613403320312500e+01
8.797520446777343750e+01
8.815751647949218750e+01
8.912154388427734375e+01
8.774400329589843750e+01
8.910020446777343750e+01
8.846901702880859375e+01
8.777621459960937500e+01
8.756399536132812500e+01
8.757135772705078125e+01
8.836958312988281250e+01
8.733094787597656250e+01
8.796762084960937500e+01
8.836379241943359375e+01
8.761129760742187500e+01
8.747470092773437500e+01
8.872875213623046875e+01
8.722943115234375000e+01
8.777944183349609375e+01
8.764485168457031250e+01
8.846093750000000000e+01
8.812808227539062500e+01
8.709988403320312500e+01
8.823957824707031250e+01
8.846887969970703125e+01
8.784738159179687500e+01
8.762335205078125000e+01
8.698515319824218750e+01
8.779985046386718750e+01
8.811466979980468750e+01
8.771408081054687500e+01
8.757327270507812500e+01
8.754929351806640625e+01
8.750241088867187500e+01
8.719937133789062500e+01
8.726806640625000000e+01
8.826078796386718750e+01
8.795182800292968750e+01
8.721017456054687500e+01
8.777922821044921875e+01
8.691864776611328125e+01
8.776545715332031250e+01
8.799163055419921875e+01
8.810760498046875000e+01
8.758464813232421875e+01
8.740519714355468750e+01
8.748255920410156250e+01
8.793426513671875000e+01
8.768590545654296875e+01
8.756307983398437500e+01
8.850890350341796875e+01
8.715803527832031250e+01
8.701029968261718750e+01
8.728607177734375000e+01
8.825854492187500000e+01
8.719464111328125000e+01
8.779602050781250000e+01
8.826106262207031250e+01
8.725387573242187500e+01
8.769888305664062500e+01
8.714237213134765625e+01
8.737677001953125000e+01
8.823255920410156250e+01
8.810723876953125000e+01
8.733714294433593750e+01
8.680596923828125000e+01
8.748533630371093750e+01
8.729936218261718750e+01
8.791468811035156250e+01
8.723226928710937500e+01
8.695718383789062500e+01
8.835195159912109375e+01
8.659488677978515625e+01
8.778339385986328125e+01
8.850051879882812500e+01
8.782196044921875000e+01
8.723053741455078125e+01
8.746509552001953125e+01
8.774073791503906250e+01
8.760173797607421875e+01
8.833651733398437500e+01
8.735114288330078125e+01
8.688000488281250000e+01
8.715109252929687500e+01
8.722955322265625000e+01
8.779394531250000000e+01
8.793915557861328125e+01
8.667076110839843750e+01
8.662597656250000000e+01
8.710470581054687500e+01
8.740135955810546875e+01
8.816357421875000000e+01
8.791049194335937500e+01
8.783165740966796875e+01
8.808993530273437500e+01
8.768801879882812500e+01
8.762014007568359375e+01
8.722808837890625000e+01
8.651103973388671875e+01
8.759762573242187500e+01
8.669334411621093750e+01
8.742388916015625000e+01
8.809693908691406250e+01
8.664556884765625000e+01
8.725605773925781250e+01
8.755459594726562500e+01
8.663354492187500000e+01
8.775872802734375000e+01
8.811347961425781250e+01
8.759620666503906250e+01
8.764627075195312500e+01
8.685182189941406250e+01
8.766059875488281250e+01
8.761241149902343750e+01
8.766740417480468750e+01
8.762927246093750000e+01
8.730619812011718750e+01
8.735437011718750000e+01
8.788467407226562500e+01
8.765749359130859375e+01
8.740187835693359375e+01
8.614544677734375000e+01
8.685337829589843750e+01
8.844914245605468750e+01
8.754162597656250000e+01
8.776889801025390625e+01
8.691592407226562500e+01
8.741407775878906250e+01
8.771211242675781250e+01
8.719706726074218750e+01
8.755375671386718750e+01
8.674258422851562500e+01
8.768819427490234375e+01
8.791065979003906250e+01
8.744036865234375000e+01
8.718565368652343750e+01
8.811280059814453125e+01
8.665899658203125000e+01
8.745373535156250000e+01
8.676023864746093750e+01
8.753640747070312500e+01
8.717123413085937500e+01
8.794064331054687500e+01
8.701692962646484375e+01
8.740582275390625000e+01
8.728562927246093750e+01
8.702428436279296875e+01
8.703163146972656250e+01
8.725108337402343750e+01
8.749160003662109375e+01
8.658193969726562500e+01
8.746887207031250000e+01
8.756462860107421875e+01
8.661582946777343750e+01
8.754724121093750000e+01
8.757240295410156250e+01
8.774522399902343750e+01
8.700783538818359375e+01
8.656082916259765625e+01
8.756587219238281250e+01
8.700590515136718750e+01
8.677494049072265625e+01
8.754744720458984375e+01
8.738899230957031250e+01
8.637387084960937500e+01
8.781391906738281250e+01
8.730438995361328125e+01
8.825653839111328125e+01
8.748156738281250000e+01
8.722080993652343750e+01
8.786138916015625000e+01
8.665573120117187500e+01
8.747599792480468750e+01
8.746614074707031250e+01
8.640902709960937500e+01
8.770190429687500000e+01
8.698181152343750000e+01
8.777389526367187500e+01
8.786391448974609375e+01
8.737115478515625000e+01
8.687446594238281250e+01
8.587281799316406250e+01
8.756886291503906250e+01
8.738872528076171875e+01
8.688550567626953125e+01
8.745797729492187500e+01
8.667489624023437500e+01
8.713379669189453125e+01
8.679586791992187500e+01
8.706937408447265625e+01
8.772015380859375000e+01
8.775843811035156250e+01
8.736085510253906250e+01
8.732472991943359375e+01
8.729042053222656250e+01
8.744616699218750000e+01
8.713502502441406250e+01
8.796403503417968750e+01
8.824491119384765625e+01
8.680412292480468750e+01
8.737768554687500000e+01
8.750761413574218750e+01
8.621675109863281250e+01
8.730503845214843750e+01
8.810365295410156250e+01
8.724475097656250000e+01
8.623716735839843750e+01
8.779629516601562500e+01
8.739561462402343750e+01
8.717094421386718750e+01
8.699152374267578125e+01
8.686921691894531250e+01
8.667698669433593750e+01
8.757118988037109375e+01
8.675679779052734375e+01
8.770383453369140625e+01
8.709673309326171875e+01
8.714791107177734375e+01
8.710304260253906250e+01
8.733634948730468750e+01
8.707862854003906250e+01
8.616940307617187500e+01
8.747827911376953125e+01
8.630975341796875000e+01
8.682557678222656250e+01
8.681704711914062500e+01
8.786122894287109375e+01
8.676647949218750000e+01
8.736187744140625000e+01
8.711686706542968750e+01
8.786753845214843750e+01
8.730643463134765625e+01
8.672145080566406250e+01
8.771517944335937500e+01
8.659967041015625000e+01
8.682133483886718750e+01
8.666134643554687500e+01
8.753324890136718750e+01
8.646333312988281250e+01
8.774043273925781250e+01
8.721191406250000000e+01
8.724376678466796875e+01
8.715959167480468750e+01
8.725947570800781250e+01
8.737295532226562500e+01
8.750875091552734375e+01
8.700559997558593750e+01
8.768809509277343750e+01
8.704350280761718750e+01
8.672840881347656250e+01
8.716070556640625000e+01
8.794532775878906250e+01
8.704432678222656250e+01
8.730083465576171875e+01
8.765362548828125000e+01
8.749111938476562500e+01
8.683506011962890625e+01
8.691355895996093750e+01
8.820584106445312500e+01
8.736005401611328125e+01
8.790370941162109375e+01
8.641457366943359375e+01
8.729638671875000000e+01
8.741168212890625000e+01
8.742139434814453125e+01
8.753981018066406250e+01
8.727698516845703125e+01
8.741918945312500000e+01
8.813788604736328125e+01
8.733480834960937500e+01
8.782273864746093750e+01
8.658947753906250000e+01
8.749771881103515625e+01
8.767118835449218750e+01
8.691371154785156250e+01
8.630587768554687500e+01
8.730292510986328125e+01
8.750789642333984375e+01
8.712373352050781250e+01
8.713758850097656250e+01
8.658762359619140625e+01
8.781187438964843750e+01
8.665435028076171875e+01
8.761871337890625000e+01
8.750384521484375000e+01
8.650579833984375000e+01
8.754073333740234375e+01
8.792263793945312500e+01
8.718082427978515625e+01
8.726567077636718750e+01
8.726676177978515625e+01
8.802346801757812500e+01
8.706106567382812500e+01
8.742395019531250000e+01
8.675422668457031250e+01
8.701513671875000000e+01
8.655963897705078125e+01
8.835204315185546875e+01
8.706814575195312500e+01
8.756325531005859375e+01
8.729673004150390625e+01
8.672785186767578125e+01
8.707265472412109375e+01
8.751033020019531250e+01
8.777697753906250000e+01
8.687819671630859375e+01
8.657675933837890625e+01
8.691179656982421875e+01
8.700790405273437500e+01
8.656639099121093750e+01
8.706480407714843750e+01
8.703231811523437500e+01
8.712170410156250000e+01
8.710951232910156250e+01
8.678554534912109375e+01
8.728378295898437500e+01
8.758673095703125000e+01
8.709375762939453125e+01
8.689828491210937500e+01
8.648091125488281250e+01
8.725577545166015625e+01
8.661494445800781250e+01
8.617432403564453125e+01
8.707502746582031250e+01
8.644367980957031250e+01
8.691238403320312500e+01
8.698123168945312500e+01
8.740355682373046875e+01
8.751049041748046875e+01
8.699903869628906250e+01
8.792461395263671875e+01
8.829353332519531250e+01
8.666921997070312500e+01
8.682072448730468750e+01
8.717121887207031250e+01
8.753051757812500000e+01
8.668037414550781250e+01
8.746664428710937500e+01
8.768408966064453125e+01
8.710820007324218750e+01
8.722280883789062500e+01
8.740436553955078125e+01
8.704254913330078125e+01
8.748155212402343750e+01
8.805775451660156250e+01
8.699808502197265625e+01
8.784386444091796875e+01
8.717700195312500000e+01
8.767267608642578125e+01
8.715948486328125000e+01
8.726950073242187500e+01
8.776959228515625000e+01
8.772401428222656250e+01
8.674797058105468750e+01
8.753491210937500000e+01
8.756831359863281250e+01
8.803091430664062500e+01
8.727603149414062500e+01
8.733448791503906250e+01
8.733888244628906250e+01
8.775421905517578125e+01
8.765231323242187500e+01
8.698152160644531250e+01
8.691194915771484375e+01
8.762150573730468750e+01
8.692080688476562500e+01
8.722226715087890625e+01
8.672303771972656250e+01
8.771357727050781250e+01
8.701137542724609375e+01
8.822949981689453125e+01
8.701799011230468750e+01
8.692304229736328125e+01
8.803976440429687500e+01
8.756079101562500000e+01
8.830955505371093750e+01
8.811290740966796875e+01
8.731126403808593750e+01
8.667959594726562500e+01
8.665357971191406250e+01
8.719842529296875000e+01
8.684665679931640625e+01
8.721220397949218750e+01
8.714530944824218750e+01
8.739317321777343750e+01
8.723121643066406250e+01
8.756242370605468750e+01
8.725167083740234375e+01
8.740611267089843750e+01
8.780598449707031250e+01
8.705656433105468750e+01
8.682436370849609375e+01
8.803968811035156250e+01
8.749235534667968750e+01
8.710046386718750000e+01
8.733953857421875000e+01
8.745320892333984375e+01
8.693406677246093750e+01
8.726484680175781250e+01
8.731369018554687500e+01
8.706632232666015625e+01
8.718028259277343750e+01
8.731758117675781250e+01
8.806044006347656250e+01
8.744802856445312500e+01
8.761294555664062500e+01
8.755049133300781250e+01
8.779483795166015625e+01
8.794491577148437500e+01
8.784338378906250000e+01
8.773294067382812500e+01
8.822379302978515625e+01
8.754675292968750000e+01
8.770114898681640625e+01
8.707842254638671875e+01
8.775137329101562500e+01
8.736842346191406250e+01
8.748324584960937500e+01
8.779056549072265625e+01
8.770849609375000000e+01
8.764299774169921875e+01
8.709268188476562500e+01
8.732115173339843750e+01
8.691931915283203125e+01
8.752777099609375000e+01
8.715072631835937500e+01
8.737422943115234375e+01
8.773600769042968750e+01
8.758224487304687500e+01
8.639710998535156250e+01
8.715968322753906250e+01
8.779161071777343750e+01
8.629736328125000000e+01
8.738664245605468750e+01
8.710025024414062500e+01
8.744766235351562500e+01
8.704708862304687500e+01
8.722636413574218750e+01
8.692577362060546875e+01
8.749623107910156250e+01
8.707003784179687500e+01
8.787542724609375000e+01
8.672424316406250000e+01
8.624192810058593750e+01
8.667433166503906250e+01
8.802878570556640625e+01
8.822552490234375000e+01
8.780583190917968750e+01
8.693794250488281250e+01
8.666393280029296875e+01
8.661233520507812500e+01
8.702571105957031250e+01
8.650111389160156250e+01
8.733836364746093750e+01
8.783561706542968750e+01
8.743229675292968750e+01
8.778407287597656250e+01
8.647323608398437500e+01
8.731132507324218750e+01
8.737820434570312500e+01
8.723626708984375000e+01
8.751847076416015625e+01
8.696157836914062500e+01
8.754964447021484375e+01
8.696237945556640625e+01
8.772415924072265625e+01
8.670117187500000000e+01
8.696478271484375000e+01
8.806190490722656250e+01
8.739273834228515625e+01
8.697625732421875000e+01
8.676200866699218750e+01
8.710701751708984375e+01
8.726416015625000000e+01
8.855036926269531250e+01
8.703717803955078125e+01
8.731945800781250000e+01
8.640961456298828125e+01
8.627944183349609375e+01
8.647351074218750000e+01
8.787615966796875000e+01
8.767355346679687500e+01
8.678160095214843750e+01
8.721065521240234375e+01
8.713069152832031250e+01
8.689788818359375000e+01
8.687416839599609375e+01
8.675885009765625000e+01
8.754129791259765625e+01
8.731241607666015625e+01
8.803851318359375000e+01
8.711268615722656250e+01
8.754764556884765625e+01
8.698886108398437500e+01
8.710221862792968750e+01
8.690529632568359375e+01
8.718397521972656250e+01
8.668908691406250000e+01
8.703670501708984375e+01
8.742237854003906250e+01
8.677182006835937500e+01
8.607057189941406250e+01
8.761756896972656250e+01
8.737655639648437500e+01
8.733021545410156250e+01
8.720913696289062500e+01
8.719213867187500000e+01
8.661068725585937500e+01
8.687069702148437500e+01
8.679353332519531250e+01
8.837779235839843750e+01
8.704034423828125000e+01
8.820018005371093750e+01
8.773963928222656250e+01
8.799537658691406250e+01
8.745981597900390625e+01
8.742241668701171875e+01
8.678536224365234375e+01
8.719503021240234375e+01
8.716293334960937500e+01
8.720122528076171875e+01
8.685446166992187500e+01
8.723590087890625000e+01
8.829913330078125000e+01
8.660403442382812500e+01
8.702822875976562500e+01
8.733566284179687500e+01
8.719848632812500000e+01
8.790525817871093750e+01
8.722747802734375000e+01
8.735165405273437500e+01
8.682563781738281250e+01
8.742385864257812500e+01
8.675494384765625000e+01
8.734865570068359375e+01
8.747827148437500000e+01
8.723518371582031250e+01
8.738838195800781250e+01
8.794929504394531250e+01
8.729034423828125000e+01
8.693599700927734375e+01
8.783154296875000000e+01
8.789099884033203125e+01
8.733699035644531250e+01
8.664176940917968750e+01
8.654307556152343750e+01
8.746079254150390625e+01
8.698304748535156250e+01
8.708449554443359375e+01
8.728063964843750000e+01
8.647645568847656250e+01
8.728788757324218750e+01
8.722029113769531250e+01
8.704226684570312500e+01
8.635224914550781250e+01
8.697662353515625000e+01
8.721298217773437500e+01
8.700050354003906250e+01
8.720780944824218750e+01
8.700788116455078125e+01
8.732297515869140625e+01
8.780445098876953125e+01
8.687575531005859375e+01
8.692018890380859375e+01
8.683806610107421875e+01
8.769966125488281250e+01
8.817970275878906250e+01
8.698127746582031250e+01
8.652050781250000000e+01
8.712522125244140625e+01
8.714528656005859375e+01
8.669033813476562500e+01
8.750926208496093750e+01
8.742157745361328125e+01
8.734362792968750000e+01
8.726847839355468750e+01
8.722552490234375000e+01
8.713562011718750000e+01
8.717733764648437500e+01
8.696443176269531250e+01
8.718778228759765625e+01
8.729885864257812500e+01
8.814380645751953125e+01
8.686858367919921875e+01
8.707363891601562500e+01
8.683179473876953125e+01
8.694461059570312500e+01
8.752810668945312500e+01
8.724414062500000000e+01
8.723306274414062500e+01
8.737313079833984375e+01
8.631898498535156250e+01
8.737223052978515625e+01
8.755096435546875000e+01
8.677156066894531250e+01
8.841080474853515625e+01
8.771438598632812500e+01
8.692906188964843750e+01
8.770476531982421875e+01
8.763352966308593750e+01
8.611544799804687500e+01
8.716110992431640625e+01
8.757949066162109375e+01
8.704597473144531250e+01
8.691430664062500000e+01
8.714729309082031250e+01
8.730320739746093750e+01
8.726519775390625000e+01
8.693698120117187500e+01
8.713576507568359375e+01
8.779772949218750000e+01
8.780620574951171875e+01
8.700447845458984375e+01
8.646990203857421875e+01
8.700406646728515625e+01
8.741209411621093750e+01
8.643637084960937500e+01
8.773217773437500000e+01
8.768655395507812500e+01
8.747390747070312500e+01
8.757459259033203125e+01
8.774909973144531250e+01
8.742602539062500000e+01
8.709761047363281250e+01
8.725628662109375000e+01
8.683391571044921875e+01
8.639929199218750000e+01
8.737361907958984375e+01
8.718023681640625000e+01
8.713014221191406250e+01
8.788761901855468750e+01
8.676643371582031250e+01
8.750308227539062500e+01
8.667144775390625000e+01
8.608960723876953125e+01
8.651100158691406250e+01
8.787397003173828125e+01
8.668420410156250000e+01
8.690046691894531250e+01
8.785933685302734375e+01
8.658786010742187500e+01
8.824621582031250000e+01
8.678225708007812500e+01
8.653824615478515625e+01
8.732298278808593750e+01
8.685105133056640625e+01
8.714840698242187500e+01
8.634840393066406250e+01
8.765341949462890625e+01
8.809216308593750000e+01
8.726385498046875000e+01
8.727117919921875000e+01
8.558216857910156250e+01
8.732681274414062500e+01
8.620767974853515625e+01
8.660778808593750000e+01
8.727570343017578125e+01
8.680183410644531250e+01
8.586468505859375000e+01
8.630601501464843750e+01
8.761235046386718750e+01
8.740501403808593750e+01
8.684083557128906250e+01
8.681134033203125000e+01
8.795887756347656250e+01
8.718823242187500000e+01
8.743840026855468750e+01
8.759434509277343750e+01
8.670952606201171875e+01
8.726712036132812500e+01
8.743818664550781250e+01
8.741880798339843750e+01
8.646560668945312500e+01
8.708337402343750000e+01
8.638777160644531250e+01
8.689274597167968750e+01
8.782812500000000000e+01
8.699494934082031250e+01
8.749333190917968750e+01
8.688478088378906250e+01
8.707286071777343750e+01
8.633789825439453125e+01
8.719573974609375000e+01
8.737561798095703125e+01
8.682176971435546875e+01
8.654359436035156250e+01
8.656655883789062500e+01
8.730925750732421875e+01
8.716596984863281250e+01
8.751962280273437500e+01
8.693447875976562500e+01
8.684698486328125000e+01
8.659544372558593750e+01
8.662361145019531250e+01
8.748517608642578125e+01
8.733612823486328125e+01
8.755141448974609375e+01
8.670561981201171875e+01
8.748406982421875000e+01
8.694088745117187500e+01
8.761974334716796875e+01
8.702294921875000000e+01
8.711164855957031250e+01
8.692744445800781250e+01
8.700871276855468750e+01
8.691611480712890625e+01
8.765834808349609375e+01
8.670098876953125000e+01
8.765852355957031250e+01
8.718084716796875000e+01
8.722338867187500000e+01
8.737112426757812500e+01
8.716566467285156250e+01
8.666734313964843750e+01
8.765577697753906250e+01
8.704550933837890625e+01
8.700144958496093750e+01
8.698735046386718750e+01
8.621739959716796875e+01
8.675418090820312500e+01
8.748892974853515625e+01
8.667105102539062500e+01
8.670309448242187500e+01
8.767607116699218750e+01
8.701605987548828125e+01
8.673658752441406250e+01
8.757380676269531250e+01
8.739674377441406250e+01
8.658621215820312500e+01
8.666326141357421875e+01
8.734283447265625000e+01
8.649087524414062500e+01
8.725318908691406250e+01
8.717656707763671875e+01
8.685399627685546875e+01
8.677668762207031250e+01
8.818785095214843750e+01
8.749170684814453125e+01
8.732719421386718750e+01
8.705047607421875000e+01
8.730012512207031250e+01
8.634123992919921875e+01
8.646864318847656250e+01
8.769003295898437500e+01
8.665440368652343750e+01
8.675964355468750000e+01
8.703005218505859375e+01
8.702474975585937500e+01
8.710946655273437500e+01
8.693725585937500000e+01
8.716606140136718750e+01
8.709505462646484375e+01
8.673999786376953125e+01
8.768460083007812500e+01
8.722577667236328125e+01
8.711745452880859375e+01
8.689419555664062500e+01
8.693325805664062500e+01
8.669220733642578125e+01
8.686020660400390625e+01
8.781376647949218750e+01
8.711103820800781250e+01
8.706622314453125000e+01
8.733267211914062500e+01
8.678352355957031250e+01
