6.820198059082031250e+00
6.696078300476074219e+00
6.623300552368164062e+00
6.468510150909423828e+00
6.406113147735595703e+00
6.376240253448486328e+00
6.247529029846191406e+00
6.223814010620117188e+00
6.404761791229248047e+00
6.561015129089355469e+00
6.351318359375000000e+00
6.197868824005126953e+00
6.115609169006347656e+00
6.180670738220214844e+00
6.430467128753662109e+00
6.173803329467773438e+00
6.236011505126953125e+00
6.086608886718750000e+00
6.193325042724609375e+00
5.966344833374023438e+00
5.973658084869384766e+00
6.061522960662841797e+00
6.056776046752929688e+00
6.000658988952636719e+00
6.003323554992675781e+00
5.996018886566162109e+00
5.957348823547363281e+00
5.983014106750488281e+00
5.972298622131347656e+00
6.104017257690429688e+00
6.167033672332763672e+00
5.991297245025634766e+00
6.059761047363281250e+00
6.027058124542236328e+00
5.901771068572998047e+00
5.927906036376953125e+00
5.964771270751953125e+00
6.201133728027343750e+00
5.881218433380126953e+00
5.955081939697265625e+00
5.837134838104248047e+00
6.027511119842529297e+00
5.935915946960449219e+00
6.239151000976562500e+00
6.041871547698974609e+00
6.038538932800292969e+00
6.042390346527099609e+00
5.893970966339111328e+00
6.015368461608886719e+00
6.001324653625488281e+00
6.025948524475097656e+00
5.924265861511230469e+00
5.843019962310791016e+00
5.951014995574951172e+00
5.898611068725585938e+00
5.997890949249267578e+00
5.970134735107421875e+00
5.890179157257080078e+00
5.885110378265380859e+00
6.046134948730468750e+00
5.886493682861328125e+00
5.902784347534179688e+00
5.768074512481689453e+00
5.964031696319580078e+00
5.930637359619140625e+00
5.830599308013916016e+00
5.916324615478515625e+00
6.010227203369140625e+00
5.945025444030761719e+00
5.810019016265869141e+00
5.872155189514160156e+00
5.825034618377685547e+00
5.943101406097412109e+00
5.891427040100097656e+00
5.841184616088867188e+00
5.862324237823486328e+00
5.860745906829833984e+00
5.921566486358642578e+00
5.849998474121093750e+00
6.140720844268798828e+00
5.854454040527343750e+00
5.911118030548095703e+00
5.840625762939453125e+00
5.903212547302246094e+00
5.909815311431884766e+00
5.882150650024414062e+00
5.948560714721679688e+00
5.826067924499511719e+00
6.118973255157470703e+00
5.970023632049560547e+00
6.003781318664550781e+00
5.793690681457519531e+00
5.890647411346435547e+00
5.896012783050537109e+00
5.827876091003417969e+00
6.005577564239501953e+00
6.164001464843750000e+00
6.019000053405761719e+00
6.009770393371582031e+00
6.038093566894531250e+00
5.891418457031250000e+00
5.937577247619628906e+00
5.904982566833496094e+00
5.945338726043701172e+00
5.859228610992431641e+00
5.834742069244384766e+00
5.828025817871093750e+00
5.893015861511230469e+00
5.956316947937011719e+00
5.829092025756835938e+00
5.852919578552246094e+00
6.020994186401367188e+00
5.891039371490478516e+00
5.802887916564941406e+00
5.913182735443115234e+00
5.823431015014648438e+00
5.878301620483398438e+00
5.808609962463378906e+00
6.001079559326171875e+00
5.890803813934326172e+00
6.005177021026611328e+00
5.783844470977783203e+00
5.777613639831542969e+00
5.787004947662353516e+00
5.788362026214599609e+00
5.832079887390136719e+00
5.982543468475341797e+00
5.882410049438476562e+00
5.866063117980957031e+00
5.806708812713623047e+00
6.008754730224609375e+00
5.774152278900146484e+00
6.081065177917480469e+00
5.946275711059570312e+00
5.779113769531250000e+00
5.815911293029785156e+00
5.860496520996093750e+00
5.924919128417968750e+00
5.699532508850097656e+00
5.834704399108886719e+00
5.845468997955322266e+00
5.878158569335937500e+00
6.012440204620361328e+00
5.963174343109130859e+00
5.927496433258056641e+00
5.887074470520019531e+00
5.811814308166503906e+00
5.757555961608886719e+00
5.924962997436523438e+00
5.851295471191406250e+00
5.877094745635986328e+00
5.915834903717041016e+00
5.738096237182617188e+00
5.770556449890136719e+00
5.791377067565917969e+00
5.671934127807617188e+00
5.797703742980957031e+00
5.726989746093750000e+00
5.756102561950683594e+00
5.792194843292236328e+00
5.777880191802978516e+00
5.789223670959472656e+00
5.712852478027343750e+00
5.744729042053222656e+00
5.896238327026367188e+00
5.788657665252685547e+00
5.742554664611816406e+00
5.867785453796386719e+00
5.836399078369140625e+00
5.837554454803466797e+00
5.846235275268554688e+00
5.811664581298828125e+00
5.746086597442626953e+00
5.773530960083007812e+00
5.728376865386962891e+00
5.793892383575439453e+00
5.728709220886230469e+00
5.749632835388183594e+00
5.811343669891357422e+00
5.824163436889648438e+00
5.830550193786621094e+00
5.940349102020263672e+00
5.824238300323486328e+00
5.757184982299804688e+00
5.831358909606933594e+00
5.805879116058349609e+00
5.756910800933837891e+00
5.806084632873535156e+00
5.901286125183105469e+00
5.701367378234863281e+00
5.851642131805419922e+00
5.855391979217529297e+00
5.732245922088623047e+00
5.708271026611328125e+00
5.706294059753417969e+00
5.795347213745117188e+00
5.765962123870849609e+00
5.783915519714355469e+00
5.772461891174316406e+00
5.703179359436035156e+00
5.789823532104492188e+00
5.750682830810546875e+00
5.780807018280029297e+00
5.744915962219238281e+00
5.619074344635009766e+00
5.855000495910644531e+00
5.717942714691162109e+00
5.816567420959472656e+00
5.802567481994628906e+00
5.916749477386474609e+00
5.815051078796386719e+00
5.791423797607421875e+00
5.952003955841064453e+00
5.800064563751220703e+00
5.759087085723876953e+00
5.843988418579101562e+00
5.747766971588134766e+00
5.958496570587158203e+00
5.786752700805664062e+00
5.830518245697021484e+00
5.775523185729980469e+00
5.722945213317871094e+00
5.771634578704833984e+00
5.777266025543212891e+00
5.762057304382324219e+00
5.746539592742919922e+00
5.869148254394531250e+00
5.773409843444824219e+00
5.761322021484375000e+00
5.779540061950683594e+00
5.926595687866210938e+00
5.928221702575683594e+00
5.969449043273925781e+00
5.726042747497558594e+00
5.785787105560302734e+00
5.881879806518554688e+00
5.854320526123046875e+00
5.763417243957519531e+00
5.867101669311523438e+00
5.833318710327148438e+00
5.727721691131591797e+00
5.785990238189697266e+00
5.832881450653076172e+00
5.761795997619628906e+00
5.797810554504394531e+00
5.929876327514648438e+00
5.780972480773925781e+00
5.753492832183837891e+00
5.753538131713867188e+00
5.658662796020507812e+00
5.805724143981933594e+00
5.668680667877197266e+00
5.816123962402343750e+00
5.646229267120361328e+00
5.695612907409667969e+00
5.770968437194824219e+00
5.809545040130615234e+00
5.805201530456542969e+00
5.757110595703125000e+00
5.856227397918701172e+00
5.706283092498779297e+00
5.708163261413574219e+00
5.686252117156982422e+00
5.802117824554443359e+00
5.821794033050537109e+00
5.722111701965332031e+00
5.755621910095214844e+00
5.823223590850830078e+00
5.710491180419921875e+00
5.806417942047119141e+00
5.738209247589111328e+00
5.746276855468750000e+00
5.714604377746582031e+00
5.753045082092285156e+00
5.889857292175292969e+00
5.751566886901855469e+00
5.949549674987792969e+00
5.835274219512939453e+00
5.802606105804443359e+00
5.798038959503173828e+00
5.650424957275390625e+00
5.806530952453613281e+00
5.741319656372070312e+00
5.870494365692138672e+00
5.680848598480224609e+00
5.725554466247558594e+00
5.714150428771972656e+00
5.770717144012451172e+00
5.716926574707031250e+00
5.785748481750488281e+00
5.731515407562255859e+00
5.758783340454101562e+00
5.681632995605468750e+00
5.718098640441894531e+00
5.752806663513183594e+00
5.812554359436035156e+00
5.690664768218994141e+00
5.650428295135498047e+00
5.750388145446777344e+00
5.696321487426757812e+00
5.723615169525146484e+00
5.907812595367431641e+00
5.682964324951171875e+00
5.702576637268066406e+00
5.742416858673095703e+00
5.745883464813232422e+00
5.754800796508789062e+00
5.696274757385253906e+00
5.730585575103759766e+00
5.715812683105468750e+00
5.928803443908691406e+00
5.741706848144531250e+00
5.782764911651611328e+00
5.781466960906982422e+00
5.737464904785156250e+00
5.972202301025390625e+00
5.834927558898925781e+00
5.857532501220703125e+00
5.750470638275146484e+00
5.848113536834716797e+00
5.836943149566650391e+00
5.742375373840332031e+00
5.691282272338867188e+00
5.781742095947265625e+00
5.650489807128906250e+00
5.739982604980468750e+00
5.725587368011474609e+00
5.751133441925048828e+00
5.765384674072265625e+00
5.746166706085205078e+00
5.698875427246093750e+00
5.738658428192138672e+00
5.944037437438964844e+00
5.809171676635742188e+00
5.684599399566650391e+00
5.774230480194091797e+00
5.797256469726562500e+00
5.624543190002441406e+00
5.814280509948730469e+00
5.730949878692626953e+00
5.677690505981445312e+00
5.717547416687011719e+00
5.767289638519287109e+00
5.698877334594726562e+00
5.689782619476318359e+00
5.681064605712890625e+00
5.718440055847167969e+00
5.777607917785644531e+00
5.738466262817382812e+00
5.738885879516601562e+00
5.923454761505126953e+00
5.795514106750488281e+00
5.709076881408691406e+00
5.657189369201660156e+00
5.730686187744140625e+00
5.781648635864257812e+00
5.859226703643798828e+00
5.877940177917480469e+00
5.813273429870605469e+00
5.728988170623779297e+00
5.781365871429443359e+00
5.704492568969726562e+00
5.655772209167480469e+00
5.676992893218994141e+00
5.677195072174072266e+00
5.713180541992187500e+00
5.715313434600830078e+00
5.724158763885498047e+00
5.773540019989013672e+00
5.730118751525878906e+00
5.712121486663818359e+00
5.724924087524414062e+00
5.771304130554199219e+00
5.657636642456054688e+00
5.708302497863769531e+00
5.790139198303222656e+00
5.674135208129882812e+00
5.709444522857666016e+00
5.655887126922607422e+00
5.676644325256347656e+00
5.862018585205078125e+00
5.609985351562500000e+00
5.663530349731445312e+00
5.656538009643554688e+00
5.665642738342285156e+00
5.649251461029052734e+00
5.690508842468261719e+00
5.697772502899169922e+00
5.740004062652587891e+00
5.853447437286376953e+00
5.730041503906250000e+00
5.624783039093017578e+00
5.652396202087402344e+00
5.668870449066162109e+00
5.861603736877441406e+00
5.769323348999023438e+00
5.829997062683105469e+00
5.742305755615234375e+00
5.724463462829589844e+00
5.744604587554931641e+00
5.753784179687500000e+00
5.731832027435302734e+00
5.690192699432373047e+00
5.821824550628662109e+00
5.651285648345947266e+00
5.768292427062988281e+00
5.633077621459960938e+00
5.613053798675537109e+00
5.670157432556152344e+00
5.969657897949218750e+00
5.720219135284423828e+00
5.655766487121582031e+00
5.709890365600585938e+00
5.644587516784667969e+00
5.781653404235839844e+00
5.715778350830078125e+00
5.675447463989257812e+00
5.733338356018066406e+00
5.708436012268066406e+00
5.740189552307128906e+00
5.722128868103027344e+00
5.744241714477539062e+00
5.643614292144775391e+00
5.924929618835449219e+00
5.728175640106201172e+00
5.833348274230957031e+00
5.930727481842041016e+00
5.737614154815673828e+00
5.809171199798583984e+00
5.729052066802978516e+00
5.650691509246826172e+00
5.693622589111328125e+00
5.754556655883789062e+00
5.636687278747558594e+00
5.764571189880371094e+00
5.792721748352050781e+00
5.709731101989746094e+00
5.719848155975341797e+00
5.666417598724365234e+00
5.671142101287841797e+00
5.931178092956542969e+00
5.746575355529785156e+00
5.714580535888671875e+00
5.664000034332275391e+00
5.747440814971923828e+00
5.688291072845458984e+00
5.828501701354980469e+00
5.820676803588867188e+00
5.819091320037841797e+00
5.839775085449218750e+00
5.601045131683349609e+00
5.700079441070556641e+00
5.831554889678955078e+00
5.736395835876464844e+00
5.684893608093261719e+00
5.679586410522460938e+00
5.715971946716308594e+00
5.827999591827392578e+00
5.795930862426757812e+00
5.799715995788574219e+00
5.745887756347656250e+00
5.762481689453125000e+00
5.727437019348144531e+00
5.791193962097167969e+00
5.655553817749023438e+00
5.627133369445800781e+00
5.696968555450439453e+00
5.691531658172607422e+00
5.717807769775390625e+00
5.766765594482421875e+00
5.691180229187011719e+00
5.713041305541992188e+00
5.703063964843750000e+00
5.639730453491210938e+00
5.752694129943847656e+00
5.714638710021972656e+00
5.787638664245605469e+00
5.697738647460937500e+00
5.668570041656494141e+00
5.871829986572265625e+00
5.883946895599365234e+00
5.802804946899414062e+00
5.745352745056152344e+00
5.770633697509765625e+00
5.652983188629150391e+00
5.910552501678466797e+00
5.811333656311035156e+00
5.645524024963378906e+00
5.660382270812988281e+00
5.665130138397216797e+00
5.732717514038085938e+00
5.714476585388183594e+00
5.666691780090332031e+00
5.780924320220947266e+00
5.821928977966308594e+00
5.633485794067382812e+00
5.891411781311035156e+00
5.722349166870117188e+00
5.645796775817871094e+00
5.785544395446777344e+00
5.773928642272949219e+00
5.908856391906738281e+00
5.681670188903808594e+00
5.908821105957031250e+00
5.756384849548339844e+00
5.682672023773193359e+00
5.806452274322509766e+00
5.724018096923828125e+00
5.756690025329589844e+00
5.820039749145507812e+00
5.685463905334472656e+00
5.632776260375976562e+00
5.753876209259033203e+00
5.750210762023925781e+00
5.708765983581542969e+00
5.908421516418457031e+00
5.684852123260498047e+00
5.713390350341796875e+00
5.947088241577148438e+00
5.699058055877685547e+00
5.626101493835449219e+00
5.720381736755371094e+00
5.655697345733642578e+00
5.819749832153320312e+00
5.663293361663818359e+00
5.836172580718994141e+00
5.705179691314697266e+00
5.731520652770996094e+00
5.720408439636230469e+00
5.680592060089111328e+00
5.692122459411621094e+00
5.657182693481445312e+00
5.644371032714843750e+00
5.678318023681640625e+00
5.653387546539306641e+00
5.721890926361083984e+00
5.878412723541259766e+00
5.846743106842041016e+00
5.693017959594726562e+00
5.699934959411621094e+00
5.697383880615234375e+00
5.678154468536376953e+00
5.774806022644042969e+00
5.695804595947265625e+00
5.745799541473388672e+00
5.720060825347900391e+00
5.660702705383300781e+00
5.728842735290527344e+00
5.686821937561035156e+00
5.692560195922851562e+00
5.712371349334716797e+00
5.775229930877685547e+00
5.706012725830078125e+00
5.722995281219482422e+00
5.677330970764160156e+00
6.026410579681396484e+00
5.777937889099121094e+00
5.620231628417968750e+00
5.725118160247802734e+00
5.692996025085449219e+00
5.698629856109619141e+00
5.739386081695556641e+00
5.748735904693603516e+00
5.622043609619140625e+00
5.671921253204345703e+00
5.675725936889648438e+00
5.748101234436035156e+00
5.650655269622802734e+00
5.682888507843017578e+00
5.665021896362304688e+00
5.603158950805664062e+00
5.589905261993408203e+00
5.770902633666992188e+00
5.713969230651855469e+00
5.840874195098876953e+00
5.686014652252197266e+00
5.669879436492919922e+00
5.841931343078613281e+00
5.726664066314697266e+00
5.740787506103515625e+00
5.731357097625732422e+00
5.629371166229248047e+00
5.754339218139648438e+00
5.674365520477294922e+00
5.770573616027832031e+00
5.667978763580322266e+00
5.647991180419921875e+00
5.795331001281738281e+00
5.666309356689453125e+00
5.634209632873535156e+00
5.737069129943847656e+00
5.713278293609619141e+00
5.693330287933349609e+00
5.745326995849609375e+00
5.920579433441162109e+00
5.719574451446533203e+00
5.680820465087890625e+00
5.610222816467285156e+00
5.619145870208740234e+00
5.603491783142089844e+00
5.674201011657714844e+00
5.696654796600341797e+00
5.804967880249023438e+00
5.699993133544921875e+00
5.598089694976806641e+00
5.689743041992187500e+00
5.703284263610839844e+00
5.641568183898925781e+00
5.650056362152099609e+00
5.675202846527099609e+00
5.670761108398437500e+00
5.689980983734130859e+00
5.919820785522460938e+00
5.707569122314453125e+00
5.747304439544677734e+00
5.715279579162597656e+00
5.685510635375976562e+00
5.711226463317871094e+00
5.697092056274414062e+00
5.692346572875976562e+00
5.623048782348632812e+00
5.568910598754882812e+00
5.719535827636718750e+00
5.680268287658691406e+00
5.650886535644531250e+00
5.628228187561035156e+00
5.602132797241210938e+00
5.836427688598632812e+00
5.663347721099853516e+00
5.579895496368408203e+00
5.563111782073974609e+00
5.689316749572753906e+00
5.638651847839355469e+00
5.635058403015136719e+00
5.646845817565917969e+00
5.679859161376953125e+00
5.637595653533935547e+00
5.750150680541992188e+00
5.613306999206542969e+00
5.654844284057617188e+00
5.657103061676025391e+00
5.703928947448730469e+00
5.643034934997558594e+00
5.635844707489013672e+00
5.837343215942382812e+00
5.635449409484863281e+00
5.568963050842285156e+00
5.683551311492919922e+00
5.607964992523193359e+00
5.590188503265380859e+00
5.603409767150878906e+00
5.611272811889648438e+00
5.597114562988281250e+00
5.754109859466552734e+00
5.660516262054443359e+00
5.715228080749511719e+00
5.648855209350585938e+00
5.692422389984130859e+00
5.737563610076904297e+00
5.661848068237304688e+00
5.592710494995117188e+00
5.685543060302734375e+00
5.815992355346679688e+00
5.748067378997802734e+00
5.749814987182617188e+00
5.667193412780761719e+00
5.740892410278320312e+00
5.602798461914062500e+00
5.723325729370117188e+00
5.652910709381103516e+00
5.738951206207275391e+00
5.622819900512695312e+00
5.599640846252441406e+00
5.684915065765380859e+00
5.614760875701904297e+00
5.718039989471435547e+00
5.598521232604980469e+00
5.811695098876953125e+00
5.665390968322753906e+00
5.606975078582763672e+00
5.873838424682617188e+00
5.872723579406738281e+00
5.657447814941406250e+00
5.674119949340820312e+00
5.844931125640869141e+00
5.661212921142578125e+00
5.687878608703613281e+00
5.625868320465087891e+00
5.702053546905517578e+00
5.699349880218505859e+00
5.695148468017578125e+00
5.623808860778808594e+00
5.634957790374755859e+00
5.705360412597656250e+00
5.593494415283203125e+00
5.789900779724121094e+00
5.619176864624023438e+00
5.645531654357910156e+00
5.696185588836669922e+00
5.659590244293212891e+00
5.757583141326904297e+00
5.624118804931640625e+00
5.655217170715332031e+00
5.639284133911132812e+00
5.681228160858154297e+00
5.596477508544921875e+00
5.735677242279052734e+00
5.707703590393066406e+00
5.646909713745117188e+00
5.773334503173828125e+00
5.636074066162109375e+00
5.648088455200195312e+00
5.977588653564453125e+00
5.599505424499511719e+00
5.684568881988525391e+00
5.595296859741210938e+00
5.638234138488769531e+00
5.827900886535644531e+00
5.757001876831054688e+00
5.647342681884765625e+00
5.806556224822998047e+00
5.751393318176269531e+00
5.650771141052246094e+00
5.800555229187011719e+00
5.643724441528320312e+00
5.612010002136230469e+00
5.645570278167724609e+00
5.719233512878417969e+00
5.728870868682861328e+00
5.581547737121582031e+00
5.655769824981689453e+00
5.601133346557617188e+00
5.730266571044921875e+00
5.733192443847656250e+00
5.633942604064941406e+00
5.690039157867431641e+00
5.625671863555908203e+00
5.966325283050537109e+00
5.688732147216796875e+00
5.665689468383789062e+00
5.698722839355468750e+00
5.841071605682373047e+00
5.562270164489746094e+00
5.622165203094482422e+00
5.676980972290039062e+00
5.713864326477050781e+00
5.614090442657470703e+00
5.646741390228271484e+00
5.703623771667480469e+00
5.763974189758300781e+00
5.728513240814208984e+00
5.569192409515380859e+00
5.733304023742675781e+00
5.657859325408935547e+00
5.579865455627441406e+00
5.768006801605224609e+00
5.575880527496337891e+00
5.677643775939941406e+00
5.676014900207519531e+00
5.715893268585205078e+00
5.577939987182617188e+00
5.625164508819580078e+00
5.688030719757080078e+00
5.772742271423339844e+00
5.639618873596191406e+00
5.626431941986083984e+00
5.640886306762695312e+00
5.695136547088623047e+00
5.609547615051269531e+00
5.651385307312011719e+00
5.719343662261962891e+00
5.706858634948730469e+00
5.684201717376708984e+00
5.718847274780273438e+00
5.674841403961181641e+00
5.740731239318847656e+00
5.674037933349609375e+00
5.887680053710937500e+00
5.710506439208984375e+00
5.709002494812011719e+00
5.617483615875244141e+00
5.761303901672363281e+00
5.629289627075195312e+00
5.626529216766357422e+00
5.604167461395263672e+00
5.742916584014892578e+00
5.871986389160156250e+00
5.697853088378906250e+00
5.570853233337402344e+00
5.759774208068847656e+00
5.639131069183349609e+00
5.661060810089111328e+00
5.816351413726806641e+00
5.628654479980468750e+00
5.704659938812255859e+00
5.564145088195800781e+00
5.745888233184814453e+00
5.610877990722656250e+00
5.691521167755126953e+00
5.699278831481933594e+00
5.630640506744384766e+00
5.678421974182128906e+00
5.627874374389648438e+00
5.613768577575683594e+00
5.751273155212402344e+00
5.697167396545410156e+00
5.709410667419433594e+00
5.641567707061767578e+00
5.712299823760986328e+00
5.634577751159667969e+00
5.667617321014404297e+00
5.713577747344970703e+00
5.619524478912353516e+00
5.772861957550048828e+00
5.668327808380126953e+00
5.681141853332519531e+00
5.632305145263671875e+00
5.731227874755859375e+00
5.709865093231201172e+00
5.560504913330078125e+00
5.601979732513427734e+00
5.717227935791015625e+00
5.725205421447753906e+00
5.646065235137939453e+00
5.716597557067871094e+00
5.676328659057617188e+00
5.596984386444091797e+00
5.823792934417724609e+00
5.763442039489746094e+00
5.699466228485107422e+00
5.753569602966308594e+00
5.568986892700195312e+00
5.708624839782714844e+00
5.557491302490234375e+00
5.752592086791992188e+00
5.651571273803710938e+00
5.673381328582763672e+00
5.735309123992919922e+00
5.566517829895019531e+00
5.610081672668457031e+00
5.659480094909667969e+00
5.631029605865478516e+00
5.671459197998046875e+00
5.777691841125488281e+00
5.655404567718505859e+00
5.634297847747802734e+00
5.759407997131347656e+00
5.833674430847167969e+00
5.578579425811767578e+00
5.587224006652832031e+00
5.647471427917480469e+00
5.673232078552246094e+00
5.645843029022216797e+00
5.563351631164550781e+00
5.626370906829833984e+00
5.747045040130615234e+00
5.883741855621337891e+00
5.560172080993652344e+00
5.596042633056640625e+00
5.580106735229492188e+00
5.698131084442138672e+00
5.700395107269287109e+00
5.780918598175048828e+00
5.649687767028808594e+00
5.683809280395507812e+00
5.646197319030761719e+00
5.755757808685302734e+00
5.589823246002197266e+00
5.623695373535156250e+00
5.634916782379150391e+00
5.620317459106445312e+00
5.691571235656738281e+00
5.649811744689941406e+00
5.738972663879394531e+00
5.641986846923828125e+00
5.794743061065673828e+00
5.710624694824218750e+00
5.584298133850097656e+00
5.745008468627929688e+00
5.629880905151367188e+00
5.588853359222412109e+00
5.678619384765625000e+00
5.586207866668701172e+00
5.744258880615234375e+00
5.678354740142822266e+00
5.576239109039306641e+00
5.578542709350585938e+00
5.649475097656250000e+00
5.680915832519531250e+00
5.647889614105224609e+00
5.662292480468750000e+00
5.616919040679931641e+00
5.727810382843017578e+00
5.632955551147460938e+00
5.607874393463134766e+00
5.748993873596191406e+00
5.566866874694824219e+00
5.584350585937500000e+00
5.599789619445800781e+00
5.627470016479492188e+00
5.629518032073974609e+00
5.592308044433593750e+00
5.673878669738769531e+00
5.710255622863769531e+00
5.652744293212890625e+00
5.556299209594726562e+00
5.564637184143066406e+00
5.704053878784179688e+00
5.673090457916259766e+00
5.650634765625000000e+00
5.838406562805175781e+00
5.631261348724365234e+00
5.820789337158203125e+00
5.615195274353027344e+00
5.694483757019042969e+00
5.638326644897460938e+00
5.588296413421630859e+00
5.667997360229492188e+00
5.702868461608886719e+00
5.652013301849365234e+00
5.664922714233398438e+00
5.679324150085449219e+00
5.673817634582519531e+00
5.875975131988525391e+00
5.755275249481201172e+00
5.616229534149169922e+00
5.649641036987304688e+00
5.699500083923339844e+00
5.573243141174316406e+00
5.623352527618408203e+00
5.688087463378906250e+00
5.600642681121826172e+00
5.712640762329101562e+00
5.701261997222900391e+00
5.603988647460937500e+00
5.663255214691162109e+00
5.696590423583984375e+00
5.733717918395996094e+00
5.606341838836669922e+00
5.604819774627685547e+00
5.553682327270507812e+00
5.709629058837890625e+00
5.670159339904785156e+00
5.591693878173828125e+00
5.657365798950195312e+00
5.659851074218750000e+00
5.666355609893798828e+00
5.741570472717285156e+00
5.556272506713867188e+00
5.867403984069824219e+00
5.596839427947998047e+00
5.590877056121826172e+00
5.702393054962158203e+00
5.603479862213134766e+00
5.697275161743164062e+00
5.552159786224365234e+00
5.559331417083740234e+00
5.603516578674316406e+00
5.660009384155273438e+00
5.592656612396240234e+00
5.614576339721679688e+00
5.711902141571044922e+00
5.648691177368164062e+00
5.602725982666015625e+00
5.613129615783691406e+00
5.694034576416015625e+00
5.623518943786621094e+00
5.627148151397705078e+00
5.579946517944335938e+00
5.566279411315917969e+00
