6.913593292236328125e+00
6.826712608337402344e+00
6.816672325134277344e+00
6.723267555236816406e+00
6.706385612487792969e+00
6.679219245910644531e+00
6.614345550537109375e+00
6.566536903381347656e+00
6.503594398498535156e+00
6.462700366973876953e+00
6.446750164031982422e+00
6.342922687530517578e+00
6.308803558349609375e+00
6.361164569854736328e+00
6.391097545623779297e+00
6.353480815887451172e+00
6.201036453247070312e+00
6.249675750732421875e+00
6.356226444244384766e+00
6.103132724761962891e+00
6.268402099609375000e+00
6.496247291564941406e+00
6.090860366821289062e+00
6.162639617919921875e+00
6.065794467926025391e+00
6.278983116149902344e+00
6.172155857086181641e+00
6.185676097869873047e+00
6.044672012329101562e+00
6.442338943481445312e+00
6.132205009460449219e+00
6.180466651916503906e+00
6.118699550628662109e+00
6.065045356750488281e+00
6.079579830169677734e+00
6.058449745178222656e+00
6.090265274047851562e+00
6.193197727203369141e+00
6.151759147644042969e+00
6.250900268554687500e+00
6.172803878784179688e+00
6.079647541046142578e+00
6.112686634063720703e+00
6.332359790802001953e+00
6.043718814849853516e+00
6.000665664672851562e+00
6.174612522125244141e+00
6.051469326019287109e+00
6.101377010345458984e+00
5.984906196594238281e+00
5.929663181304931641e+00
6.013672351837158203e+00
5.996775627136230469e+00
6.227117538452148438e+00
6.202196121215820312e+00
6.062954902648925781e+00
6.244863033294677734e+00
6.198704719543457031e+00
6.023593902587890625e+00
6.157947540283203125e+00
5.936672687530517578e+00
6.087329387664794922e+00
6.113233566284179688e+00
6.165217399597167969e+00
5.955225944519042969e+00
6.096406936645507812e+00
6.108983516693115234e+00
6.115420341491699219e+00
6.044503688812255859e+00
6.117343425750732422e+00
6.310665607452392578e+00
6.144213676452636719e+00
5.960278511047363281e+00
6.101459980010986328e+00
6.299877166748046875e+00
6.008120059967041016e+00
6.040777206420898438e+00
6.052702426910400391e+00
6.268038749694824219e+00
5.985404014587402344e+00
6.015655517578125000e+00
6.100376129150390625e+00
6.028836727142333984e+00
6.047871112823486328e+00
6.093238830566406250e+00
6.004363536834716797e+00
5.961869239807128906e+00
5.984505653381347656e+00
5.937131881713867188e+00
5.904131412506103516e+00
5.858953952789306641e+00
6.036045551300048828e+00
6.016084194183349609e+00
5.964883804321289062e+00
6.003460407257080078e+00
6.298905372619628906e+00
5.965051651000976562e+00
6.136746406555175781e+00
6.018671512603759766e+00
5.868568897247314453e+00
6.030027389526367188e+00
6.134938716888427734e+00
6.051153182983398438e+00
5.969430446624755859e+00
5.965887069702148438e+00
6.004714965820312500e+00
5.881133079528808594e+00
6.080250740051269531e+00
5.894800186157226562e+00
6.073134899139404297e+00
5.975498676300048828e+00
6.004170417785644531e+00
5.899340629577636719e+00
5.947321891784667969e+00
5.994695186614990234e+00
5.986451148986816406e+00
5.875500202178955078e+00
5.984310150146484375e+00
5.935980796813964844e+00
5.938560962677001953e+00
5.995822429656982422e+00
5.981090545654296875e+00
6.176118850708007812e+00
5.952603340148925781e+00
6.055346965789794922e+00
5.904784679412841797e+00
5.905841827392578125e+00
5.964084625244140625e+00
5.930395126342773438e+00
6.110725402832031250e+00
5.966735839843750000e+00
5.953427791595458984e+00
5.860263824462890625e+00
5.859335899353027344e+00
5.925057888031005859e+00
6.232346534729003906e+00
5.873037338256835938e+00
6.002921104431152344e+00
6.081573009490966797e+00
5.909390926361083984e+00
5.857652187347412109e+00
5.924831867218017578e+00
5.867066860198974609e+00
6.078475952148437500e+00
5.943417549133300781e+00
6.010511875152587891e+00
6.239696979522705078e+00
5.930471897125244141e+00
6.025845527648925781e+00
6.025235176086425781e+00
5.845531940460205078e+00
5.981526851654052734e+00
5.875787258148193359e+00
5.924114227294921875e+00
5.946017265319824219e+00
6.044600009918212891e+00
6.177652359008789062e+00
6.062035083770751953e+00
6.264812469482421875e+00
5.903215408325195312e+00
6.096895217895507812e+00
5.981641769409179688e+00
6.096407890319824219e+00
6.132308483123779297e+00
5.942513465881347656e+00
5.887775421142578125e+00
6.092182159423828125e+00
5.823181629180908203e+00
5.855416297912597656e+00
5.850696563720703125e+00
6.021780014038085938e+00
5.922179222106933594e+00
5.988762378692626953e+00
6.106969833374023438e+00
6.069680213928222656e+00
5.845055103302001953e+00
6.050180435180664062e+00
5.891801834106445312e+00
5.979078769683837891e+00
5.917546272277832031e+00
5.964959144592285156e+00
5.877654075622558594e+00
5.873135566711425781e+00
5.893567085266113281e+00
5.916348934173583984e+00
5.979716777801513672e+00
5.957207202911376953e+00
5.892670631408691406e+00
6.158647060394287109e+00
5.997232437133789062e+00
5.854744434356689453e+00
5.929709434509277344e+00
5.895266056060791016e+00
5.844366550445556641e+00
5.825516700744628906e+00
5.927208900451660156e+00
6.005218505859375000e+00
5.906130313873291016e+00
5.962898254394531250e+00
5.920377731323242188e+00
5.932185649871826172e+00
5.794047355651855469e+00
5.933807373046875000e+00
6.176325798034667969e+00
5.887957572937011719e+00
6.073208808898925781e+00
5.940589427947998047e+00
5.922024726867675781e+00
5.904653072357177734e+00
5.842510223388671875e+00
5.860686779022216797e+00
5.857720851898193359e+00
5.870268821716308594e+00
6.113412380218505859e+00
5.871531486511230469e+00
6.034133911132812500e+00
5.854967117309570312e+00
6.109328269958496094e+00
5.896130084991455078e+00
5.925947666168212891e+00
5.934009552001953125e+00
5.935629844665527344e+00
5.980830669403076172e+00
5.889917850494384766e+00
5.892676830291748047e+00
5.958882331848144531e+00
5.932135105133056641e+00
5.871066093444824219e+00
5.869926452636718750e+00
5.988869190216064453e+00
5.881852149963378906e+00
5.947928428649902344e+00
6.065734386444091797e+00
5.827407836914062500e+00
6.038387775421142578e+00
5.807884216308593750e+00
6.114657402038574219e+00
5.932351589202880859e+00
6.030336856842041016e+00
5.982862472534179688e+00
5.984694480895996094e+00
6.029727935791015625e+00
5.813739776611328125e+00
5.915844917297363281e+00
5.894403457641601562e+00
5.900674343109130859e+00
6.086421966552734375e+00
5.869439125061035156e+00
5.963824748992919922e+00
6.065186500549316406e+00
5.955973625183105469e+00
5.869369506835937500e+00
5.838739395141601562e+00
5.822066307067871094e+00
5.999399662017822266e+00
6.086614608764648438e+00
6.175106048583984375e+00
5.829387187957763672e+00
5.957360744476318359e+00
5.865775108337402344e+00
5.835136890411376953e+00
6.191789627075195312e+00
5.968841075897216797e+00
5.954981803894042969e+00
5.962660312652587891e+00
6.206788539886474609e+00
5.813287258148193359e+00
5.954463481903076172e+00
5.887947082519531250e+00
5.975700855255126953e+00
5.821450710296630859e+00
6.123029708862304688e+00
5.936894893646240234e+00
5.853854656219482422e+00
6.025138378143310547e+00
6.024192333221435547e+00
5.887443542480468750e+00
5.873993396759033203e+00
5.898232460021972656e+00
5.910099029541015625e+00
6.199142932891845703e+00
5.945219993591308594e+00
6.123373508453369141e+00
5.859462738037109375e+00
5.964393615722656250e+00
5.997687816619873047e+00
6.096328735351562500e+00
6.014879226684570312e+00
5.899111270904541016e+00
6.004358768463134766e+00
6.085221767425537109e+00
5.877882480621337891e+00
5.969539165496826172e+00
6.003313064575195312e+00
5.868984699249267578e+00
5.987760543823242188e+00
5.798164844512939453e+00
5.997784614562988281e+00
5.887988090515136719e+00
5.972006797790527344e+00
5.921673774719238281e+00
5.838937759399414062e+00
5.878538131713867188e+00
5.911759853363037109e+00
5.986892700195312500e+00
5.901060104370117188e+00
5.915592193603515625e+00
6.014351367950439453e+00
5.970997333526611328e+00
5.975274085998535156e+00
5.919253349304199219e+00
5.892486572265625000e+00
5.862135887145996094e+00
5.866979598999023438e+00
6.037720203399658203e+00
5.926497936248779297e+00
6.062602043151855469e+00
5.891183853149414062e+00
5.803495407104492188e+00
5.798349380493164062e+00
5.873525142669677734e+00
5.875084877014160156e+00
5.757018566131591797e+00
5.990680217742919922e+00
5.868641376495361328e+00
5.951054573059082031e+00
5.926436424255371094e+00
5.860940933227539062e+00
5.885628223419189453e+00
5.875050067901611328e+00
5.883635520935058594e+00
6.064720153808593750e+00
5.788456439971923828e+00
5.914733886718750000e+00
6.014541625976562500e+00
5.888504028320312500e+00
6.042028427124023438e+00
5.892454147338867188e+00
6.326293468475341797e+00
5.762624740600585938e+00
6.060241699218750000e+00
5.921197891235351562e+00
6.274411678314208984e+00
5.874804019927978516e+00
5.921978950500488281e+00
5.926054000854492188e+00
6.032634735107421875e+00
5.881742954254150391e+00
5.960275650024414062e+00
5.845118522644042969e+00
5.933790683746337891e+00
5.851823806762695312e+00
5.832830905914306641e+00
5.766684532165527344e+00
6.143506050109863281e+00
5.853631973266601562e+00
5.859346866607666016e+00
5.816122531890869141e+00
6.062164306640625000e+00
5.877544879913330078e+00
6.032923698425292969e+00
6.047570228576660156e+00
5.974638462066650391e+00
5.882355213165283203e+00
5.933966636657714844e+00
5.946645736694335938e+00
5.858242034912109375e+00
5.957285881042480469e+00
5.894727706909179688e+00
6.002152919769287109e+00
5.956968307495117188e+00
5.896367073059082031e+00
5.922784805297851562e+00
5.820103168487548828e+00
5.881859302520751953e+00
5.804256916046142578e+00
5.964654922485351562e+00
5.934560775756835938e+00
5.917270660400390625e+00
5.938267230987548828e+00
5.791680335998535156e+00
5.862916469573974609e+00
5.857726097106933594e+00
6.041955947875976562e+00
5.834762096405029297e+00
5.868363380432128906e+00
5.810805797576904297e+00
5.836091995239257812e+00
5.824305057525634766e+00
5.804736137390136719e+00
6.018011093139648438e+00
5.887178897857666016e+00
5.765075683593750000e+00
6.129630088806152344e+00
5.783467769622802734e+00
5.909358978271484375e+00
5.815992355346679688e+00
6.103060245513916016e+00
5.789520740509033203e+00
5.961877346038818359e+00
5.849138736724853516e+00
6.149096488952636719e+00
5.859556674957275391e+00
5.793944835662841797e+00
5.820416450500488281e+00
5.967708587646484375e+00
5.989598751068115234e+00
5.865663051605224609e+00
5.830536842346191406e+00
5.942768096923828125e+00
6.046044826507568359e+00
6.011091232299804688e+00
5.750778198242187500e+00
5.811347484588623047e+00
5.857543945312500000e+00
5.864516258239746094e+00
5.998000621795654297e+00
5.994827747344970703e+00
6.045078754425048828e+00
5.918107509613037109e+00
5.963365554809570312e+00
6.128712177276611328e+00
5.869210720062255859e+00
5.796368122100830078e+00
5.839898586273193359e+00
5.872476577758789062e+00
6.006117820739746094e+00
5.983787536621093750e+00
5.886995792388916016e+00
6.016801834106445312e+00
5.993703365325927734e+00
5.827325820922851562e+00
5.770888328552246094e+00
5.833436012268066406e+00
6.173542976379394531e+00
5.871315002441406250e+00
5.819166183471679688e+00
6.164639949798583984e+00
5.932798385620117188e+00
5.779531955718994141e+00
5.929749488830566406e+00
6.084824562072753906e+00
5.866464614868164062e+00
6.043815612792968750e+00
6.034373760223388672e+00
5.996895313262939453e+00
5.795332431793212891e+00
5.847320079803466797e+00
5.977268695831298828e+00
5.772073268890380859e+00
5.821028232574462891e+00
5.866696834564208984e+00
5.828678131103515625e+00
5.869390487670898438e+00
5.955931663513183594e+00
5.849081516265869141e+00
5.989939689636230469e+00
5.728216171264648438e+00
5.880027770996093750e+00
5.979438781738281250e+00
5.848323345184326172e+00
5.998853683471679688e+00
5.866710662841796875e+00
5.811763763427734375e+00
6.254101753234863281e+00
5.869210243225097656e+00
5.889344692230224609e+00
5.994640827178955078e+00
5.795916080474853516e+00
5.932591438293457031e+00
5.940093040466308594e+00
5.872687339782714844e+00
6.031330108642578125e+00
6.038967132568359375e+00
5.932222366333007812e+00
5.787571907043457031e+00
5.988293647766113281e+00
6.115376949310302734e+00
5.962636470794677734e+00
6.077435016632080078e+00
5.911087036132812500e+00
5.945453643798828125e+00
5.901195049285888672e+00
6.051169872283935547e+00
6.024152755737304688e+00
5.763092041015625000e+00
5.863224506378173828e+00
5.937999725341796875e+00
5.812582492828369141e+00
5.924345016479492188e+00
5.945698261260986328e+00
6.039736747741699219e+00
5.850287914276123047e+00
5.813336849212646484e+00
5.803393363952636719e+00
5.762988567352294922e+00
5.956840515136718750e+00
5.895309925079345703e+00
5.850372314453125000e+00
5.980741500854492188e+00
5.919262409210205078e+00
5.888224601745605469e+00
5.782457828521728516e+00
6.040606498718261719e+00
5.790467262268066406e+00
5.778970718383789062e+00
6.041563987731933594e+00
5.849739551544189453e+00
5.828148841857910156e+00
6.046454429626464844e+00
5.828844070434570312e+00
5.776234626770019531e+00
5.965464115142822266e+00
5.887847900390625000e+00
5.820026397705078125e+00
5.897679805755615234e+00
5.812717437744140625e+00
6.049765110015869141e+00
5.853422164916992188e+00
5.888268947601318359e+00
5.839104652404785156e+00
6.159136772155761719e+00
5.838785648345947266e+00
5.750173091888427734e+00
5.800576210021972656e+00
6.106869697570800781e+00
5.869446754455566406e+00
5.869707107543945312e+00
5.979785919189453125e+00
5.912882804870605469e+00
5.970864295959472656e+00
5.922430038452148438e+00
5.873395919799804688e+00
5.820190429687500000e+00
5.938825130462646484e+00
5.787190437316894531e+00
5.967098712921142578e+00
5.926958084106445312e+00
5.814675807952880859e+00
5.824013710021972656e+00
5.861691474914550781e+00
5.850811004638671875e+00
5.830233097076416016e+00
5.996293067932128906e+00
5.847387790679931641e+00
5.810944557189941406e+00
5.898003578186035156e+00
5.816977500915527344e+00
6.034173965454101562e+00
5.915020465850830078e+00
5.895013809204101562e+00
5.772588253021240234e+00
6.066941261291503906e+00
5.825464248657226562e+00
6.063436031341552734e+00
5.818715095520019531e+00
6.055625915527343750e+00
5.753377914428710938e+00
5.909396171569824219e+00
5.783883571624755859e+00
6.024479389190673828e+00
5.817884922027587891e+00
5.835777282714843750e+00
6.071773529052734375e+00
5.908431053161621094e+00
5.867299079895019531e+00
5.923863410949707031e+00
6.087422370910644531e+00
6.034310817718505859e+00
5.997616291046142578e+00
5.802247524261474609e+00
6.154655456542968750e+00
5.831061363220214844e+00
5.991377353668212891e+00
5.872484207153320312e+00
5.866760253906250000e+00
5.921554565429687500e+00
6.013175010681152344e+00
5.960741043090820312e+00
5.948860168457031250e+00
5.961286544799804688e+00
5.852691650390625000e+00
5.798463821411132812e+00
5.867995262145996094e+00
5.841135501861572266e+00
5.997348785400390625e+00
5.898023605346679688e+00
5.846798896789550781e+00
6.016656398773193359e+00
5.841660499572753906e+00
5.975857257843017578e+00
5.741759300231933594e+00
5.965442657470703125e+00
5.964118003845214844e+00
5.960136413574218750e+00
6.123107433319091797e+00
5.869717121124267578e+00
5.917161464691162109e+00
5.991152286529541016e+00
5.874590873718261719e+00
5.920879840850830078e+00
5.830478191375732422e+00
6.068820953369140625e+00
5.971534252166748047e+00
5.811299800872802734e+00
5.877602100372314453e+00
5.931334495544433594e+00
5.908440113067626953e+00
5.830696105957031250e+00
5.933710575103759766e+00
5.898596286773681641e+00
5.904744625091552734e+00
5.755773544311523438e+00
6.270707607269287109e+00
5.741347789764404297e+00
5.782548904418945312e+00
6.025104522705078125e+00
5.772130489349365234e+00
5.887878417968750000e+00
6.060006141662597656e+00
5.845957756042480469e+00
5.779211521148681641e+00
5.788933753967285156e+00
6.031511306762695312e+00
5.776100635528564453e+00
5.755957603454589844e+00
5.879200935363769531e+00
6.014754295349121094e+00
5.912670135498046875e+00
5.784834861755371094e+00
5.911817550659179688e+00
6.024260520935058594e+00
5.975262641906738281e+00
5.820296764373779297e+00
5.858519077301025391e+00
6.043547153472900391e+00
5.956983089447021484e+00
5.927377223968505859e+00
5.857378959655761719e+00
5.943970680236816406e+00
5.906218528747558594e+00
5.909987449645996094e+00
5.852955818176269531e+00
5.996563911437988281e+00
5.872453212738037109e+00
5.723146915435791016e+00
5.996856689453125000e+00
5.745539665222167969e+00
6.072315216064453125e+00
5.765537738800048828e+00
5.877536773681640625e+00
5.781553268432617188e+00
5.801687240600585938e+00
5.958610534667968750e+00
5.911801338195800781e+00
5.896970748901367188e+00
5.921188354492187500e+00
5.887314319610595703e+00
5.845204830169677734e+00
6.062995910644531250e+00
5.938966751098632812e+00
5.903504848480224609e+00
5.927011013031005859e+00
5.923976898193359375e+00
5.800133228302001953e+00
5.895586013793945312e+00
5.907924175262451172e+00
5.895750045776367188e+00
5.807663917541503906e+00
6.003451824188232422e+00
5.872424602508544922e+00
5.810811996459960938e+00
5.964660644531250000e+00
5.881308078765869141e+00
5.882346630096435547e+00
5.791769027709960938e+00
6.154473781585693359e+00
5.912068367004394531e+00
5.785300731658935547e+00
6.077964782714843750e+00
5.995590686798095703e+00
5.941344261169433594e+00
6.143910408020019531e+00
6.009240150451660156e+00
5.750807285308837891e+00
5.999825954437255859e+00
5.833442211151123047e+00
5.745109558105468750e+00
6.080777645111083984e+00
5.954752922058105469e+00
5.843788146972656250e+00
5.878449440002441406e+00
5.919013023376464844e+00
5.812220573425292969e+00
5.839056015014648438e+00
5.823668479919433594e+00
5.784679412841796875e+00
5.954389095306396484e+00
6.202076911926269531e+00
5.842913627624511719e+00
5.840678215026855469e+00
5.860892772674560547e+00
5.820068359375000000e+00
5.870317935943603516e+00
6.221919059753417969e+00
5.968760013580322266e+00
5.769807815551757812e+00
5.793624877929687500e+00
5.900956153869628906e+00
5.879005908966064453e+00
6.153448104858398438e+00
5.844248771667480469e+00
5.885498523712158203e+00
5.917667388916015625e+00
5.911493778228759766e+00
5.920448303222656250e+00
5.773570060729980469e+00
5.845910072326660156e+00
5.760729312896728516e+00
6.057817459106445312e+00
5.816112518310546875e+00
5.946385383605957031e+00
5.891804695129394531e+00
5.850103855133056641e+00
5.766436576843261719e+00
5.889806270599365234e+00
5.857911109924316406e+00
6.026286125183105469e+00
5.818531036376953125e+00
5.956699848175048828e+00
5.874676227569580078e+00
5.803934097290039062e+00
5.821687698364257812e+00
5.755194187164306641e+00
5.894313335418701172e+00
5.760770320892333984e+00
5.844949245452880859e+00
5.862547874450683594e+00
5.931564331054687500e+00
5.918155193328857422e+00
6.162635803222656250e+00
5.987286567687988281e+00
5.852406024932861328e+00
5.794017314910888672e+00
5.838625431060791016e+00
6.040944576263427734e+00
5.827618122100830078e+00
5.810278892517089844e+00
5.852710247039794922e+00
5.906938552856445312e+00
5.753125190734863281e+00
5.795983314514160156e+00
5.777047157287597656e+00
5.763717174530029297e+00
5.792184352874755859e+00
5.727684974670410156e+00
5.898137569427490234e+00
5.873876571655273438e+00
5.811013221740722656e+00
5.797026634216308594e+00
5.780489921569824219e+00
6.140653133392333984e+00
5.795273303985595703e+00
5.786091804504394531e+00
5.741310119628906250e+00
5.820243835449218750e+00
5.797896862030029297e+00
5.879778861999511719e+00
5.953969955444335938e+00
5.941516876220703125e+00
5.767484188079833984e+00
5.806102275848388672e+00
5.825850009918212891e+00
5.951716423034667969e+00
5.952110290527343750e+00
5.952650547027587891e+00
6.219758033752441406e+00
5.873447895050048828e+00
5.911783218383789062e+00
5.785178661346435547e+00
6.055957794189453125e+00
5.926309108734130859e+00
6.021493911743164062e+00
5.830525398254394531e+00
6.008824348449707031e+00
6.067416191101074219e+00
5.879812240600585938e+00
5.850437164306640625e+00
6.029311180114746094e+00
5.923025608062744141e+00
5.872123241424560547e+00
5.866887092590332031e+00
5.826827526092529297e+00
5.815203189849853516e+00
5.834258556365966797e+00
5.826152801513671875e+00
5.912680625915527344e+00
5.878354072570800781e+00
5.701004028320312500e+00
5.871952056884765625e+00
5.820679664611816406e+00
5.837357997894287109e+00
5.810921669006347656e+00
5.796221256256103516e+00
5.888866901397705078e+00
6.010741710662841797e+00
5.793886661529541016e+00
5.750556945800781250e+00
5.884223461151123047e+00
5.833608150482177734e+00
5.885789394378662109e+00
6.012090206146240234e+00
5.834565162658691406e+00
5.866831779479980469e+00
5.974586486816406250e+00
5.839334964752197266e+00
5.849800109863281250e+00
5.750219345092773438e+00
5.814100265502929688e+00
5.795166492462158203e+00
5.803451061248779297e+00
5.741239547729492188e+00
5.764054775238037109e+00
5.788774967193603516e+00
5.888744354248046875e+00
5.869254589080810547e+00
5.721035957336425781e+00
5.945525169372558594e+00
6.007581710815429688e+00
5.771032333374023438e+00
5.817858695983886719e+00
5.859950542449951172e+00
5.978103637695312500e+00
5.767703533172607422e+00
5.905032634735107422e+00
6.187375068664550781e+00
5.843227863311767578e+00
5.840475559234619141e+00
5.881474971771240234e+00
5.965060234069824219e+00
5.846374511718750000e+00
6.173413753509521484e+00
5.902046680450439453e+00
6.094544887542724609e+00
5.850545406341552734e+00
5.928815364837646484e+00
5.867902755737304688e+00
5.886544227600097656e+00
5.884512901306152344e+00
6.095039844512939453e+00
5.749616622924804688e+00
5.857816219329833984e+00
5.797326564788818359e+00
5.819169998168945312e+00
5.813905715942382812e+00
6.016438484191894531e+00
5.816641330718994141e+00
5.830705642700195312e+00
5.774734973907470703e+00
5.769126892089843750e+00
5.887147426605224609e+00
5.792571067810058594e+00
5.947620868682861328e+00
5.819180011749267578e+00
5.822521209716796875e+00
5.999285697937011719e+00
5.894537925720214844e+00
5.736349582672119141e+00
5.833740711212158203e+00
5.905854225158691406e+00
5.778348922729492188e+00
5.888746738433837891e+00
5.997884750366210938e+00
5.796622276306152344e+00
5.757361412048339844e+00
6.237226486206054688e+00
5.995916843414306641e+00
5.897974967956542969e+00
5.873689651489257812e+00
5.879804611206054688e+00
5.827882766723632812e+00
5.812127590179443359e+00
5.758558273315429688e+00
5.798693180084228516e+00
5.912507057189941406e+00
5.879404067993164062e+00
6.224608898162841797e+00
5.859320640563964844e+00
5.999094486236572266e+00
5.890575408935546875e+00
5.864037513732910156e+00
5.804458141326904297e+00
5.873407363891601562e+00
5.783557891845703125e+00
5.861018180847167969e+00
5.892862796783447266e+00
6.018135070800781250e+00
5.823796749114990234e+00
5.976689815521240234e+00
5.680881500244140625e+00
5.810632705688476562e+00
5.847346782684326172e+00
5.922652721405029297e+00
6.004236221313476562e+00
5.796591281890869141e+00
5.831667900085449219e+00
5.802733421325683594e+00
5.834098815917968750e+00
5.891454219818115234e+00
6.104125499725341797e+00
5.797224998474121094e+00
5.754781723022460938e+00
5.728604793548583984e+00
5.808845996856689453e+00
5.938005924224853516e+00
5.771901607513427734e+00
5.766011238098144531e+00
5.862999916076660156e+00
5.998302459716796875e+00
5.809050559997558594e+00
6.078378677368164062e+00
5.868626594543457031e+00
5.843190670013427734e+00
5.955019950866699219e+00
6.054560661315917969e+00
5.777643203735351562e+00
5.807436943054199219e+00
5.751252174377441406e+00
5.978007316589355469e+00
5.898549079895019531e+00
5.881756782531738281e+00
5.838712215423583984e+00
5.862183570861816406e+00
5.961406230926513672e+00
5.852185726165771484e+00
5.920742034912109375e+00
5.995721817016601562e+00
5.996299266815185547e+00
5.842263698577880859e+00
5.783963680267333984e+00
5.858388900756835938e+00
5.753143787384033203e+00
5.792913913726806641e+00
5.853998184204101562e+00
6.086874008178710938e+00
5.913171768188476562e+00
5.934170722961425781e+00
6.174251079559326172e+00
5.835909843444824219e+00
5.998407363891601562e+00
5.754619598388671875e+00
5.796894073486328125e+00
5.896395206451416016e+00
5.854542732238769531e+00
5.742088794708251953e+00
5.917221069335937500e+00
5.809226036071777344e+00
5.766226768493652344e+00
5.862312793731689453e+00
5.790146350860595703e+00
5.837377071380615234e+00
5.801776885986328125e+00
5.968765735626220703e+00
6.366541862487792969e+00
5.787530899047851562e+00
5.887315750122070312e+00
5.991073608398437500e+00
5.839080810546875000e+00
5.807259559631347656e+00
5.747198104858398438e+00
