6.701470851898193359e+00
6.361323356628417969e+00
6.032654285430908203e+00
5.758142948150634766e+00
5.578414916992187500e+00
5.508488655090332031e+00
5.475052833557128906e+00
5.473510265350341797e+00
5.427453994750976562e+00
5.407202720642089844e+00
5.389764308929443359e+00
5.367085933685302734e+00
5.361369609832763672e+00
5.381220817565917969e+00
5.372541904449462891e+00
5.331294059753417969e+00
5.326031684875488281e+00
5.324085235595703125e+00
5.290921211242675781e+00
5.297368049621582031e+00
5.272019863128662109e+00
5.265478134155273438e+00
5.238006114959716797e+00
5.287037849426269531e+00
5.256090164184570312e+00
5.253798484802246094e+00
5.218500137329101562e+00
5.228786945343017578e+00
5.220849037170410156e+00
5.200056552886962891e+00
5.188581466674804688e+00
5.198090553283691406e+00
5.187618255615234375e+00
5.176246166229248047e+00
5.166493892669677734e+00
5.147151947021484375e+00
5.161715507507324219e+00
5.156069755554199219e+00
5.164896011352539062e+00
5.121478557586669922e+00
5.139229774475097656e+00
5.116302490234375000e+00
5.136326313018798828e+00
5.120340347290039062e+00
5.117998123168945312e+00
5.096494197845458984e+00
5.177169799804687500e+00
5.130788803100585938e+00
5.131736278533935547e+00
5.153804302215576172e+00
5.138038635253906250e+00
5.105542659759521484e+00
5.091816425323486328e+00
5.125086784362792969e+00
5.090798854827880859e+00
5.082131385803222656e+00
5.117332935333251953e+00
5.096284866333007812e+00
5.067308902740478516e+00
5.111485958099365234e+00
5.073712348937988281e+00
5.064398288726806641e+00
5.087749481201171875e+00
5.094566345214843750e+00
5.074573516845703125e+00
5.103330612182617188e+00
5.087203025817871094e+00
5.078206539154052734e+00
5.082645893096923828e+00
5.066346645355224609e+00
5.071794033050537109e+00
5.065306186676025391e+00
5.052945613861083984e+00
5.090812683105468750e+00
5.075655937194824219e+00
5.098839282989501953e+00
5.062675952911376953e+00
5.133213043212890625e+00
5.084787845611572266e+00
5.056096553802490234e+00
5.050168991088867188e+00
5.087652206420898438e+00
5.126000404357910156e+00
5.060622692108154297e+00
5.060528278350830078e+00
5.103142261505126953e+00
5.063305854797363281e+00
5.052066326141357422e+00
5.049305438995361328e+00
5.040046691894531250e+00
5.100676536560058594e+00
5.058436870574951172e+00
5.050829410552978516e+00
5.044771194458007812e+00
5.055630683898925781e+00
5.059295654296875000e+00
5.024863243103027344e+00
5.058119297027587891e+00
5.086572170257568359e+00
5.045244693756103516e+00
5.056090354919433594e+00
5.044063568115234375e+00
5.060984611511230469e+00
5.052369594573974609e+00
5.078194141387939453e+00
5.056920528411865234e+00
5.082015991210937500e+00
5.067695617675781250e+00
5.089376449584960938e+00
5.040154457092285156e+00
5.031496047973632812e+00
5.070215702056884766e+00
5.047399997711181641e+00
5.036054134368896484e+00
5.068158626556396484e+00
5.025696754455566406e+00
5.042575836181640625e+00
5.050228118896484375e+00
5.054095268249511719e+00
5.024761199951171875e+00
5.047405719757080078e+00
5.044304370880126953e+00
5.028796195983886719e+00
5.038125991821289062e+00
5.028229713439941406e+00
5.030898571014404297e+00
5.018279075622558594e+00
5.071338653564453125e+00
5.034716606140136719e+00
5.042582511901855469e+00
5.032011032104492188e+00
5.060148239135742188e+00
5.050671577453613281e+00
5.070116519927978516e+00
5.029357910156250000e+00
5.033512592315673828e+00
5.059030532836914062e+00
5.043945789337158203e+00
5.060009002685546875e+00
5.075191497802734375e+00
5.040556907653808594e+00
5.030354022979736328e+00
5.047048568725585938e+00
5.023873805999755859e+00
5.040724754333496094e+00
5.025161266326904297e+00
5.037039279937744141e+00
5.021208286285400391e+00
5.103159427642822266e+00
5.033967018127441406e+00
5.037136077880859375e+00
5.029531478881835938e+00
5.051049232482910156e+00
5.052568912506103516e+00
5.020573616027832031e+00
5.018743038177490234e+00
5.039390087127685547e+00
5.032187938690185547e+00
5.035627365112304688e+00
5.046253204345703125e+00
5.029542922973632812e+00
5.063280582427978516e+00
5.022570133209228516e+00
5.035770416259765625e+00
5.009204864501953125e+00
5.026198863983154297e+00
5.037344455718994141e+00
5.033047676086425781e+00
5.011363983154296875e+00
5.006474971771240234e+00
5.015242099761962891e+00
5.014991283416748047e+00
5.004320144653320312e+00
5.039703369140625000e+00
5.026546478271484375e+00
5.040523529052734375e+00
5.050484180450439453e+00
5.060872554779052734e+00
5.049295425415039062e+00
5.053727149963378906e+00
5.021564483642578125e+00
5.028230190277099609e+00
5.017467498779296875e+00
5.077814102172851562e+00
5.060488700866699219e+00
5.012725830078125000e+00
5.068257808685302734e+00
5.042593002319335938e+00
5.037162780761718750e+00
5.041403293609619141e+00
5.064487457275390625e+00
5.051034450531005859e+00
5.095252037048339844e+00
5.010463237762451172e+00
5.039393424987792969e+00
5.075071334838867188e+00
5.013803005218505859e+00
5.038207054138183594e+00
5.017083168029785156e+00
5.040722846984863281e+00
5.075196266174316406e+00
5.032299518585205078e+00
5.024103641510009766e+00
5.077503681182861328e+00
5.014415740966796875e+00
5.072901725769042969e+00
5.044123649597167969e+00
5.023684978485107422e+00
5.066670417785644531e+00
5.041178703308105469e+00
5.006741046905517578e+00
5.018705368041992188e+00
5.048398971557617188e+00
5.025199890136718750e+00
5.032214641571044922e+00
5.042104244232177734e+00
5.062229156494140625e+00
5.040699958801269531e+00
5.013307094573974609e+00
5.016872882843017578e+00
5.017784118652343750e+00
5.049511432647705078e+00
5.003241539001464844e+00
5.035750389099121094e+00
5.041807174682617188e+00
5.021400451660156250e+00
5.050414085388183594e+00
5.024704933166503906e+00
5.013821125030517578e+00
5.064747333526611328e+00
5.013192176818847656e+00
5.027086257934570312e+00
5.014888763427734375e+00
5.000027179718017578e+00
5.021784782409667969e+00
5.006843566894531250e+00
5.015376567840576172e+00
5.037244319915771484e+00
5.034574508666992188e+00
5.017945289611816406e+00
5.019442558288574219e+00
5.028304576873779297e+00
5.031296730041503906e+00
5.032568931579589844e+00
5.022687435150146484e+00
5.032601833343505859e+00
5.045696258544921875e+00
5.057511806488037109e+00
5.033407211303710938e+00
5.010460853576660156e+00
5.018391132354736328e+00
5.015351772308349609e+00
5.012350559234619141e+00
5.010531902313232422e+00
5.038664817810058594e+00
5.051325798034667969e+00
5.046874523162841797e+00
5.019921302795410156e+00
5.014457702636718750e+00
5.035360336303710938e+00
5.019307136535644531e+00
5.009366035461425781e+00
5.041254043579101562e+00
5.010859489440917969e+00
5.015285491943359375e+00
5.038948059082031250e+00
5.020065307617187500e+00
5.016537189483642578e+00
5.010479927062988281e+00
5.006562232971191406e+00
5.006577491760253906e+00
5.027541160583496094e+00
5.013068675994873047e+00
5.032701969146728516e+00
5.009993076324462891e+00
5.048782825469970703e+00
5.025163650512695312e+00
5.008387565612792969e+00
5.033666610717773438e+00
5.022149085998535156e+00
5.007096290588378906e+00
5.020106792449951172e+00
5.007209777832031250e+00
5.027193069458007812e+00
5.019968032836914062e+00
5.046009063720703125e+00
5.023234844207763672e+00
5.031281471252441406e+00
5.007262229919433594e+00
5.018924713134765625e+00
5.013078689575195312e+00
5.049376487731933594e+00
5.018082618713378906e+00
5.020454406738281250e+00
5.003388881683349609e+00
5.031684875488281250e+00
5.019454956054687500e+00
5.044528007507324219e+00
5.025193214416503906e+00
4.991476058959960938e+00
5.022584915161132812e+00
4.997152328491210938e+00
5.004653453826904297e+00
5.030056953430175781e+00
5.031096935272216797e+00
5.047696590423583984e+00
5.025039672851562500e+00
5.042764186859130859e+00
5.021904945373535156e+00
5.016369819641113281e+00
5.036798477172851562e+00
5.050920009613037109e+00
5.038383483886718750e+00
5.012523174285888672e+00
5.036202907562255859e+00
5.013500213623046875e+00
5.035022258758544922e+00
4.993549346923828125e+00
5.016545295715332031e+00
4.986644268035888672e+00
5.006474494934082031e+00
5.012368202209472656e+00
5.103384971618652344e+00
5.021175384521484375e+00
5.032018661499023438e+00
4.997558593750000000e+00
5.021461009979248047e+00
5.033963203430175781e+00
5.022235393524169922e+00
4.997835636138916016e+00
5.022040367126464844e+00
5.020198822021484375e+00
5.019311904907226562e+00
5.021536827087402344e+00
5.045710086822509766e+00
5.007658481597900391e+00
5.011818885803222656e+00
5.000965118408203125e+00
5.005832672119140625e+00
5.019684314727783203e+00
5.050502777099609375e+00
5.020049095153808594e+00
5.036072731018066406e+00
5.000446319580078125e+00
5.038940906524658203e+00
5.015333652496337891e+00
5.034083366394042969e+00
5.067372798919677734e+00
5.022939205169677734e+00
5.017370700836181641e+00
5.014400005340576172e+00
5.013587951660156250e+00
5.008718013763427734e+00
4.998493671417236328e+00
4.995897769927978516e+00
5.026822090148925781e+00
5.025765419006347656e+00
4.998173236846923828e+00
5.025049209594726562e+00
5.020587444305419922e+00
5.013824939727783203e+00
5.014018535614013672e+00
4.995853900909423828e+00
5.013881683349609375e+00
5.003022193908691406e+00
5.011544227600097656e+00
4.993585586547851562e+00
5.020123958587646484e+00
5.016724586486816406e+00
4.994421005249023438e+00
5.024370193481445312e+00
4.999814510345458984e+00
5.007664203643798828e+00
5.001750469207763672e+00
5.071962356567382812e+00
5.028341293334960938e+00
5.007069110870361328e+00
4.994166851043701172e+00
5.023879051208496094e+00
5.010835170745849609e+00
4.992570400238037109e+00
4.993724346160888672e+00
5.006039142608642578e+00
5.029100418090820312e+00
5.013353824615478516e+00
4.998591899871826172e+00
5.053086757659912109e+00
4.997042179107666016e+00
5.029176712036132812e+00
5.001578330993652344e+00
5.001962661743164062e+00
4.999448776245117188e+00
5.025311470031738281e+00
5.020507812500000000e+00
5.046886444091796875e+00
5.003899097442626953e+00
5.027556896209716797e+00
5.019626617431640625e+00
5.013278961181640625e+00
5.025852680206298828e+00
4.999348640441894531e+00
4.990770816802978516e+00
4.997192382812500000e+00
5.001044750213623047e+00
4.998543739318847656e+00
5.021702289581298828e+00
5.007788658142089844e+00
4.992471694946289062e+00
5.036694049835205078e+00
4.995554924011230469e+00
4.993194580078125000e+00
5.018432617187500000e+00
4.996229171752929688e+00
4.996573448181152344e+00
5.000122070312500000e+00
4.996083736419677734e+00
4.993808746337890625e+00
5.010282039642333984e+00
5.000163078308105469e+00
4.991822719573974609e+00
4.997867107391357422e+00
5.013178825378417969e+00
5.010930061340332031e+00
5.016005516052246094e+00
5.021740913391113281e+00
5.015641689300537109e+00
5.014186859130859375e+00
4.996838569641113281e+00
4.995904922485351562e+00
4.986502647399902344e+00
5.008374691009521484e+00
5.000917911529541016e+00
4.993887424468994141e+00
4.999768733978271484e+00
5.022373199462890625e+00
5.030581474304199219e+00
5.035271167755126953e+00
5.003733634948730469e+00
4.984356880187988281e+00
5.013116359710693359e+00
4.994345664978027344e+00
5.001571178436279297e+00
4.995201110839843750e+00
5.014317512512207031e+00
5.000793457031250000e+00
5.009161472320556641e+00
4.999400615692138672e+00
5.031790733337402344e+00
5.000550270080566406e+00
5.020123004913330078e+00
4.998670578002929688e+00
4.993894577026367188e+00
5.019852638244628906e+00
5.004605293273925781e+00
5.004324913024902344e+00
4.988844394683837891e+00
5.027739048004150391e+00
5.001094341278076172e+00
4.997568130493164062e+00
5.012902736663818359e+00
4.991387844085693359e+00
5.009439468383789062e+00
4.988729476928710938e+00
5.038522720336914062e+00
4.987907886505126953e+00
5.008404731750488281e+00
5.001152992248535156e+00
5.038687229156494141e+00
4.986373901367187500e+00
4.985395431518554688e+00
5.020094394683837891e+00
4.992839813232421875e+00
5.013917922973632812e+00
4.989729881286621094e+00
4.990535736083984375e+00
4.994132995605468750e+00
4.991797447204589844e+00
5.003349304199218750e+00
5.010787963867187500e+00
5.012516975402832031e+00
4.979846954345703125e+00
5.015056610107421875e+00
5.014126777648925781e+00
4.990860939025878906e+00
5.005950450897216797e+00
5.030951976776123047e+00
5.015880107879638672e+00
4.996677875518798828e+00
4.997813701629638672e+00
5.009669780731201172e+00
5.039136886596679688e+00
5.015685558319091797e+00
5.048538684844970703e+00
4.999561786651611328e+00
5.016992092132568359e+00
5.015881538391113281e+00
5.023042201995849609e+00
5.000621318817138672e+00
5.002031326293945312e+00
5.021633148193359375e+00
5.039060592651367188e+00
5.018087387084960938e+00
5.027760505676269531e+00
4.982896804809570312e+00
5.016485214233398438e+00
5.016707420349121094e+00
5.021934509277343750e+00
5.038149356842041016e+00
5.017565727233886719e+00
5.053635597229003906e+00
4.988221645355224609e+00
5.011015892028808594e+00
4.992713451385498047e+00
5.003908157348632812e+00
5.003600120544433594e+00
4.989894866943359375e+00
5.002053737640380859e+00
5.003393173217773438e+00
4.998446464538574219e+00
5.022798061370849609e+00
4.991076946258544922e+00
4.998942852020263672e+00
5.008316993713378906e+00
5.004946708679199219e+00
4.987455844879150391e+00
4.991822242736816406e+00
4.982429981231689453e+00
5.001922607421875000e+00
4.986030578613281250e+00
5.037653923034667969e+00
5.005702972412109375e+00
4.992787361145019531e+00
5.001311779022216797e+00
5.047765731811523438e+00
5.022488594055175781e+00
4.989496707916259766e+00
5.015359401702880859e+00
5.016687393188476562e+00
5.011492729187011719e+00
4.992802619934082031e+00
4.997109889984130859e+00
5.022723197937011719e+00
4.995154857635498047e+00
4.994010925292968750e+00
5.020374774932861328e+00
4.994987487792968750e+00
4.998979568481445312e+00
4.992232322692871094e+00
5.002445220947265625e+00
5.016962051391601562e+00
5.007275581359863281e+00
4.987913131713867188e+00
5.031744003295898438e+00
5.007302761077880859e+00
5.007078170776367188e+00
5.012658119201660156e+00
4.977266311645507812e+00
4.993810176849365234e+00
4.988118171691894531e+00
5.029857635498046875e+00
5.013230800628662109e+00
5.013147830963134766e+00
4.997216701507568359e+00
4.999289512634277344e+00
4.996062755584716797e+00
5.030700683593750000e+00
5.004417896270751953e+00
5.016298294067382812e+00
5.007097721099853516e+00
5.001981735229492188e+00
5.008876323699951172e+00
4.983360767364501953e+00
5.014977455139160156e+00
5.000356674194335938e+00
4.997961044311523438e+00
4.985704421997070312e+00
4.997161388397216797e+00
4.988980293273925781e+00
4.991291522979736328e+00
4.990957260131835938e+00
4.994271278381347656e+00
4.980195045471191406e+00
4.999186038970947266e+00
4.992398262023925781e+00
5.024491310119628906e+00
5.004037857055664062e+00
5.002399444580078125e+00
5.007394313812255859e+00
5.007418632507324219e+00
5.012617111206054688e+00
5.003411293029785156e+00
4.992053031921386719e+00
5.002356529235839844e+00
4.990706443786621094e+00
5.020142555236816406e+00
4.990128517150878906e+00
4.989527702331542969e+00
4.999141216278076172e+00
4.999882698059082031e+00
4.993762493133544922e+00
4.990402221679687500e+00
4.984766006469726562e+00
5.004454135894775391e+00
4.989220142364501953e+00
5.001167297363281250e+00
5.021494388580322266e+00
4.996227264404296875e+00
4.978238105773925781e+00
4.996544837951660156e+00
5.005167961120605469e+00
5.025341033935546875e+00
4.987360000610351562e+00
4.996033668518066406e+00
5.039667606353759766e+00
5.007059097290039062e+00
5.027368545532226562e+00
4.988964080810546875e+00
4.994753360748291016e+00
5.001688003540039062e+00
5.008161544799804688e+00
5.002102851867675781e+00
5.007395744323730469e+00
5.005263805389404297e+00
5.015424728393554688e+00
5.038553237915039062e+00
5.002956867218017578e+00
4.978388309478759766e+00
5.002340316772460938e+00
4.988379955291748047e+00
5.047811985015869141e+00
5.003005504608154297e+00
5.013647079467773438e+00
5.018575668334960938e+00
4.993465423583984375e+00
5.044389247894287109e+00
5.011848449707031250e+00
5.006097793579101562e+00
4.993639945983886719e+00
4.999165058135986328e+00
5.032282829284667969e+00
5.000514984130859375e+00
4.997930526733398438e+00
4.993302822113037109e+00
5.007600784301757812e+00
4.992155075073242188e+00
4.980213642120361328e+00
4.984574317932128906e+00
4.991115570068359375e+00
4.998450756072998047e+00
4.988721847534179688e+00
4.994188785552978516e+00
5.014943122863769531e+00
4.987535476684570312e+00
4.997216224670410156e+00
4.990533828735351562e+00
4.989344120025634766e+00
5.003889560699462891e+00
4.989064216613769531e+00
4.993382930755615234e+00
5.001874923706054688e+00
5.019233226776123047e+00
4.997521400451660156e+00
5.006796360015869141e+00
4.984037399291992188e+00
4.991044998168945312e+00
4.997046947479248047e+00
4.996563911437988281e+00
4.988709926605224609e+00
5.008494377136230469e+00
4.996856689453125000e+00
5.008608341217041016e+00
5.018270969390869141e+00
5.007272720336914062e+00
4.989087581634521484e+00
4.990653991699218750e+00
4.995312213897705078e+00
5.010139465332031250e+00
4.999942779541015625e+00
5.023483276367187500e+00
5.003823757171630859e+00
4.988989830017089844e+00
5.054428100585937500e+00
5.004540443420410156e+00
5.044622421264648438e+00
4.995623588562011719e+00
4.996972084045410156e+00
4.984847545623779297e+00
5.014545917510986328e+00
4.988701820373535156e+00
4.989863395690917969e+00
5.000026226043701172e+00
5.016016960144042969e+00
4.984587669372558594e+00
5.013021945953369141e+00
5.000837802886962891e+00
5.028066158294677734e+00
4.986225605010986328e+00
5.017167568206787109e+00
5.026821136474609375e+00
5.005734443664550781e+00
4.987721443176269531e+00
5.030036449432373047e+00
5.003954410552978516e+00
5.007585525512695312e+00
4.991469383239746094e+00
5.005017280578613281e+00
4.992141723632812500e+00
5.011184215545654297e+00
5.016223907470703125e+00
4.990432739257812500e+00
4.992127418518066406e+00
5.078918457031250000e+00
4.990646362304687500e+00
4.989692687988281250e+00
4.987520217895507812e+00
4.985452651977539062e+00
4.987498760223388672e+00
5.005002021789550781e+00
5.005567550659179688e+00
4.995392322540283203e+00
5.024953365325927734e+00
4.994340419769287109e+00
4.995259284973144531e+00
4.987559318542480469e+00
4.982370376586914062e+00
4.977579593658447266e+00
5.031991958618164062e+00
4.997726917266845703e+00
4.998217582702636719e+00
5.008760929107666016e+00
5.027856826782226562e+00
4.994863510131835938e+00
4.991967678070068359e+00
5.002331733703613281e+00
4.987779617309570312e+00
4.981714248657226562e+00
5.006722927093505859e+00
5.001920223236083984e+00
4.999455451965332031e+00
5.031754493713378906e+00
5.020501136779785156e+00
4.974301338195800781e+00
4.997205257415771484e+00
4.999983787536621094e+00
4.988712787628173828e+00
4.981898784637451172e+00
5.007845401763916016e+00
4.995681285858154297e+00
4.998351097106933594e+00
5.002758026123046875e+00
4.995509147644042969e+00
4.986804008483886719e+00
5.003797531127929688e+00
5.001584053039550781e+00
4.998901844024658203e+00
5.000872611999511719e+00
5.016597270965576172e+00
4.991083145141601562e+00
5.009587287902832031e+00
4.999998569488525391e+00
4.993194580078125000e+00
5.012184143066406250e+00
4.983595848083496094e+00
5.010999679565429688e+00
4.977069854736328125e+00
5.086660385131835938e+00
4.998321533203125000e+00
5.006723403930664062e+00
4.983930110931396484e+00
5.006742954254150391e+00
5.010543346405029297e+00
4.985167503356933594e+00
5.003811836242675781e+00
5.006391048431396484e+00
4.985081195831298828e+00
4.995747089385986328e+00
5.001155853271484375e+00
4.975178718566894531e+00
5.014025688171386719e+00
5.005978107452392578e+00
5.015875816345214844e+00
5.003101825714111328e+00
4.999553203582763672e+00
4.994482040405273438e+00
4.996658325195312500e+00
5.001252651214599609e+00
5.010799407958984375e+00
4.979225635528564453e+00
5.004114151000976562e+00
4.983055114746093750e+00
4.996545791625976562e+00
4.999047756195068359e+00
4.978668212890625000e+00
4.996577262878417969e+00
5.015105724334716797e+00
4.991496562957763672e+00
5.015307903289794922e+00
5.007769107818603516e+00
5.001343727111816406e+00
4.996063709259033203e+00
4.983941078186035156e+00
4.997325420379638672e+00
5.038086891174316406e+00
4.982085227966308594e+00
4.982008934020996094e+00
4.991105556488037109e+00
5.004152297973632812e+00
5.014051914215087891e+00
4.983949661254882812e+00
5.003894805908203125e+00
5.003149986267089844e+00
5.016054630279541016e+00
4.999695777893066406e+00
4.987095832824707031e+00
4.978731155395507812e+00
4.994553565979003906e+00
5.000035762786865234e+00
4.984286785125732422e+00
5.003680229187011719e+00
4.981134414672851562e+00
4.992479324340820312e+00
5.020272731781005859e+00
4.987121105194091797e+00
5.007677078247070312e+00
5.000022888183593750e+00
4.997705459594726562e+00
4.988424777984619141e+00
4.972572326660156250e+00
4.993567466735839844e+00
5.007192611694335938e+00
5.014639854431152344e+00
4.983644008636474609e+00
5.000995635986328125e+00
5.014511585235595703e+00
4.986570358276367188e+00
4.987835884094238281e+00
4.985527515411376953e+00
5.000370979309082031e+00
5.013124465942382812e+00
4.976858615875244141e+00
4.974053382873535156e+00
5.012537479400634766e+00
4.990690231323242188e+00
4.976851940155029297e+00
4.980536460876464844e+00
4.976908683776855469e+00
5.016890048980712891e+00
4.975409030914306641e+00
4.999735355377197266e+00
5.007419109344482422e+00
5.002966880798339844e+00
4.982433795928955078e+00
5.000080585479736328e+00
4.998446464538574219e+00
4.996492385864257812e+00
5.001595497131347656e+00
5.004106044769287109e+00
4.979978084564208984e+00
5.003697395324707031e+00
5.010782241821289062e+00
4.983812332153320312e+00
4.979088306427001953e+00
4.987576484680175781e+00
4.996598243713378906e+00
4.980030536651611328e+00
4.989797115325927734e+00
4.992312431335449219e+00
4.996796607971191406e+00
5.006921768188476562e+00
4.996831893920898438e+00
4.986627578735351562e+00
4.992378711700439453e+00
4.984652519226074219e+00
4.993950366973876953e+00
4.993823528289794922e+00
4.977051734924316406e+00
5.000693321228027344e+00
5.008161544799804688e+00
5.020981788635253906e+00
4.994058609008789062e+00
5.001711368560791016e+00
5.007992744445800781e+00
5.001011848449707031e+00
5.007823944091796875e+00
4.984833240509033203e+00
4.985736846923828125e+00
5.003935813903808594e+00
4.989696979522705078e+00
4.986300468444824219e+00
5.032565116882324219e+00
4.996411323547363281e+00
4.980508804321289062e+00
4.988807678222656250e+00
4.983879089355468750e+00
4.979484081268310547e+00
5.001068115234375000e+00
5.022260665893554688e+00
4.981817245483398438e+00
4.981840610504150391e+00
4.995954513549804688e+00
5.002502441406250000e+00
5.006735801696777344e+00
4.977711677551269531e+00
4.990030288696289062e+00
4.976312637329101562e+00
4.983515739440917969e+00
5.006322860717773438e+00
4.984041690826416016e+00
5.012993812561035156e+00
4.993708610534667969e+00
4.995683193206787109e+00
4.992927551269531250e+00
4.983696937561035156e+00
4.999842643737792969e+00
4.996374130249023438e+00
4.992574214935302734e+00
4.980985641479492188e+00
4.985604286193847656e+00
5.008940696716308594e+00
5.003323554992675781e+00
4.987789630889892578e+00
5.026769638061523438e+00
4.982821941375732422e+00
4.982368946075439453e+00
4.980638027191162109e+00
4.986031055450439453e+00
5.017818927764892578e+00
5.000508308410644531e+00
5.007484436035156250e+00
5.009253978729248047e+00
4.995125770568847656e+00
4.993935585021972656e+00
5.009344577789306641e+00
5.008814811706542969e+00
4.990444660186767578e+00
4.979375839233398438e+00
5.001461982727050781e+00
4.985085487365722656e+00
4.978359222412109375e+00
5.011167049407958984e+00
5.001971244812011719e+00
5.030726432800292969e+00
4.991402626037597656e+00
4.988993644714355469e+00
4.979121685028076172e+00
4.982375621795654297e+00
4.979159355163574219e+00
4.976705551147460938e+00
5.027962684631347656e+00
4.991799831390380859e+00
5.002795219421386719e+00
4.984635353088378906e+00
4.988359451293945312e+00
4.997816562652587891e+00
4.998168945312500000e+00
5.022438049316406250e+00
4.977751255035400391e+00
5.000058174133300781e+00
4.992303371429443359e+00
4.974083423614501953e+00
5.016215801239013672e+00
4.980826854705810547e+00
4.988570213317871094e+00
4.993820190429687500e+00
5.003132820129394531e+00
4.982444763183593750e+00
5.010625839233398438e+00
5.005449295043945312e+00
5.002605915069580078e+00
4.994498252868652344e+00
