1.604421234130859375e+02
1.459149322509765625e+02
1.425536804199218750e+02
1.396783142089843750e+02
1.385558166503906250e+02
1.372794647216796875e+02
1.365110168457031250e+02
1.358780212402343750e+02
1.352557983398437500e+02
1.348926086425781250e+02
1.345078277587890625e+02
1.343211059570312500e+02
1.337185974121093750e+02
1.336137390136718750e+02
1.332552795410156250e+02
1.330605163574218750e+02
1.329553833007812500e+02
1.327274322509765625e+02
1.323460998535156250e+02
1.320679473876953125e+02
1.317274169921875000e+02
1.315125427246093750e+02
1.313501586914062500e+02
1.310547637939453125e+02
1.303609924316406250e+02
1.295729675292968750e+02
1.293723754882812500e+02
1.285141754150390625e+02
1.283516387939453125e+02
1.284985809326171875e+02
1.288758087158203125e+02
1.281221160888671875e+02
1.283914031982421875e+02
1.279199676513671875e+02
1.275296478271484375e+02
1.276071090698242188e+02
1.275257110595703125e+02
1.269441986083984375e+02
1.267261810302734375e+02
1.272038421630859375e+02
1.268080596923828125e+02
1.264042205810546875e+02
1.256512145996093750e+02
1.262527923583984375e+02
1.260703887939453125e+02
1.259943695068359375e+02
1.257001647949218750e+02
1.261707458496093750e+02
1.258932418823242188e+02
1.266098861694335938e+02
1.253524475097656250e+02
1.261313018798828125e+02
1.254145812988281250e+02
1.257487487792968750e+02
1.259088287353515625e+02
1.245658340454101562e+02
1.255961608886718750e+02
1.254798889160156250e+02
1.250840911865234375e+02
1.253444519042968750e+02
1.249597244262695312e+02
1.245612335205078125e+02
1.253753662109375000e+02
1.251414642333984375e+02
1.245667266845703125e+02
1.246382293701171875e+02
1.246902160644531250e+02
1.245737457275390625e+02
1.244926376342773438e+02
1.248276519775390625e+02
1.243320007324218750e+02
1.244296264648437500e+02
1.236153488159179688e+02
1.237904815673828125e+02
1.240472412109375000e+02
1.247989349365234375e+02
1.244133911132812500e+02
1.248524932861328125e+02
1.239878997802734375e+02
1.241706237792968750e+02
1.243512115478515625e+02
1.244174041748046875e+02
1.236541290283203125e+02
1.240727539062500000e+02
1.237720260620117188e+02
1.241114196777343750e+02
1.243488922119140625e+02
1.234485473632812500e+02
1.234357910156250000e+02
1.237792053222656250e+02
1.239057998657226562e+02
1.236177978515625000e+02
1.230872344970703125e+02
1.237340087890625000e+02
1.235186309814453125e+02
1.232820739746093750e+02
1.235296020507812500e+02
1.243131103515625000e+02
1.227849731445312500e+02
1.239103698730468750e+02
1.237782211303710938e+02
1.231932830810546875e+02
1.231185302734375000e+02
1.228021621704101562e+02
1.224656219482421875e+02
1.231519165039062500e+02
1.226144790649414062e+02
1.228586883544921875e+02
1.231911773681640625e+02
1.234201812744140625e+02
1.230835571289062500e+02
1.224369659423828125e+02
1.224930801391601562e+02
1.229552764892578125e+02
1.228206329345703125e+02
1.222048645019531250e+02
1.223524322509765625e+02
1.228901977539062500e+02
1.225206832885742188e+02
1.217634887695312500e+02
1.220809097290039062e+02
1.226301193237304688e+02
1.224366912841796875e+02
1.221598052978515625e+02
1.225424194335937500e+02
1.219655761718750000e+02
1.222674789428710938e+02
1.218035354614257812e+02
1.223499908447265625e+02
1.222634277343750000e+02
1.220903625488281250e+02
1.205461044311523438e+02
1.223888549804687500e+02
1.220217285156250000e+02
1.217443542480468750e+02
1.217237548828125000e+02
1.214995651245117188e+02
1.222231216430664062e+02
1.210583419799804688e+02
1.220729751586914062e+02
1.220572204589843750e+02
1.214770812988281250e+02
1.212326812744140625e+02
1.218194274902343750e+02
1.211916732788085938e+02
1.217551651000976562e+02
1.222997283935546875e+02
1.222527770996093750e+02
1.226238021850585938e+02
1.213342666625976562e+02
1.214868240356445312e+02
1.224885406494140625e+02
1.221040954589843750e+02
1.214954833984375000e+02
1.224467620849609375e+02
1.212138977050781250e+02
1.217434463500976562e+02
1.215049285888671875e+02
1.216705474853515625e+02
1.221002655029296875e+02
1.216666412353515625e+02
1.211964721679687500e+02
1.203384552001953125e+02
1.219508514404296875e+02
1.209972991943359375e+02
1.211093292236328125e+02
1.209829330444335938e+02
1.215680236816406250e+02
1.209406585693359375e+02
1.205125885009765625e+02
1.219420547485351562e+02
1.213922271728515625e+02
1.217346801757812500e+02
1.212632369995117188e+02
1.211299285888671875e+02
1.215635681152343750e+02
1.216713333129882812e+02
1.218937530517578125e+02
1.206342010498046875e+02
1.214147796630859375e+02
1.217742309570312500e+02
1.213821792602539062e+02
1.209709320068359375e+02
1.215970611572265625e+02
1.212995605468750000e+02
1.206193542480468750e+02
1.210114898681640625e+02
1.209258880615234375e+02
1.208040847778320312e+02
1.207831726074218750e+02
1.212953796386718750e+02
1.198972473144531250e+02
1.213967819213867188e+02
1.203851013183593750e+02
1.207325592041015625e+02
1.208194580078125000e+02
1.218793792724609375e+02
1.207924957275390625e+02
1.207518157958984375e+02
1.215512313842773438e+02
1.208637695312500000e+02
1.208345108032226562e+02
1.201975402832031250e+02
1.211285858154296875e+02
1.214735412597656250e+02
1.218036727905273438e+02
1.209896621704101562e+02
1.216330108642578125e+02
1.201300506591796875e+02
1.194124603271484375e+02
1.212122726440429688e+02
1.202744750976562500e+02
1.215906524658203125e+02
1.201058425903320312e+02
1.210679626464843750e+02
1.212228240966796875e+02
1.209666442871093750e+02
1.210480651855468750e+02
1.209210815429687500e+02
1.206883850097656250e+02
1.213775558471679688e+02
1.211014328002929688e+02
1.210207748413085938e+02
1.208410949707031250e+02
1.202747268676757812e+02
1.209796447753906250e+02
1.205402755737304688e+02
1.208027877807617188e+02
1.209445571899414062e+02
1.217373657226562500e+02
1.217631301879882812e+02
1.203442153930664062e+02
1.211796722412109375e+02
1.204305648803710938e+02
1.217243576049804688e+02
1.206057281494140625e+02
1.202888183593750000e+02
1.207439575195312500e+02
1.201992187500000000e+02
1.211325759887695312e+02
1.207673187255859375e+02
1.215005035400390625e+02
1.207771835327148438e+02
1.207063903808593750e+02
1.211848144531250000e+02
1.212426300048828125e+02
1.208295440673828125e+02
1.212849273681640625e+02
1.208267669677734375e+02
1.204941101074218750e+02
1.203269348144531250e+02
1.206250152587890625e+02
1.206637420654296875e+02
1.208969345092773438e+02
1.205031890869140625e+02
1.209261550903320312e+02
1.208976898193359375e+02
1.204547348022460938e+02
1.208335647583007812e+02
1.201412353515625000e+02
1.206187973022460938e+02
1.210105133056640625e+02
1.207883682250976562e+02
1.210330505371093750e+02
1.214876937866210938e+02
1.206360015869140625e+02
1.205531387329101562e+02
1.205439147949218750e+02
1.208286590576171875e+02
1.207812194824218750e+02
1.203673400878906250e+02
1.204707946777343750e+02
1.212960662841796875e+02
1.209092636108398438e+02
1.208643646240234375e+02
1.205884857177734375e+02
1.206256027221679688e+02
1.206915740966796875e+02
1.209620361328125000e+02
1.204689178466796875e+02
1.206163177490234375e+02
1.197374420166015625e+02
1.213111419677734375e+02
1.202660675048828125e+02
1.206203002929687500e+02
1.206347808837890625e+02
1.202940216064453125e+02
1.201475753784179688e+02
1.210090255737304688e+02
1.200411376953125000e+02
1.206396713256835938e+02
1.203133621215820312e+02
1.213263931274414062e+02
1.214894638061523438e+02
1.206909637451171875e+02
1.201818542480468750e+02
1.202435455322265625e+02
1.205350494384765625e+02
1.206167984008789062e+02
1.209038238525390625e+02
1.201566772460937500e+02
1.205126419067382812e+02
1.211357727050781250e+02
1.205787048339843750e+02
1.207573852539062500e+02
1.206146392822265625e+02
1.207025146484375000e+02
1.207765350341796875e+02
1.212356948852539062e+02
1.208940124511718750e+02
1.210930023193359375e+02
1.207239837646484375e+02
1.209394302368164062e+02
1.198516082763671875e+02
1.208082122802734375e+02
1.204169082641601562e+02
1.213468322753906250e+02
1.201980056762695312e+02
1.207093124389648438e+02
1.198436279296875000e+02
1.208430786132812500e+02
1.196817169189453125e+02
1.201829147338867188e+02
1.206192932128906250e+02
1.202565536499023438e+02
1.209938049316406250e+02
1.206111831665039062e+02
1.214454421997070312e+02
1.200873870849609375e+02
1.205030822753906250e+02
1.212157821655273438e+02
1.208985595703125000e+02
1.204140701293945312e+02
1.206949310302734375e+02
1.202258300781250000e+02
1.199800643920898438e+02
1.203895339965820312e+02
1.210227966308593750e+02
1.209468612670898438e+02
1.206412353515625000e+02
1.204890747070312500e+02
1.214532165527343750e+02
1.203085479736328125e+02
1.206628265380859375e+02
1.203644409179687500e+02
1.201107101440429688e+02
1.204623565673828125e+02
1.203988723754882812e+02
1.208725280761718750e+02
1.205773315429687500e+02
1.211162490844726562e+02
1.201031417846679688e+02
1.212799377441406250e+02
1.209530181884765625e+02
1.204802932739257812e+02
1.204447479248046875e+02
1.205303726196289062e+02
1.206952972412109375e+02
1.205726165771484375e+02
1.206333160400390625e+02
1.206833496093750000e+02
1.202002944946289062e+02
1.210349121093750000e+02
1.204036560058593750e+02
1.206559143066406250e+02
1.197266845703125000e+02
1.206799011230468750e+02
1.195953063964843750e+02
1.211073913574218750e+02
1.203150787353515625e+02
1.200724792480468750e+02
1.203381118774414062e+02
1.198784790039062500e+02
1.206327972412109375e+02
1.199600982666015625e+02
1.204134292602539062e+02
1.207028503417968750e+02
1.199292602539062500e+02
1.200073852539062500e+02
1.206213836669921875e+02
1.207877578735351562e+02
1.209184951782226562e+02
1.201234283447265625e+02
1.201134567260742188e+02
1.198112335205078125e+02
1.203249206542968750e+02
1.204838790893554688e+02
1.203513946533203125e+02
1.200880584716796875e+02
1.205768585205078125e+02
1.215830841064453125e+02
1.204961700439453125e+02
1.202308044433593750e+02
1.207514190673828125e+02
1.209805908203125000e+02
1.205986785888671875e+02
1.199342803955078125e+02
1.201708831787109375e+02
1.199773178100585938e+02
1.196934661865234375e+02
1.201908721923828125e+02
1.205539779663085938e+02
1.208031463623046875e+02
1.202789001464843750e+02
1.201352081298828125e+02
1.196700592041015625e+02
1.194635009765625000e+02
1.201306610107421875e+02
1.204607009887695312e+02
1.200227203369140625e+02
1.212595520019531250e+02
1.202329025268554688e+02
1.196125106811523438e+02
1.207289276123046875e+02
1.207775726318359375e+02
1.206790237426757812e+02
1.214270095825195312e+02
1.202141494750976562e+02
1.199638366699218750e+02
1.202113952636718750e+02
1.204156036376953125e+02
1.198986968994140625e+02
1.196562423706054688e+02
1.205693817138671875e+02
1.191848220825195312e+02
1.197202301025390625e+02
1.201497116088867188e+02
1.201268768310546875e+02
1.206799011230468750e+02
1.199893341064453125e+02
1.200046691894531250e+02
1.211502532958984375e+02
1.195636596679687500e+02
1.207406463623046875e+02
1.205283508300781250e+02
1.204914779663085938e+02
1.194486541748046875e+02
1.195092010498046875e+02
1.197964019775390625e+02
1.196095275878906250e+02
1.199527435302734375e+02
1.205733032226562500e+02
1.197388381958007812e+02
1.193787689208984375e+02
1.198819274902343750e+02
1.203762054443359375e+02
1.204359283447265625e+02
1.204620208740234375e+02
1.203071441650390625e+02
1.197079620361328125e+02
1.206974563598632812e+02
1.205181655883789062e+02
1.199304809570312500e+02
1.197458648681640625e+02
1.204633636474609375e+02
1.198391265869140625e+02
1.197405624389648438e+02
1.202194519042968750e+02
1.187783203125000000e+02
1.201060028076171875e+02
1.204984054565429688e+02
1.198505706787109375e+02
1.200627746582031250e+02
1.201014556884765625e+02
1.204601058959960938e+02
1.195792007446289062e+02
1.204110717773437500e+02
1.201845779418945312e+02
1.201219177246093750e+02
1.198368377685546875e+02
1.206157379150390625e+02
1.202625579833984375e+02
1.203731002807617188e+02
1.203356781005859375e+02
1.199345321655273438e+02
1.192946929931640625e+02
1.192143707275390625e+02
1.200461959838867188e+02
1.198755798339843750e+02
1.198968658447265625e+02
1.197306518554687500e+02
1.198072204589843750e+02
1.198233032226562500e+02
1.206702728271484375e+02
1.201538085937500000e+02
1.205299377441406250e+02
1.206870269775390625e+02
1.204150390625000000e+02
1.201545562744140625e+02
1.198927154541015625e+02
1.201847610473632812e+02
1.211626739501953125e+02
1.197771301269531250e+02
1.196567687988281250e+02
1.198510055541992188e+02
1.199109268188476562e+02
1.200555267333984375e+02
1.203751220703125000e+02
1.199755477905273438e+02
1.196868438720703125e+02
1.195884094238281250e+02
1.201328659057617188e+02
1.204595718383789062e+02
1.197064895629882812e+02
1.201292877197265625e+02
1.195363769531250000e+02
1.200772399902343750e+02
1.200118026733398438e+02
1.198686981201171875e+02
1.200034942626953125e+02
1.194473876953125000e+02
1.200797576904296875e+02
1.205305023193359375e+02
1.201395492553710938e+02
1.198233795166015625e+02
1.196901473999023438e+02
1.207217864990234375e+02
1.191216125488281250e+02
1.198087463378906250e+02
1.197541122436523438e+02
1.206574707031250000e+02
1.197170715332031250e+02
1.190660858154296875e+02
1.198376235961914062e+02
1.202263946533203125e+02
1.198309555053710938e+02
1.193973236083984375e+02
1.200073699951171875e+02
1.189016876220703125e+02
1.193622741699218750e+02
1.190813522338867188e+02
1.198844757080078125e+02
1.201229171752929688e+02
1.189706726074218750e+02
1.199169387817382812e+02
1.199389572143554688e+02
1.205238189697265625e+02
1.195727996826171875e+02
1.194383621215820312e+02
1.188780212402343750e+02
1.201240692138671875e+02
1.189093933105468750e+02
1.202698669433593750e+02
1.196331634521484375e+02
1.202685089111328125e+02
1.193344421386718750e+02
1.190560379028320312e+02
1.197828979492187500e+02
1.196538238525390625e+02
1.202684936523437500e+02
1.201309051513671875e+02
1.193558273315429688e+02
1.199472351074218750e+02
1.201106719970703125e+02
1.191412048339843750e+02
1.202746582031250000e+02
1.196281738281250000e+02
1.195282440185546875e+02
1.207940292358398438e+02
1.199004745483398438e+02
1.198991546630859375e+02
1.198070068359375000e+02
1.198599700927734375e+02
1.194028625488281250e+02
1.197480926513671875e+02
1.194436645507812500e+02
1.188745193481445312e+02
1.198965530395507812e+02
1.197373657226562500e+02
1.197022094726562500e+02
1.198390731811523438e+02
1.198498153686523438e+02
1.194653854370117188e+02
1.196376876831054688e+02
1.198810577392578125e+02
1.198077468872070312e+02
1.195438232421875000e+02
1.190546493530273438e+02
1.199016723632812500e+02
1.192162628173828125e+02
1.200998382568359375e+02
1.194836349487304688e+02
1.192954101562500000e+02
1.195053710937500000e+02
1.198475341796875000e+02
1.188660278320312500e+02
1.190962677001953125e+02
1.194393768310546875e+02
1.196691894531250000e+02
1.193857727050781250e+02
1.197423095703125000e+02
1.196899719238281250e+02
1.198842163085937500e+02
1.202688293457031250e+02
1.200782852172851562e+02
1.193922729492187500e+02
1.188913574218750000e+02
1.195009078979492188e+02
1.194193725585937500e+02
1.192473907470703125e+02
1.189976348876953125e+02
1.200298309326171875e+02
1.193686370849609375e+02
1.200608062744140625e+02
1.194166336059570312e+02
1.198581695556640625e+02
1.197018280029296875e+02
1.196359939575195312e+02
1.196113128662109375e+02
1.196726074218750000e+02
1.190020904541015625e+02
1.191451416015625000e+02
1.189027252197265625e+02
1.189187011718750000e+02
1.185399627685546875e+02
1.193879623413085938e+02
1.196936187744140625e+02
1.193374023437500000e+02
1.195412139892578125e+02
1.199106903076171875e+02
1.190311050415039062e+02
1.194569320678710938e+02
1.203196182250976562e+02
1.181471252441406250e+02
1.185303726196289062e+02
1.186236114501953125e+02
1.196310272216796875e+02
1.190882415771484375e+02
1.195633392333984375e+02
1.196407928466796875e+02
1.195599212646484375e+02
1.194046783447265625e+02
1.195922241210937500e+02
1.202841873168945312e+02
1.192809600830078125e+02
1.192419433593750000e+02
1.194657135009765625e+02
1.205237655639648438e+02
1.200671844482421875e+02
1.196819686889648438e+02
1.193843078613281250e+02
1.195489807128906250e+02
1.195422592163085938e+02
1.187854614257812500e+02
1.195170364379882812e+02
1.197454147338867188e+02
1.190752944946289062e+02
1.199769897460937500e+02
1.195252075195312500e+02
1.196052627563476562e+02
1.194039154052734375e+02
1.192255172729492188e+02
1.195251770019531250e+02
1.193155670166015625e+02
1.193848419189453125e+02
1.191883850097656250e+02
1.184604568481445312e+02
1.190687561035156250e+02
1.189249877929687500e+02
1.192601013183593750e+02
1.193387985229492188e+02
1.188551406860351562e+02
1.194196929931640625e+02
1.198924865722656250e+02
1.193441162109375000e+02
1.209311981201171875e+02
1.193380432128906250e+02
1.197674560546875000e+02
1.191320800781250000e+02
1.199708709716796875e+02
1.193873519897460938e+02
1.191982727050781250e+02
1.189973373413085938e+02
1.186127014160156250e+02
1.190652770996093750e+02
1.194690628051757812e+02
1.193755035400390625e+02
1.200394134521484375e+02
1.190985107421875000e+02
1.186798706054687500e+02
1.187667236328125000e+02
1.193554153442382812e+02
1.194384765625000000e+02
1.183987426757812500e+02
1.188946304321289062e+02
1.186768188476562500e+02
1.186873168945312500e+02
1.188407745361328125e+02
1.191237487792968750e+02
1.186228485107421875e+02
1.187607879638671875e+02
1.183163604736328125e+02
1.190060119628906250e+02
1.192094039916992188e+02
1.185677108764648438e+02
1.185997009277343750e+02
1.190837631225585938e+02
1.190033874511718750e+02
1.193514633178710938e+02
1.189623718261718750e+02
1.189838104248046875e+02
1.187401123046875000e+02
1.194907836914062500e+02
1.186767120361328125e+02
1.184901428222656250e+02
1.194730987548828125e+02
1.193625259399414062e+02
1.197819671630859375e+02
1.193316268920898438e+02
1.189959487915039062e+02
1.191269683837890625e+02
1.179418182373046875e+02
1.189301757812500000e+02
1.189481658935546875e+02
1.183164443969726562e+02
1.198914489746093750e+02
1.193892440795898438e+02
1.190969543457031250e+02
1.180813369750976562e+02
1.193411254882812500e+02
1.188349304199218750e+02
1.189246368408203125e+02
1.181814270019531250e+02
1.190476837158203125e+02
1.181121520996093750e+02
1.188888854980468750e+02
1.188130493164062500e+02
1.181239318847656250e+02
1.195564041137695312e+02
1.195994720458984375e+02
1.189936676025390625e+02
1.182236404418945312e+02
1.192192535400390625e+02
1.186802978515625000e+02
1.190184936523437500e+02
1.191368942260742188e+02
1.189214935302734375e+02
1.196347503662109375e+02
1.185109405517578125e+02
1.188960266113281250e+02
1.183354492187500000e+02
1.190095596313476562e+02
1.193073654174804688e+02
1.184587936401367188e+02
1.196638259887695312e+02
1.190541381835937500e+02
1.187809295654296875e+02
1.179673004150390625e+02
1.198380889892578125e+02
1.186757965087890625e+02
1.181516189575195312e+02
1.186203613281250000e+02
1.201028747558593750e+02
1.188946228027343750e+02
1.196866378784179688e+02
1.188957061767578125e+02
1.207289886474609375e+02
1.191991424560546875e+02
1.191613922119140625e+02
1.199282226562500000e+02
1.191107635498046875e+02
1.188542861938476562e+02
1.186770019531250000e+02
1.197982025146484375e+02
1.184805221557617188e+02
1.182168884277343750e+02
1.178650054931640625e+02
1.183930206298828125e+02
1.187251281738281250e+02
1.189863357543945312e+02
1.192157287597656250e+02
1.191017227172851562e+02
1.190496215820312500e+02
1.194100265502929688e+02
1.188819808959960938e+02
1.186734008789062500e+02
1.188753662109375000e+02
1.189539947509765625e+02
1.190473632812500000e+02
1.209877777099609375e+02
1.201288299560546875e+02
1.193539505004882812e+02
1.192196655273437500e+02
1.197112274169921875e+02
1.187726516723632812e+02
1.190264892578125000e+02
1.191209106445312500e+02
1.178898391723632812e+02
1.195668182373046875e+02
1.192325515747070312e+02
1.187540283203125000e+02
1.193677062988281250e+02
1.188856048583984375e+02
1.186696472167968750e+02
1.186210250854492188e+02
1.192716979980468750e+02
1.195569458007812500e+02
1.187929687500000000e+02
1.188015441894531250e+02
1.190564727783203125e+02
1.189448242187500000e+02
1.197320861816406250e+02
1.194585113525390625e+02
1.190814361572265625e+02
1.185469055175781250e+02
1.186618041992187500e+02
1.195009918212890625e+02
1.185451660156250000e+02
1.192908020019531250e+02
1.185213012695312500e+02
1.183473663330078125e+02
1.185600891113281250e+02
1.196239471435546875e+02
1.190272216796875000e+02
1.185736389160156250e+02
1.189412002563476562e+02
1.180825271606445312e+02
1.181410217285156250e+02
1.192510070800781250e+02
1.200053939819335938e+02
1.186009063720703125e+02
1.182103729248046875e+02
1.184440765380859375e+02
1.185061950683593750e+02
1.190171203613281250e+02
1.177736053466796875e+02
1.181070709228515625e+02
1.185275421142578125e+02
1.193141708374023438e+02
1.188016204833984375e+02
1.195943603515625000e+02
1.184551544189453125e+02
1.192164306640625000e+02
1.190852661132812500e+02
1.190428848266601562e+02
1.194754333496093750e+02
1.193704986572265625e+02
1.192901763916015625e+02
1.182360916137695312e+02
1.202571258544921875e+02
1.182012557983398438e+02
1.187240142822265625e+02
1.187285995483398438e+02
1.183973846435546875e+02
1.183663482666015625e+02
1.195095062255859375e+02
1.187097015380859375e+02
1.191246261596679688e+02
1.187869110107421875e+02
1.191643371582031250e+02
1.190619049072265625e+02
1.181233520507812500e+02
1.182274093627929688e+02
1.186910247802734375e+02
1.189311599731445312e+02
1.196489334106445312e+02
1.185878753662109375e+02
1.187390136718750000e+02
1.192115097045898438e+02
1.185510787963867188e+02
1.181668243408203125e+02
1.188134155273437500e+02
1.188735809326171875e+02
1.195763854980468750e+02
1.185494842529296875e+02
1.181683120727539062e+02
1.187364578247070312e+02
1.199510192871093750e+02
1.187311248779296875e+02
1.190004959106445312e+02
1.196783218383789062e+02
1.186820373535156250e+02
1.190716400146484375e+02
1.191529235839843750e+02
1.188817291259765625e+02
1.182224426269531250e+02
1.188412933349609375e+02
1.191082916259765625e+02
1.193300933837890625e+02
1.189895935058593750e+02
1.183712158203125000e+02
1.185548858642578125e+02
1.191699829101562500e+02
1.186710968017578125e+02
1.185317611694335938e+02
1.190494766235351562e+02
1.185060043334960938e+02
1.184119644165039062e+02
1.197154541015625000e+02
1.180962066650390625e+02
1.190389480590820312e+02
1.194248199462890625e+02
1.184458007812500000e+02
1.181317443847656250e+02
1.189623947143554688e+02
1.199960250854492188e+02
1.200757751464843750e+02
1.188636169433593750e+02
1.193871307373046875e+02
1.191898498535156250e+02
1.194134140014648438e+02
1.190330810546875000e+02
1.193501510620117188e+02
1.191475677490234375e+02
1.184893646240234375e+02
1.198096542358398438e+02
1.180175094604492188e+02
1.194257354736328125e+02
1.189874420166015625e+02
1.188294754028320312e+02
1.188354339599609375e+02
1.191122741699218750e+02
1.191901855468750000e+02
1.194708404541015625e+02
1.187585754394531250e+02
1.191006011962890625e+02
1.199694213867187500e+02
1.188747482299804688e+02
1.186864166259765625e+02
1.197510070800781250e+02
1.188328094482421875e+02
1.187884674072265625e+02
1.183119812011718750e+02
1.185433654785156250e+02
1.191450576782226562e+02
1.185331420898437500e+02
1.180111312866210938e+02
1.196458511352539062e+02
1.188166198730468750e+02
1.190587158203125000e+02
1.187452850341796875e+02
1.181079101562500000e+02
1.190838165283203125e+02
1.192223205566406250e+02
1.186814575195312500e+02
1.187709655761718750e+02
1.186343536376953125e+02
1.187932281494140625e+02
1.184961395263671875e+02
1.185938568115234375e+02
1.191128234863281250e+02
1.185953598022460938e+02
1.187546615600585938e+02
1.195317306518554688e+02
1.185855789184570312e+02
1.189713134765625000e+02
1.195235137939453125e+02
1.195440216064453125e+02
1.201580505371093750e+02
1.183932189941406250e+02
1.179315261840820312e+02
1.190722427368164062e+02
1.186204986572265625e+02
1.192480392456054688e+02
1.188574066162109375e+02
1.192736663818359375e+02
1.196615219116210938e+02
1.189149017333984375e+02
1.183940887451171875e+02
1.193101959228515625e+02
1.192544937133789062e+02
1.187331695556640625e+02
1.189346313476562500e+02
1.191087036132812500e+02
1.186749877929687500e+02
1.194435958862304688e+02
1.191559829711914062e+02
1.190480346679687500e+02
1.188990020751953125e+02
1.191369934082031250e+02
