6.857829093933105469e+00
6.768961429595947266e+00
6.661019325256347656e+00
6.587962627410888672e+00
6.403771400451660156e+00
6.485142707824707031e+00
6.413808345794677734e+00
6.409394264221191406e+00
6.352371692657470703e+00
6.423031806945800781e+00
6.453834533691406250e+00
6.302849292755126953e+00
6.344138622283935547e+00
6.325845718383789062e+00
6.347856998443603516e+00
6.361683368682861328e+00
6.281409263610839844e+00
6.318248271942138672e+00
6.371757507324218750e+00
6.252214908599853516e+00
6.298819541931152344e+00
6.270790100097656250e+00
6.271973133087158203e+00
6.290895462036132812e+00
6.268986701965332031e+00
6.255223274230957031e+00
6.258090496063232422e+00
6.446288108825683594e+00
6.351412296295166016e+00
6.128124237060546875e+00
6.230587959289550781e+00
6.297642707824707031e+00
6.206495761871337891e+00
6.157656669616699219e+00
6.138594627380371094e+00
6.344679832458496094e+00
6.253617763519287109e+00
6.251224517822265625e+00
6.211321830749511719e+00
6.204114913940429688e+00
6.182800769805908203e+00
6.140536785125732422e+00
6.357036590576171875e+00
6.127929687500000000e+00
6.181053161621093750e+00
6.223545551300048828e+00
6.290548801422119141e+00
6.206930160522460938e+00
6.074938774108886719e+00
6.153643131256103516e+00
6.089036941528320312e+00
6.347795963287353516e+00
6.187953948974609375e+00
6.245783329010009766e+00
6.114542007446289062e+00
6.148082733154296875e+00
6.047657966613769531e+00
6.125308990478515625e+00
6.312740325927734375e+00
6.120817184448242188e+00
6.050935745239257812e+00
6.108589172363281250e+00
6.139462471008300781e+00
6.244647026062011719e+00
6.091093063354492188e+00
6.163694381713867188e+00
6.169198036193847656e+00
6.041310787200927734e+00
6.091342926025390625e+00
6.118094444274902344e+00
6.137493133544921875e+00
6.030201911926269531e+00
6.119354248046875000e+00
6.203101634979248047e+00
6.114562988281250000e+00
6.256974220275878906e+00
6.159912586212158203e+00
6.083297729492187500e+00
6.208553314208984375e+00
6.076523303985595703e+00
6.272665977478027344e+00
6.086918354034423828e+00
6.062198162078857422e+00
6.106404304504394531e+00
6.053071022033691406e+00
6.122939109802246094e+00
6.075433731079101562e+00
6.059482097625732422e+00
6.035387516021728516e+00
6.119816780090332031e+00
6.119925022125244141e+00
6.181563377380371094e+00
6.284557819366455078e+00
6.090414047241210938e+00
6.121255874633789062e+00
6.113429069519042969e+00
6.116452217102050781e+00
6.102464675903320312e+00
6.071450233459472656e+00
6.192746162414550781e+00
6.111523628234863281e+00
6.110497474670410156e+00
6.024481773376464844e+00
6.134071350097656250e+00
6.036832332611083984e+00
5.946182727813720703e+00
6.182206153869628906e+00
6.051112174987792969e+00
6.053913116455078125e+00
6.052823066711425781e+00
6.193053245544433594e+00
6.071748733520507812e+00
6.009808540344238281e+00
6.031291484832763672e+00
6.065360069274902344e+00
6.134258270263671875e+00
6.100395202636718750e+00
5.956823825836181641e+00
6.007520675659179688e+00
6.000728130340576172e+00
6.076664924621582031e+00
5.971334457397460938e+00
6.097613334655761719e+00
6.036969661712646484e+00
5.971398353576660156e+00
5.971169948577880859e+00
5.978945255279541016e+00
6.256872653961181641e+00
6.066808700561523438e+00
6.041776657104492188e+00
6.086187362670898438e+00
6.171826362609863281e+00
5.999136447906494141e+00
6.039118289947509766e+00
5.959474563598632812e+00
6.063771724700927734e+00
5.983886241912841797e+00
6.100899696350097656e+00
6.047865867614746094e+00
6.227336883544921875e+00
5.968981266021728516e+00
6.125006198883056641e+00
6.349017620086669922e+00
6.068900585174560547e+00
6.038729190826416016e+00
6.037864685058593750e+00
5.939812660217285156e+00
6.123116970062255859e+00
6.075004100799560547e+00
6.186813354492187500e+00
6.168388366699218750e+00
6.067286491394042969e+00
6.077023029327392578e+00
6.141653537750244141e+00
6.074892997741699219e+00
6.034401893615722656e+00
6.105594635009765625e+00
6.045355796813964844e+00
6.156341552734375000e+00
6.042860507965087891e+00
6.023482799530029297e+00
5.931527137756347656e+00
6.145497798919677734e+00
6.003316402435302734e+00
5.990393638610839844e+00
5.973105907440185547e+00
6.142693996429443359e+00
6.192756652832031250e+00
6.054060935974121094e+00
6.098264217376708984e+00
6.002340793609619141e+00
5.986512184143066406e+00
6.020258426666259766e+00
5.910370826721191406e+00
6.060723304748535156e+00
6.034301757812500000e+00
6.084304332733154297e+00
5.993273735046386719e+00
6.161207199096679688e+00
5.936128616333007812e+00
5.970605373382568359e+00
6.135300636291503906e+00
5.926667690277099609e+00
5.928368568420410156e+00
5.982059478759765625e+00
6.004240989685058594e+00
6.015778064727783203e+00
6.115821838378906250e+00
6.202185630798339844e+00
5.967117786407470703e+00
6.236904144287109375e+00
5.954034328460693359e+00
6.075356006622314453e+00
5.959087371826171875e+00
5.972856998443603516e+00
6.016757488250732422e+00
5.953906536102294922e+00
5.949437618255615234e+00
6.006818294525146484e+00
6.015396118164062500e+00
6.082746505737304688e+00
6.023149013519287109e+00
6.067591667175292969e+00
6.176887512207031250e+00
5.995644569396972656e+00
5.916602611541748047e+00
5.959091186523437500e+00
5.913989543914794922e+00
5.878418922424316406e+00
6.081647872924804688e+00
5.947068691253662109e+00
6.045934677124023438e+00
6.019579887390136719e+00
5.944547653198242188e+00
5.979086399078369141e+00
6.056428909301757812e+00
5.998432159423828125e+00
6.057401180267333984e+00
6.005806922912597656e+00
6.057678222656250000e+00
6.055928230285644531e+00
6.127822399139404297e+00
6.111613750457763672e+00
5.931920051574707031e+00
6.080837249755859375e+00
5.979856491088867188e+00
5.916749954223632812e+00
5.973385334014892578e+00
5.968993663787841797e+00
5.869360923767089844e+00
5.996376037597656250e+00
5.868358135223388672e+00
6.042639732360839844e+00
5.942884445190429688e+00
5.926062583923339844e+00
5.970951557159423828e+00
5.995362281799316406e+00
6.137618064880371094e+00
6.074464797973632812e+00
5.988952636718750000e+00
5.956887722015380859e+00
6.061760902404785156e+00
5.955901622772216797e+00
6.198461532592773438e+00
6.003822803497314453e+00
6.002660274505615234e+00
5.919015884399414062e+00
5.948771953582763672e+00
6.061282634735107422e+00
6.192751884460449219e+00
5.987916946411132812e+00
6.009417057037353516e+00
6.108049869537353516e+00
6.003267288208007812e+00
6.007290840148925781e+00
6.071530818939208984e+00
6.011391639709472656e+00
6.026859760284423828e+00
5.932792186737060547e+00
5.941911697387695312e+00
5.968747138977050781e+00
5.952046871185302734e+00
6.115341186523437500e+00
5.985486984252929688e+00
6.160327434539794922e+00
5.882567405700683594e+00
5.977024555206298828e+00
6.063144683837890625e+00
5.979701519012451172e+00
6.007781982421875000e+00
6.040526390075683594e+00
5.934957027435302734e+00
5.960729598999023438e+00
5.897462368011474609e+00
5.955425262451171875e+00
5.998888015747070312e+00
5.927485942840576172e+00
5.960959434509277344e+00
6.098115444183349609e+00
6.034820079803466797e+00
5.945713043212890625e+00
5.959686279296875000e+00
6.050826072692871094e+00
5.867046356201171875e+00
5.980841159820556641e+00
6.030463218688964844e+00
5.872740745544433594e+00
6.031074047088623047e+00
5.953350067138671875e+00
6.089440345764160156e+00
5.898947715759277344e+00
5.943855762481689453e+00
6.040247917175292969e+00
5.973877429962158203e+00
5.994380950927734375e+00
6.017237186431884766e+00
5.951048851013183594e+00
6.013927936553955078e+00
5.977923393249511719e+00
5.993528366088867188e+00
5.899135589599609375e+00
5.988115310668945312e+00
6.156812191009521484e+00
6.000574588775634766e+00
6.105482101440429688e+00
5.954893589019775391e+00
6.033431529998779297e+00
5.890766143798828125e+00
5.933608055114746094e+00
5.954349517822265625e+00
5.975017070770263672e+00
5.949067592620849609e+00
6.003246784210205078e+00
6.025465965270996094e+00
5.944133281707763672e+00
5.951165199279785156e+00
6.052129745483398438e+00
6.029530048370361328e+00
5.891203880310058594e+00
6.046021938323974609e+00
5.978188037872314453e+00
5.959098815917968750e+00
5.950286865234375000e+00
5.931155681610107422e+00
6.108562946319580078e+00
6.044043540954589844e+00
5.970469951629638672e+00
6.040091514587402344e+00
5.992816448211669922e+00
6.024227142333984375e+00
5.990936756134033203e+00
6.152571678161621094e+00
5.951552867889404297e+00
5.990769386291503906e+00
6.238920211791992188e+00
5.901002407073974609e+00
5.933691024780273438e+00
5.975084304809570312e+00
6.135154247283935547e+00
5.989127635955810547e+00
5.899348735809326172e+00
6.087211608886718750e+00
6.147306919097900391e+00
6.030983924865722656e+00
6.111102104187011719e+00
6.028013706207275391e+00
5.986656665802001953e+00
5.952183723449707031e+00
5.950912952423095703e+00
5.918409347534179688e+00
5.931296348571777344e+00
5.931050777435302734e+00
6.051222801208496094e+00
5.896154403686523438e+00
5.985685348510742188e+00
5.966376781463623047e+00
6.119701385498046875e+00
6.015842437744140625e+00
5.978603363037109375e+00
5.918614387512207031e+00
5.903493881225585938e+00
6.056813240051269531e+00
5.868256568908691406e+00
5.909360408782958984e+00
5.908916473388671875e+00
5.911294937133789062e+00
6.020716190338134766e+00
5.932614803314208984e+00
6.016589164733886719e+00
5.915668010711669922e+00
6.165512561798095703e+00
6.076365470886230469e+00
5.944449424743652344e+00
5.981107234954833984e+00
6.053014278411865234e+00
6.122968196868896484e+00
5.948199748992919922e+00
5.979715347290039062e+00
5.936346054077148438e+00
5.999192237854003906e+00
5.868375301361083984e+00
5.903990268707275391e+00
5.904260635375976562e+00
5.925141334533691406e+00
5.914638519287109375e+00
5.977117538452148438e+00
5.826140403747558594e+00
6.004953384399414062e+00
5.929561138153076172e+00
5.960669517517089844e+00
5.892366409301757812e+00
6.071980476379394531e+00
5.848173141479492188e+00
6.092585086822509766e+00
6.061481475830078125e+00
5.949079990386962891e+00
5.930778026580810547e+00
6.013988971710205078e+00
6.045472621917724609e+00
6.014315605163574219e+00
6.068976402282714844e+00
5.914205074310302734e+00
5.923485279083251953e+00
5.971826553344726562e+00
5.982096672058105469e+00
5.902429103851318359e+00
5.982830524444580078e+00
5.942214488983154297e+00
5.954631805419921875e+00
5.856174468994140625e+00
5.980389595031738281e+00
6.013270854949951172e+00
6.021943569183349609e+00
6.006007194519042969e+00
5.956145286560058594e+00
5.973627090454101562e+00
5.988442897796630859e+00
6.006709098815917969e+00
5.960404872894287109e+00
5.990069866180419922e+00
5.851190567016601562e+00
6.103825569152832031e+00
6.025969982147216797e+00
5.920930862426757812e+00
5.924635887145996094e+00
5.930480957031250000e+00
6.000135898590087891e+00
6.038220405578613281e+00
5.932617187500000000e+00
5.864674568176269531e+00
5.960800170898437500e+00
5.906641006469726562e+00
6.023573875427246094e+00
5.950839042663574219e+00
5.978538036346435547e+00
5.928039550781250000e+00
6.005229949951171875e+00
5.890859603881835938e+00
5.907578945159912109e+00
5.958691596984863281e+00
5.957329750061035156e+00
5.879052162170410156e+00
6.122509956359863281e+00
6.095245361328125000e+00
5.924258232116699219e+00
6.075769424438476562e+00
5.948211193084716797e+00
5.883278846740722656e+00
6.004253387451171875e+00
5.926067352294921875e+00
5.945123672485351562e+00
6.089895248413085938e+00
5.973568916320800781e+00
6.029988288879394531e+00
6.138965606689453125e+00
5.879544258117675781e+00
5.850285530090332031e+00
5.907172203063964844e+00
5.863039970397949219e+00
6.115273952484130859e+00
5.925367355346679688e+00
5.990478515625000000e+00
5.948253631591796875e+00
5.913635253906250000e+00
6.060595989227294922e+00
5.925586700439453125e+00
5.901619911193847656e+00
5.972089290618896484e+00
5.819864749908447266e+00
5.985146522521972656e+00
6.046586036682128906e+00
5.961962699890136719e+00
5.996152877807617188e+00
5.907923698425292969e+00
5.901561260223388672e+00
5.943384170532226562e+00
5.913652420043945312e+00
5.970061302185058594e+00
5.947674274444580078e+00
5.904691696166992188e+00
5.887966156005859375e+00
5.881806373596191406e+00
5.880937099456787109e+00
5.890718460083007812e+00
6.079566478729248047e+00
5.855030059814453125e+00
5.995741844177246094e+00
6.005949020385742188e+00
6.026821136474609375e+00
5.883814811706542969e+00
5.871872425079345703e+00
5.905000209808349609e+00
5.945992469787597656e+00
6.079048633575439453e+00
5.954232215881347656e+00
5.832133293151855469e+00
5.982856750488281250e+00
5.975457191467285156e+00
6.051796913146972656e+00
5.945246219635009766e+00
5.946227550506591797e+00
6.004119873046875000e+00
5.873160839080810547e+00
5.885990619659423828e+00
6.018846511840820312e+00
6.059564590454101562e+00
5.879029750823974609e+00
5.924585819244384766e+00
5.855471611022949219e+00
6.273113727569580078e+00
5.950269699096679688e+00
5.904778003692626953e+00
5.958968639373779297e+00
5.914884090423583984e+00
5.908535957336425781e+00
5.940635681152343750e+00
6.092330455780029297e+00
6.010865211486816406e+00
5.976698875427246094e+00
6.053893566131591797e+00
5.859815597534179688e+00
5.968441963195800781e+00
5.940125465393066406e+00
6.009554862976074219e+00
5.968691349029541016e+00
5.836439132690429688e+00
5.850285530090332031e+00
6.018186569213867188e+00
5.976005554199218750e+00
5.824245929718017578e+00
5.952754974365234375e+00
5.904500961303710938e+00
5.982869625091552734e+00
5.934562206268310547e+00
5.902587890625000000e+00
6.075010299682617188e+00
5.967484474182128906e+00
5.921999454498291016e+00
5.954730510711669922e+00
5.928799629211425781e+00
6.053702354431152344e+00
5.885227203369140625e+00
5.850051879882812500e+00
6.000107765197753906e+00
5.877476692199707031e+00
5.920906543731689453e+00
5.957594394683837891e+00
5.967240810394287109e+00
5.866902351379394531e+00
6.027397155761718750e+00
5.864865303039550781e+00
5.815508365631103516e+00
5.932835102081298828e+00
5.987111568450927734e+00
5.984982013702392578e+00
6.030077934265136719e+00
6.055488586425781250e+00
5.894112586975097656e+00
5.846471309661865234e+00
6.035168647766113281e+00
5.967774391174316406e+00
6.111352920532226562e+00
5.949889659881591797e+00
5.968402862548828125e+00
6.072136878967285156e+00
5.940268516540527344e+00
5.988680839538574219e+00
5.966172695159912109e+00
5.889256954193115234e+00
5.906129360198974609e+00
5.894955158233642578e+00
5.778545856475830078e+00
5.930818557739257812e+00
5.913855552673339844e+00
5.945570945739746094e+00
5.903472900390625000e+00
5.837739467620849609e+00
5.908404350280761719e+00
6.009465694427490234e+00
5.881940364837646484e+00
5.985408782958984375e+00
6.115572452545166016e+00
5.876074790954589844e+00
5.816397666931152344e+00
5.995163917541503906e+00
6.004925251007080078e+00
5.870876312255859375e+00
6.049833774566650391e+00
5.849440097808837891e+00
6.003114223480224609e+00
5.886536598205566406e+00
6.239989280700683594e+00
5.954820156097412109e+00
6.030282020568847656e+00
5.873793601989746094e+00
6.103051185607910156e+00
5.955765724182128906e+00
5.903529644012451172e+00
5.952836513519287109e+00
5.875710964202880859e+00
6.086826801300048828e+00
5.839377880096435547e+00
5.968593120574951172e+00
5.875554084777832031e+00
5.986783981323242188e+00
5.836057662963867188e+00
5.822931289672851562e+00
6.105684757232666016e+00
5.991228103637695312e+00
5.953205108642578125e+00
5.950529098510742188e+00
5.888417243957519531e+00
5.773885250091552734e+00
5.899288177490234375e+00
5.862598896026611328e+00
5.956252098083496094e+00
6.024852275848388672e+00
5.815725803375244141e+00
5.896987915039062500e+00
5.805714607238769531e+00
5.944295883178710938e+00
5.958642959594726562e+00
5.844893455505371094e+00
5.876746177673339844e+00
6.089225292205810547e+00
5.884305953979492188e+00
5.958150863647460938e+00
5.906188964843750000e+00
6.014191627502441406e+00
5.860905647277832031e+00
6.063171386718750000e+00
5.820981979370117188e+00
5.909718513488769531e+00
5.988527774810791016e+00
5.949388504028320312e+00
6.061604022979736328e+00
5.857062816619873047e+00
5.947975635528564453e+00
5.999483108520507812e+00
5.907555580139160156e+00
6.007108688354492188e+00
5.854518890380859375e+00
5.951477527618408203e+00
5.980164051055908203e+00
5.955376148223876953e+00
5.849258422851562500e+00
6.039969444274902344e+00
5.926509857177734375e+00
5.879421710968017578e+00
5.801370620727539062e+00
5.974681377410888672e+00
6.015645027160644531e+00
5.982680797576904297e+00
5.879750251770019531e+00
5.815323829650878906e+00
5.864265441894531250e+00
5.893970489501953125e+00
5.902549743652343750e+00
5.863646507263183594e+00
5.814087867736816406e+00
5.854329586029052734e+00
5.838816165924072266e+00
5.933734416961669922e+00
5.916062355041503906e+00
5.971678733825683594e+00
5.924085617065429688e+00
5.954981803894042969e+00
5.984994411468505859e+00
5.927518844604492188e+00
5.888575553894042969e+00
5.866048812866210938e+00
6.083581924438476562e+00
5.986459732055664062e+00
5.935997962951660156e+00
5.928380966186523438e+00
5.928519248962402344e+00
5.908743858337402344e+00
5.903618812561035156e+00
6.028604984283447266e+00
6.017723083496093750e+00
5.960182666778564453e+00
5.896746158599853516e+00
5.862235069274902344e+00
5.841734886169433594e+00
6.109978675842285156e+00
5.941287994384765625e+00
5.862900733947753906e+00
5.846777915954589844e+00
6.047079086303710938e+00
5.962646484375000000e+00
5.974025726318359375e+00
5.787944316864013672e+00
5.919176101684570312e+00
5.817884922027587891e+00
5.889970779418945312e+00
5.999957084655761719e+00
5.964156150817871094e+00
5.852722167968750000e+00
5.851580142974853516e+00
5.991044044494628906e+00
5.853087425231933594e+00
5.930071830749511719e+00
5.975934982299804688e+00
5.915474414825439453e+00
5.845547199249267578e+00
6.014299392700195312e+00
5.916935443878173828e+00
5.856259346008300781e+00
5.967292308807373047e+00
6.035008430480957031e+00
5.844061374664306641e+00
5.993278503417968750e+00
5.898980617523193359e+00
5.959550380706787109e+00
5.899564743041992188e+00
5.942331790924072266e+00
6.002340316772460938e+00
6.008746147155761719e+00
5.929895877838134766e+00
6.062597751617431641e+00
5.881894588470458984e+00
5.961857318878173828e+00
5.892748832702636719e+00
5.845637321472167969e+00
5.974881172180175781e+00
5.805430412292480469e+00
5.914403915405273438e+00
5.949949264526367188e+00
5.887832164764404297e+00
5.865330696105957031e+00
5.887576580047607422e+00
5.928607463836669922e+00
5.908692359924316406e+00
6.056905746459960938e+00
5.912492275238037109e+00
5.883106231689453125e+00
6.047607421875000000e+00
5.930338382720947266e+00
5.946956634521484375e+00
5.974326133728027344e+00
5.914288043975830078e+00
5.908190727233886719e+00
5.938860893249511719e+00
5.914612770080566406e+00
5.925031185150146484e+00
5.997296333312988281e+00
5.962043285369873047e+00
5.929448127746582031e+00
5.923283576965332031e+00
5.897096157073974609e+00
5.896716117858886719e+00
6.030421257019042969e+00
5.878304481506347656e+00
6.040551185607910156e+00
5.951478004455566406e+00
5.976491928100585938e+00
5.826210021972656250e+00
5.860329151153564453e+00
5.834104061126708984e+00
6.088489055633544922e+00
5.897145748138427734e+00
5.879436969757080078e+00
5.880878448486328125e+00
5.957232952117919922e+00
5.874611377716064453e+00
6.003788471221923828e+00
5.890747547149658203e+00
5.917948722839355469e+00
5.828104019165039062e+00
5.995623588562011719e+00
5.803440093994140625e+00
5.853833675384521484e+00
5.876334667205810547e+00
5.878571510314941406e+00
5.938106536865234375e+00
5.879117488861083984e+00
5.962751388549804688e+00
5.876438617706298828e+00
5.885842800140380859e+00
5.799767017364501953e+00
5.922077655792236328e+00
5.939686775207519531e+00
5.924533367156982422e+00
5.915349960327148438e+00
5.889116287231445312e+00
5.883790016174316406e+00
5.832011222839355469e+00
5.856127738952636719e+00
5.932271480560302734e+00
5.867439270019531250e+00
5.924445152282714844e+00
5.798386096954345703e+00
6.008557319641113281e+00
5.866696357727050781e+00
5.997792243957519531e+00
5.982964515686035156e+00
5.870235443115234375e+00
5.999465942382812500e+00
6.126395225524902344e+00
6.034073829650878906e+00
5.946234226226806641e+00
5.917396545410156250e+00
6.093679904937744141e+00
5.850663185119628906e+00
5.819409370422363281e+00
5.891122341156005859e+00
5.907838344573974609e+00
5.924894332885742188e+00
5.917442321777343750e+00
5.903296470642089844e+00
5.891745567321777344e+00
5.848671913146972656e+00
5.997252464294433594e+00
5.916988372802734375e+00
5.928233146667480469e+00
5.909476280212402344e+00
5.869462966918945312e+00
6.041526794433593750e+00
5.866555213928222656e+00
5.860142707824707031e+00
5.944791793823242188e+00
5.829677581787109375e+00
6.105463027954101562e+00
6.018042087554931641e+00
5.796066761016845703e+00
5.926571846008300781e+00
5.936579227447509766e+00
6.006104469299316406e+00
5.966118812561035156e+00
5.961072444915771484e+00
5.990777969360351562e+00
5.965337276458740234e+00
6.051500797271728516e+00
5.839785575866699219e+00
5.985959053039550781e+00
5.956506729125976562e+00
6.006036758422851562e+00
5.853007316589355469e+00
5.843781948089599609e+00
5.950797557830810547e+00
5.830290794372558594e+00
5.978664875030517578e+00
5.805439949035644531e+00
5.977571964263916016e+00
5.914267063140869141e+00
5.839873790740966797e+00
5.905456542968750000e+00
5.842263698577880859e+00
5.848273754119873047e+00
5.957273960113525391e+00
5.849493503570556641e+00
5.907814502716064453e+00
5.912958621978759766e+00
5.945617675781250000e+00
5.798654556274414062e+00
5.874938488006591797e+00
5.936479091644287109e+00
5.864060401916503906e+00
5.910649776458740234e+00
5.875692844390869141e+00
5.939210414886474609e+00
5.803197860717773438e+00
5.855773925781250000e+00
5.981601715087890625e+00
5.847552299499511719e+00
5.907883644104003906e+00
5.919696331024169922e+00
5.870575428009033203e+00
5.900152206420898438e+00
5.898004531860351562e+00
5.918326377868652344e+00
5.875512599945068359e+00
6.091484069824218750e+00
5.939051628112792969e+00
5.908383846282958984e+00
5.878487586975097656e+00
5.969195365905761719e+00
5.906359672546386719e+00
5.873611927032470703e+00
5.996072292327880859e+00
5.918399810791015625e+00
5.835206031799316406e+00
5.818245887756347656e+00
6.058593750000000000e+00
6.028257369995117188e+00
5.899047851562500000e+00
6.022659301757812500e+00
5.870837211608886719e+00
5.840561866760253906e+00
5.787571430206298828e+00
5.942716598510742188e+00
6.082930564880371094e+00
5.891645431518554688e+00
5.896028995513916016e+00
5.830842018127441406e+00
5.988045692443847656e+00
5.985732555389404297e+00
5.757883071899414062e+00
5.876900196075439453e+00
5.873224258422851562e+00
5.854071617126464844e+00
5.916950702667236328e+00
5.827578544616699219e+00
5.878211021423339844e+00
5.907563686370849609e+00
5.790496349334716797e+00
5.987185478210449219e+00
5.920950412750244141e+00
5.920333385467529297e+00
5.934864044189453125e+00
5.825896739959716797e+00
6.065793991088867188e+00
5.909575462341308594e+00
5.893204689025878906e+00
5.917115211486816406e+00
5.784489154815673828e+00
5.912605762481689453e+00
5.880671501159667969e+00
6.021983146667480469e+00
5.928631782531738281e+00
6.084790229797363281e+00
5.907876491546630859e+00
5.947274208068847656e+00
5.976194381713867188e+00
5.838228225708007812e+00
5.826040267944335938e+00
6.090927124023437500e+00
6.010481834411621094e+00
6.154477119445800781e+00
5.843621730804443359e+00
6.026441574096679688e+00
5.896872520446777344e+00
5.931627273559570312e+00
5.957674980163574219e+00
5.878355503082275391e+00
5.935404777526855469e+00
5.843522548675537109e+00
5.964227676391601562e+00
5.890779018402099609e+00
6.001760005950927734e+00
5.917304992675781250e+00
6.113699436187744141e+00
5.920987606048583984e+00
5.947874069213867188e+00
5.975747108459472656e+00
5.794785499572753906e+00
5.870524406433105469e+00
5.837821960449218750e+00
6.002765178680419922e+00
5.890213012695312500e+00
5.865121841430664062e+00
5.894470214843750000e+00
5.947192668914794922e+00
5.945971488952636719e+00
5.820669651031494141e+00
5.936361789703369141e+00
5.799781799316406250e+00
5.998234748840332031e+00
5.874682426452636719e+00
5.879449367523193359e+00
5.953694820404052734e+00
6.010893821716308594e+00
5.892385959625244141e+00
5.889273643493652344e+00
5.876923561096191406e+00
5.969674110412597656e+00
5.830842018127441406e+00
5.902669906616210938e+00
5.903282642364501953e+00
5.935534477233886719e+00
