6.853640079498291016e+00
6.702389717102050781e+00
6.479615688323974609e+00
6.451161861419677734e+00
6.293994903564453125e+00
6.262588024139404297e+00
6.118236541748046875e+00
6.203545570373535156e+00
6.235054492950439453e+00
6.319787025451660156e+00
6.114525318145751953e+00
6.128604412078857422e+00
6.136908531188964844e+00
6.070005416870117188e+00
6.106727123260498047e+00
6.044955253601074219e+00
6.061470508575439453e+00
6.038824558258056641e+00
6.028903007507324219e+00
6.044786453247070312e+00
6.321690559387207031e+00
6.277822971343994141e+00
5.985438346862792969e+00
6.027627468109130859e+00
6.097341060638427734e+00
6.004167556762695312e+00
6.043070316314697266e+00
5.948248863220214844e+00
6.039565563201904297e+00
5.926751136779785156e+00
6.106056690216064453e+00
5.972690582275390625e+00
5.969543933868408203e+00
5.905949592590332031e+00
5.950476169586181641e+00
5.921290874481201172e+00
5.974733352661132812e+00
5.839210033416748047e+00
5.930034637451171875e+00
6.046626091003417969e+00
5.888754367828369141e+00
5.899473667144775391e+00
6.085397243499755859e+00
5.834130287170410156e+00
5.841183662414550781e+00
5.889238357543945312e+00
5.900258064270019531e+00
5.802794933319091797e+00
5.799336910247802734e+00
5.757682800292968750e+00
5.764208793640136719e+00
5.989247798919677734e+00
5.786427974700927734e+00
5.763363838195800781e+00
5.952782154083251953e+00
5.897812843322753906e+00
5.779965400695800781e+00
5.780316352844238281e+00
5.956090450286865234e+00
6.137034416198730469e+00
5.884751319885253906e+00
6.048020839691162109e+00
5.793617248535156250e+00
5.861104965209960938e+00
5.788660526275634766e+00
5.724290370941162109e+00
6.057521820068359375e+00
5.743481636047363281e+00
5.816857337951660156e+00
5.836920261383056641e+00
5.808006763458251953e+00
5.805799961090087891e+00
5.778970718383789062e+00
5.919264316558837891e+00
5.872752189636230469e+00
5.820715427398681641e+00
5.934834480285644531e+00
5.868562698364257812e+00
5.771522521972656250e+00
5.893862724304199219e+00
5.783446311950683594e+00
5.745232582092285156e+00
5.866547584533691406e+00
5.734248161315917969e+00
5.704002857208251953e+00
6.068365097045898438e+00
6.012000560760498047e+00
5.764353752136230469e+00
6.123335838317871094e+00
5.842731952667236328e+00
5.889667987823486328e+00
5.809349060058593750e+00
6.012970447540283203e+00
5.726761817932128906e+00
5.797379016876220703e+00
5.857217311859130859e+00
5.864112377166748047e+00
5.938046455383300781e+00
5.726355552673339844e+00
5.935348510742187500e+00
5.862896442413330078e+00
5.792037963867187500e+00
5.819084644317626953e+00
5.797128200531005859e+00
5.732503890991210938e+00
5.746656894683837891e+00
5.758025646209716797e+00
5.732442378997802734e+00
5.989752292633056641e+00
5.734071731567382812e+00
5.720982074737548828e+00
5.913339614868164062e+00
5.705838680267333984e+00
5.713794231414794922e+00
5.731218814849853516e+00
5.678839206695556641e+00
5.759127140045166016e+00
6.048730850219726562e+00
5.819997787475585938e+00
5.710597991943359375e+00
5.822733879089355469e+00
5.818623065948486328e+00
5.769595146179199219e+00
5.696145057678222656e+00
5.782813072204589844e+00
5.865901947021484375e+00
5.858705043792724609e+00
5.922602176666259766e+00
5.665800571441650391e+00
5.679962158203125000e+00
5.742158889770507812e+00
5.731400489807128906e+00
5.781021118164062500e+00
5.795344352722167969e+00
5.814564704895019531e+00
5.819161415100097656e+00
5.827486515045166016e+00
5.736415863037109375e+00
5.778365135192871094e+00
5.660915851593017578e+00
5.636066436767578125e+00
5.612028121948242188e+00
5.845844745635986328e+00
5.754870414733886719e+00
5.789405822753906250e+00
5.771082878112792969e+00
5.952435970306396484e+00
5.844666481018066406e+00
5.731502056121826172e+00
5.732354164123535156e+00
5.719042778015136719e+00
5.733541488647460938e+00
5.637974739074707031e+00
5.775283813476562500e+00
5.701416492462158203e+00
5.720257759094238281e+00
5.658834934234619141e+00
5.815093040466308594e+00
5.697638511657714844e+00
5.686418533325195312e+00
5.683870792388916016e+00
5.627286434173583984e+00
5.940054893493652344e+00
5.604587554931640625e+00
5.635380744934082031e+00
5.878900051116943359e+00
5.733543395996093750e+00
5.654252052307128906e+00
5.760877609252929688e+00
5.693990230560302734e+00
5.859400749206542969e+00
5.616647720336914062e+00
5.803455829620361328e+00
5.736358165740966797e+00
5.733539104461669922e+00
5.633426666259765625e+00
5.653585433959960938e+00
5.736617565155029297e+00
5.691530704498291016e+00
5.684199333190917969e+00
5.755505561828613281e+00
5.755550861358642578e+00
5.668332099914550781e+00
5.794966220855712891e+00
5.645286560058593750e+00
5.809202671051025391e+00
5.717398643493652344e+00
5.821569442749023438e+00
5.918298721313476562e+00
5.706671714782714844e+00
5.649737834930419922e+00
5.730433464050292969e+00
5.672488212585449219e+00
5.698474407196044922e+00
5.726394653320312500e+00
5.622656822204589844e+00
5.733645439147949219e+00
5.872659683227539062e+00
5.705525875091552734e+00
5.757264614105224609e+00
5.713295936584472656e+00
5.685759544372558594e+00
5.706341266632080078e+00
5.674267768859863281e+00
5.676745891571044922e+00
5.653125762939453125e+00
5.657095432281494141e+00
5.639036178588867188e+00
5.832156181335449219e+00
5.633591175079345703e+00
5.809546947479248047e+00
5.660647392272949219e+00
5.660001754760742188e+00
5.768428325653076172e+00
5.676370620727539062e+00
5.703982353210449219e+00
5.610678195953369141e+00
5.785270214080810547e+00
5.650491714477539062e+00
5.585293769836425781e+00
5.598216056823730469e+00
5.660001277923583984e+00
5.747078895568847656e+00
5.711204051971435547e+00
5.665674209594726562e+00
5.740927696228027344e+00
5.837024688720703125e+00
5.679431915283203125e+00
5.656411170959472656e+00
5.749665737152099609e+00
5.798318386077880859e+00
5.732074260711669922e+00
5.751410484313964844e+00
5.816991329193115234e+00
5.730094432830810547e+00
5.662014961242675781e+00
5.691258907318115234e+00
5.681979179382324219e+00
5.710300445556640625e+00
5.629607677459716797e+00
5.536877155303955078e+00
5.679424285888671875e+00
5.583530902862548828e+00
5.673017024993896484e+00
5.622169971466064453e+00
5.707680702209472656e+00
5.602080821990966797e+00
5.656490802764892578e+00
5.543870925903320312e+00
5.655838966369628906e+00
5.694178581237792969e+00
5.649544239044189453e+00
5.604420661926269531e+00
5.705322265625000000e+00
5.638698577880859375e+00
5.844994068145751953e+00
5.872770309448242188e+00
5.751919746398925781e+00
5.648508071899414062e+00
5.617775917053222656e+00
5.651229381561279297e+00
5.768376350402832031e+00
5.682425498962402344e+00
5.639543533325195312e+00
5.720759868621826172e+00
5.633465766906738281e+00
5.708629608154296875e+00
5.639827728271484375e+00
5.644885063171386719e+00
5.753619194030761719e+00
5.578531265258789062e+00
5.606272697448730469e+00
5.773672580718994141e+00
5.647979259490966797e+00
5.598383426666259766e+00
5.672753334045410156e+00
5.691825389862060547e+00
5.760560512542724609e+00
5.743520736694335938e+00
5.763738632202148438e+00
5.727306365966796875e+00
5.724165916442871094e+00
5.702252864837646484e+00
5.743988037109375000e+00
5.641184806823730469e+00
5.850828170776367188e+00
5.758840560913085938e+00
5.671848297119140625e+00
5.747586727142333984e+00
5.614360809326171875e+00
5.675509929656982422e+00
5.664516925811767578e+00
5.642422676086425781e+00
5.560362339019775391e+00
5.666131973266601562e+00
5.594863414764404297e+00
5.674623489379882812e+00
5.591546535491943359e+00
5.658551692962646484e+00
5.638989925384521484e+00
5.682298660278320312e+00
5.570055007934570312e+00
5.749796867370605469e+00
5.610930442810058594e+00
5.702520370483398438e+00
5.715407848358154297e+00
5.660528182983398438e+00
5.615188598632812500e+00
5.878127098083496094e+00
5.609286785125732422e+00
5.706974983215332031e+00
5.609965324401855469e+00
5.703844547271728516e+00
5.552839756011962891e+00
5.731806278228759766e+00
5.613306045532226562e+00
5.727687835693359375e+00
5.554152488708496094e+00
5.655886650085449219e+00
5.727733612060546875e+00
5.735314369201660156e+00
5.595483779907226562e+00
5.671715736389160156e+00
5.612087249755859375e+00
5.627902507781982422e+00
5.566585540771484375e+00
5.715283870697021484e+00
5.535881519317626953e+00
5.567332744598388672e+00
5.597290992736816406e+00
5.774579524993896484e+00
5.624740600585937500e+00
5.669335365295410156e+00
5.634175300598144531e+00
5.546587467193603516e+00
5.717225551605224609e+00
5.695796012878417969e+00
5.586779117584228516e+00
5.579482078552246094e+00
5.656980991363525391e+00
5.734190464019775391e+00
5.786103248596191406e+00
5.703141689300537109e+00
5.674361228942871094e+00
5.718030929565429688e+00
5.667972087860107422e+00
5.697106361389160156e+00
5.643093585968017578e+00
5.622519493103027344e+00
5.799647808074951172e+00
5.636720657348632812e+00
5.666621685028076172e+00
5.772764682769775391e+00
5.631121635437011719e+00
5.648504257202148438e+00
5.709958553314208984e+00
5.551886558532714844e+00
5.621078014373779297e+00
5.608257293701171875e+00
5.566882133483886719e+00
5.632510185241699219e+00
5.606250286102294922e+00
5.579481124877929688e+00
5.539912700653076172e+00
5.604931831359863281e+00
5.561937332153320312e+00
5.642298698425292969e+00
5.738768100738525391e+00
5.601181507110595703e+00
5.548640251159667969e+00
5.732605457305908203e+00
5.555175781250000000e+00
5.652715206146240234e+00
5.718843460083007812e+00
5.602832794189453125e+00
5.600492477416992188e+00
5.833068847656250000e+00
5.728706359863281250e+00
5.601422309875488281e+00
5.568073272705078125e+00
5.533645153045654297e+00
5.732778549194335938e+00
5.702094554901123047e+00
5.516756057739257812e+00
5.579097270965576172e+00
5.593247890472412109e+00
5.689993858337402344e+00
5.557365417480468750e+00
5.646179199218750000e+00
5.671269416809082031e+00
5.598502635955810547e+00
5.576928615570068359e+00
5.729792118072509766e+00
5.637052536010742188e+00
5.670204162597656250e+00
5.674058914184570312e+00
5.601684093475341797e+00
5.639669895172119141e+00
5.606667995452880859e+00
5.638865470886230469e+00
5.654002189636230469e+00
5.706732273101806641e+00
5.693570137023925781e+00
5.591578483581542969e+00
5.608689308166503906e+00
5.656567096710205078e+00
5.669935703277587891e+00
5.550217628479003906e+00
5.738676548004150391e+00
5.621980667114257812e+00
5.572609901428222656e+00
5.748562812805175781e+00
5.685236930847167969e+00
5.654961585998535156e+00
5.779478549957275391e+00
5.634504318237304688e+00
5.710688591003417969e+00
5.659405231475830078e+00
5.656963348388671875e+00
5.652338981628417969e+00
5.539502143859863281e+00
5.657888412475585938e+00
5.633499145507812500e+00
5.780594348907470703e+00
5.678383827209472656e+00
5.610013008117675781e+00
5.558217525482177734e+00
5.653734207153320312e+00
5.567303657531738281e+00
5.626824378967285156e+00
5.667715072631835938e+00
5.645220756530761719e+00
5.622334480285644531e+00
5.617926120758056641e+00
5.692072391510009766e+00
5.613232612609863281e+00
5.492823123931884766e+00
5.699333190917968750e+00
5.571042060852050781e+00
5.661690711975097656e+00
5.477144718170166016e+00
5.548619270324707031e+00
5.604212760925292969e+00
5.595335483551025391e+00
5.551370143890380859e+00
5.622336387634277344e+00
5.568623542785644531e+00
5.610416889190673828e+00
5.583899021148681641e+00
5.645644664764404297e+00
5.569158554077148438e+00
5.716751098632812500e+00
5.639867782592773438e+00
5.564795494079589844e+00
5.653204917907714844e+00
5.635266780853271484e+00
5.563467502593994141e+00
5.600336551666259766e+00
5.609115123748779297e+00
5.617949485778808594e+00
5.485301494598388672e+00
5.530690670013427734e+00
5.537909507751464844e+00
5.640137672424316406e+00
5.578508377075195312e+00
5.546079158782958984e+00
5.570167064666748047e+00
5.695548057556152344e+00
5.540641784667968750e+00
5.602185249328613281e+00
5.542613983154296875e+00
5.638741493225097656e+00
5.610319137573242188e+00
5.649280548095703125e+00
5.657398700714111328e+00
5.629534244537353516e+00
5.590965270996093750e+00
5.625300407409667969e+00
5.590665340423583984e+00
5.583135604858398438e+00
5.605675697326660156e+00
5.599986076354980469e+00
5.471154689788818359e+00
5.475782394409179688e+00
5.545676231384277344e+00
5.664290428161621094e+00
5.546602725982666016e+00
5.564447402954101562e+00
5.669588088989257812e+00
5.576514244079589844e+00
5.681038856506347656e+00
5.598541736602783203e+00
5.654387950897216797e+00
5.661813735961914062e+00
5.581313610076904297e+00
5.559451103210449219e+00
5.719108581542968750e+00
5.561631679534912109e+00
5.599978923797607422e+00
5.536442756652832031e+00
5.538140773773193359e+00
5.522302627563476562e+00
5.747029781341552734e+00
5.583022117614746094e+00
5.588574886322021484e+00
5.824306964874267578e+00
5.571388244628906250e+00
5.681972503662109375e+00
5.573071479797363281e+00
5.635279655456542969e+00
5.634309768676757812e+00
5.575160503387451172e+00
5.673421859741210938e+00
5.596865653991699219e+00
5.520536422729492188e+00
5.681936740875244141e+00
5.572070121765136719e+00
5.597029685974121094e+00
5.591424942016601562e+00
5.584631919860839844e+00
5.675776958465576172e+00
5.588784217834472656e+00
5.738639831542968750e+00
5.580080986022949219e+00
5.695469379425048828e+00
5.537740230560302734e+00
5.532689094543457031e+00
5.594172477722167969e+00
5.579665660858154297e+00
5.780906677246093750e+00
5.677003860473632812e+00
5.551455497741699219e+00
5.557440280914306641e+00
5.605455398559570312e+00
5.642861366271972656e+00
5.610481262207031250e+00
5.623841285705566406e+00
5.737628459930419922e+00
5.668546199798583984e+00
5.615636825561523438e+00
5.631019115447998047e+00
5.508778572082519531e+00
5.489126205444335938e+00
5.642870426177978516e+00
5.618782043457031250e+00
5.580493927001953125e+00
5.669554233551025391e+00
5.654632568359375000e+00
5.482315063476562500e+00
5.513728618621826172e+00
5.619392395019531250e+00
5.658974647521972656e+00
5.507619857788085938e+00
5.576682567596435547e+00
5.651385307312011719e+00
5.539554595947265625e+00
5.626926422119140625e+00
5.566021919250488281e+00
5.617231845855712891e+00
5.523984909057617188e+00
5.654636859893798828e+00
5.933147430419921875e+00
5.618251800537109375e+00
5.579713821411132812e+00
5.581318855285644531e+00
5.516493797302246094e+00
5.550954818725585938e+00
5.874306678771972656e+00
5.570870399475097656e+00
5.599607944488525391e+00
5.636349678039550781e+00
5.821147918701171875e+00
5.611538887023925781e+00
5.525328159332275391e+00
5.648927688598632812e+00
5.564884185791015625e+00
5.551085948944091797e+00
5.599689483642578125e+00
5.548461914062500000e+00
5.632848262786865234e+00
5.565325736999511719e+00
5.666295528411865234e+00
5.565907478332519531e+00
5.536956310272216797e+00
5.627045154571533203e+00
5.526913166046142578e+00
5.616658687591552734e+00
5.637060165405273438e+00
5.597354412078857422e+00
5.634482860565185547e+00
5.581865310668945312e+00
5.546421527862548828e+00
5.565952301025390625e+00
5.619050025939941406e+00
5.623983383178710938e+00
5.532193660736083984e+00
5.553165435791015625e+00
5.576132774353027344e+00
5.502652645111083984e+00
5.667594909667968750e+00
5.569664001464843750e+00
5.599426746368408203e+00
5.735956192016601562e+00
5.815655708312988281e+00
5.598362922668457031e+00
5.532084465026855469e+00
5.667392253875732422e+00
5.681213855743408203e+00
5.766565322875976562e+00
5.539984226226806641e+00
5.577993392944335938e+00
5.566642761230468750e+00
5.591037750244140625e+00
5.558863639831542969e+00
5.564830780029296875e+00
5.609841346740722656e+00
5.560202121734619141e+00
5.553684234619140625e+00
5.532787322998046875e+00
5.580645561218261719e+00
5.576280593872070312e+00
5.591927528381347656e+00
5.635528564453125000e+00
5.548066616058349609e+00
5.699401378631591797e+00
5.537320137023925781e+00
5.548947811126708984e+00
5.473101615905761719e+00
5.607992172241210938e+00
5.611209869384765625e+00
5.610324859619140625e+00
5.544465065002441406e+00
5.644588470458984375e+00
5.584572792053222656e+00
5.492956638336181641e+00
5.549787521362304688e+00
5.550367832183837891e+00
5.623667240142822266e+00
5.558094978332519531e+00
5.614572525024414062e+00
5.695575714111328125e+00
5.660133361816406250e+00
5.619879245758056641e+00
5.729597091674804688e+00
5.646842956542968750e+00
5.674298286437988281e+00
5.607109069824218750e+00
5.543264865875244141e+00
5.572326660156250000e+00
5.592310905456542969e+00
5.658123016357421875e+00
5.622592926025390625e+00
5.638805389404296875e+00
5.499262809753417969e+00
5.814647674560546875e+00
5.534479141235351562e+00
5.657974720001220703e+00
5.527550697326660156e+00
5.663234710693359375e+00
5.756920814514160156e+00
5.520351886749267578e+00
5.553879261016845703e+00
5.518768310546875000e+00
5.622597694396972656e+00
5.668770313262939453e+00
5.714055538177490234e+00
5.640379905700683594e+00
5.611025333404541016e+00
5.604619026184082031e+00
5.582621574401855469e+00
5.589197158813476562e+00
5.511936187744140625e+00
5.558089256286621094e+00
5.478564262390136719e+00
5.691001892089843750e+00
5.678210258483886719e+00
5.495002746582031250e+00
5.611949443817138672e+00
5.571494102478027344e+00
5.601243495941162109e+00
5.504016399383544922e+00
5.632414817810058594e+00
5.722664356231689453e+00
5.700758934020996094e+00
5.522076606750488281e+00
5.554913520812988281e+00
5.501688480377197266e+00
5.676039695739746094e+00
5.546901226043701172e+00
5.586949348449707031e+00
5.578286647796630859e+00
5.555794715881347656e+00
5.484600067138671875e+00
5.582132339477539062e+00
5.548913955688476562e+00
5.581104278564453125e+00
5.478977680206298828e+00
5.616477966308593750e+00
5.510046958923339844e+00
5.641868591308593750e+00
5.551756381988525391e+00
5.638874053955078125e+00
5.630204200744628906e+00
5.591705799102783203e+00
5.632808208465576172e+00
5.659982204437255859e+00
5.519454002380371094e+00
5.526040554046630859e+00
5.634982585906982422e+00
5.583745956420898438e+00
5.494244575500488281e+00
5.590731143951416016e+00
5.549960136413574219e+00
5.591859340667724609e+00
5.488002777099609375e+00
5.575113296508789062e+00
5.645603179931640625e+00
5.547727584838867188e+00
5.547192096710205078e+00
5.621627330780029297e+00
5.479549884796142578e+00
5.540736675262451172e+00
5.576982975006103516e+00
5.497497081756591797e+00
5.506264686584472656e+00
5.633291244506835938e+00
5.682456493377685547e+00
5.532813072204589844e+00
5.626848697662353516e+00
5.646101474761962891e+00
5.582800388336181641e+00
5.557619094848632812e+00
5.585735797882080078e+00
5.630211353302001953e+00
5.491746902465820312e+00
5.641992568969726562e+00
5.613624095916748047e+00
5.497821807861328125e+00
5.602999210357666016e+00
5.616968631744384766e+00
5.545119762420654297e+00
5.600893974304199219e+00
5.557402610778808594e+00
5.485322952270507812e+00
5.608891487121582031e+00
5.738509178161621094e+00
5.606777191162109375e+00
5.697881698608398438e+00
5.568027496337890625e+00
5.535145759582519531e+00
5.609822750091552734e+00
5.523820877075195312e+00
5.648081302642822266e+00
5.810659408569335938e+00
5.461380958557128906e+00
5.555788993835449219e+00
5.696585655212402344e+00
5.587880611419677734e+00
5.555052757263183594e+00
5.582632064819335938e+00
5.519055843353271484e+00
5.619050502777099609e+00
5.537936687469482422e+00
5.573545455932617188e+00
5.566878318786621094e+00
5.652138233184814453e+00
5.666916370391845703e+00
5.523306846618652344e+00
5.493637084960937500e+00
5.564456939697265625e+00
5.612338542938232422e+00
5.496845245361328125e+00
5.639186382293701172e+00
5.633154869079589844e+00
5.531527519226074219e+00
5.605182170867919922e+00
5.525823116302490234e+00
5.756924629211425781e+00
5.542227745056152344e+00
5.506771564483642578e+00
5.497946739196777344e+00
5.571649551391601562e+00
5.574684143066406250e+00
5.479648590087890625e+00
5.587329387664794922e+00
5.555936813354492188e+00
5.606892585754394531e+00
5.689538478851318359e+00
5.524245738983154297e+00
5.567680358886718750e+00
5.517642021179199219e+00
5.684330463409423828e+00
5.588443279266357422e+00
5.572745800018310547e+00
5.505947113037109375e+00
5.486758232116699219e+00
5.491915225982666016e+00
5.626332283020019531e+00
5.553796768188476562e+00
5.748114585876464844e+00
5.722605705261230469e+00
5.640910148620605469e+00
5.506159782409667969e+00
5.732541084289550781e+00
5.624191761016845703e+00
5.582057952880859375e+00
5.517111778259277344e+00
5.566714286804199219e+00
5.662512302398681641e+00
5.585328578948974609e+00
5.588879585266113281e+00
5.593877792358398438e+00
5.607840061187744141e+00
5.753455638885498047e+00
5.519253730773925781e+00
5.690293312072753906e+00
5.502879142761230469e+00
5.543905735015869141e+00
5.638132572174072266e+00
5.534086704254150391e+00
5.553671836853027344e+00
5.508484363555908203e+00
5.610988616943359375e+00
5.566436290740966797e+00
5.531536102294921875e+00
5.442321777343750000e+00
5.756087303161621094e+00
5.538937568664550781e+00
5.685550212860107422e+00
5.500549316406250000e+00
5.617917537689208984e+00
5.565977573394775391e+00
5.549336910247802734e+00
5.541646480560302734e+00
5.543439388275146484e+00
5.544996738433837891e+00
5.539615154266357422e+00
5.661196708679199219e+00
5.660006999969482422e+00
5.509316921234130859e+00
5.510972023010253906e+00
5.558405876159667969e+00
5.603435516357421875e+00
5.512007236480712891e+00
5.630023956298828125e+00
5.564225196838378906e+00
5.622819900512695312e+00
5.566473007202148438e+00
5.613782882690429688e+00
5.614507675170898438e+00
5.726408004760742188e+00
5.560290336608886719e+00
5.638695716857910156e+00
5.730515003204345703e+00
5.652211666107177734e+00
5.559115409851074219e+00
5.649526119232177734e+00
5.503408432006835938e+00
5.496551513671875000e+00
5.598529815673828125e+00
5.604546546936035156e+00
5.522367000579833984e+00
5.601623535156250000e+00
5.556398391723632812e+00
5.564111709594726562e+00
5.541841506958007812e+00
5.596475601196289062e+00
5.620305538177490234e+00
5.518309593200683594e+00
5.534008026123046875e+00
5.589642047882080078e+00
5.487763881683349609e+00
5.532159805297851562e+00
5.514429092407226562e+00
5.537122249603271484e+00
5.526356220245361328e+00
5.470016956329345703e+00
5.521281242370605469e+00
5.587816238403320312e+00
5.501111984252929688e+00
5.528503417968750000e+00
5.542017459869384766e+00
5.458329200744628906e+00
5.557113170623779297e+00
5.637559413909912109e+00
5.568175315856933594e+00
5.543940067291259766e+00
5.589303493499755859e+00
5.631095409393310547e+00
5.520868778228759766e+00
5.657964706420898438e+00
5.580599308013916016e+00
5.577505111694335938e+00
5.564002037048339844e+00
5.663872718811035156e+00
5.649053096771240234e+00
5.522216796875000000e+00
5.480076789855957031e+00
5.542145729064941406e+00
5.490656852722167969e+00
5.442408084869384766e+00
5.588726043701171875e+00
5.520856380462646484e+00
5.520854949951171875e+00
5.627482414245605469e+00
5.469527244567871094e+00
5.529250621795654297e+00
5.599201202392578125e+00
5.556053161621093750e+00
5.464993953704833984e+00
5.541947364807128906e+00
5.478354930877685547e+00
5.497446060180664062e+00
5.679630756378173828e+00
5.564338684082031250e+00
5.739662170410156250e+00
5.692094802856445312e+00
5.595813274383544922e+00
5.588137149810791016e+00
5.611336231231689453e+00
5.676314353942871094e+00
5.700830936431884766e+00
5.738122940063476562e+00
5.564929962158203125e+00
5.547389984130859375e+00
5.561946868896484375e+00
5.597644805908203125e+00
5.543500423431396484e+00
5.645627975463867188e+00
5.572000980377197266e+00
5.613331794738769531e+00
5.568995952606201172e+00
5.590166091918945312e+00
5.505306720733642578e+00
5.604890346527099609e+00
5.668976306915283203e+00
5.507537841796875000e+00
5.555600643157958984e+00
5.587968826293945312e+00
5.567087173461914062e+00
5.527897357940673828e+00
5.542115211486816406e+00
5.458500385284423828e+00
5.534107208251953125e+00
5.546315670013427734e+00
5.479207038879394531e+00
5.562473297119140625e+00
5.489806652069091797e+00
5.546499252319335938e+00
5.516314506530761719e+00
5.506364822387695312e+00
5.540887832641601562e+00
5.624907970428466797e+00
5.704866409301757812e+00
5.563564300537109375e+00
5.713298320770263672e+00
5.563919067382812500e+00
5.481712818145751953e+00
5.595286369323730469e+00
5.560387611389160156e+00
5.525026321411132812e+00
5.510204315185546875e+00
5.542401313781738281e+00
5.434133529663085938e+00
5.665728092193603516e+00
5.540969848632812500e+00
5.664029121398925781e+00
5.866911888122558594e+00
5.646069526672363281e+00
5.565008163452148438e+00
