6.841811180114746094e+00
6.693944931030273438e+00
6.513115882873535156e+00
6.369210720062255859e+00
6.211991310119628906e+00
6.295941829681396484e+00
6.155395030975341797e+00
6.053920269012451172e+00
6.254743576049804688e+00
6.001062870025634766e+00
6.349365234375000000e+00
6.103968620300292969e+00
6.316039562225341797e+00
6.138624191284179688e+00
6.055628776550292969e+00
6.193478584289550781e+00
6.184753894805908203e+00
6.119272232055664062e+00
6.255440711975097656e+00
6.066069602966308594e+00
6.137137413024902344e+00
5.993481159210205078e+00
6.016812801361083984e+00
6.039472579956054688e+00
5.986018180847167969e+00
6.021253108978271484e+00
5.934410095214843750e+00
6.021565914154052734e+00
6.090045452117919922e+00
5.991095066070556641e+00
5.954615116119384766e+00
5.998567581176757812e+00
5.853111743927001953e+00
5.892850399017333984e+00
5.889172554016113281e+00
5.844201087951660156e+00
5.920090198516845703e+00
5.767599582672119141e+00
5.959337234497070312e+00
5.976408958435058594e+00
5.904652118682861328e+00
5.936348438262939453e+00
5.878023624420166016e+00
5.853220462799072266e+00
5.920804023742675781e+00
5.888517856597900391e+00
5.809640884399414062e+00
5.855804443359375000e+00
5.831022262573242188e+00
5.841359138488769531e+00
5.891858577728271484e+00
5.849772453308105469e+00
5.880620956420898438e+00
5.780192375183105469e+00
6.251768112182617188e+00
6.020359992980957031e+00
5.830208778381347656e+00
5.932208061218261719e+00
5.783763408660888672e+00
5.766180038452148438e+00
5.782835006713867188e+00
5.802847862243652344e+00
5.785620212554931641e+00
5.788625240325927734e+00
6.071386814117431641e+00
5.922143459320068359e+00
5.797020912170410156e+00
5.945719242095947266e+00
5.808829784393310547e+00
5.842300415039062500e+00
5.739616394042968750e+00
5.841041088104248047e+00
5.786375045776367188e+00
5.946442604064941406e+00
5.733547687530517578e+00
5.708972454071044922e+00
5.714733123779296875e+00
5.750317573547363281e+00
5.704196929931640625e+00
5.955855369567871094e+00
5.710616111755371094e+00
5.751715660095214844e+00
5.844400405883789062e+00
5.792064666748046875e+00
5.834842681884765625e+00
5.949797153472900391e+00
5.795608520507812500e+00
5.851182460784912109e+00
5.949496746063232422e+00
5.860292434692382812e+00
5.856582641601562500e+00
5.833033084869384766e+00
5.740801334381103516e+00
5.856147766113281250e+00
5.717995643615722656e+00
5.732152938842773438e+00
5.837944984436035156e+00
5.760760307312011719e+00
5.856607437133789062e+00
5.747040748596191406e+00
5.803693294525146484e+00
5.867241859436035156e+00
5.727961540222167969e+00
5.827238082885742188e+00
5.957342147827148438e+00
5.726071357727050781e+00
5.755175590515136719e+00
5.712712764739990234e+00
5.851326942443847656e+00
5.680070877075195312e+00
5.753067970275878906e+00
5.749831199645996094e+00
5.888763427734375000e+00
5.794473648071289062e+00
5.691436290740966797e+00
5.675901412963867188e+00
5.681475639343261719e+00
5.747289657592773438e+00
5.888668537139892578e+00
5.887615203857421875e+00
5.730498313903808594e+00
5.695139884948730469e+00
5.698011398315429688e+00
5.724759101867675781e+00
5.729420661926269531e+00
5.822610855102539062e+00
5.841732978820800781e+00
5.755614757537841797e+00
5.639847278594970703e+00
5.765987396240234375e+00
5.733103752136230469e+00
5.718105316162109375e+00
5.741590023040771484e+00
5.727056026458740234e+00
5.872037410736083984e+00
5.686839580535888672e+00
5.809510707855224609e+00
6.009425163269042969e+00
5.885174751281738281e+00
5.735445976257324219e+00
5.715470314025878906e+00
5.779656887054443359e+00
5.836441040039062500e+00
5.860538482666015625e+00
5.727656841278076172e+00
5.738149166107177734e+00
5.646849632263183594e+00
5.765444278717041016e+00
5.992816925048828125e+00
5.739643573760986328e+00
5.783369064331054688e+00
5.673718452453613281e+00
5.745597362518310547e+00
5.698063373565673828e+00
5.752749443054199219e+00
5.635221481323242188e+00
5.827887535095214844e+00
5.714367866516113281e+00
5.797489166259765625e+00
5.674088954925537109e+00
5.699389457702636719e+00
5.681272029876708984e+00
5.820992469787597656e+00
5.811807632446289062e+00
5.740599632263183594e+00
5.735000133514404297e+00
5.710801124572753906e+00
5.683354854583740234e+00
5.685179710388183594e+00
5.804709434509277344e+00
5.623552799224853516e+00
5.703316688537597656e+00
5.784942626953125000e+00
5.699512958526611328e+00
5.664024353027343750e+00
5.630019187927246094e+00
5.711192131042480469e+00
5.919509410858154297e+00
5.714288711547851562e+00
5.649291038513183594e+00
5.937119007110595703e+00
5.727488517761230469e+00
5.711593627929687500e+00
5.884665489196777344e+00
5.710954666137695312e+00
5.693694591522216797e+00
5.709965705871582031e+00
5.703988075256347656e+00
5.750521183013916016e+00
5.647493362426757812e+00
5.830948352813720703e+00
5.716833114624023438e+00
5.679845809936523438e+00
5.743479251861572266e+00
5.638881683349609375e+00
5.738876819610595703e+00
5.625939369201660156e+00
5.739030361175537109e+00
5.671603679656982422e+00
5.625800609588623047e+00
5.637347698211669922e+00
5.602927684783935547e+00
5.675393581390380859e+00
5.662215709686279297e+00
5.619027137756347656e+00
5.734348773956298828e+00
5.669804573059082031e+00
5.819469928741455078e+00
5.752159595489501953e+00
5.675382614135742188e+00
5.667462825775146484e+00
5.583128929138183594e+00
5.628830432891845703e+00
5.772602081298828125e+00
5.742099285125732422e+00
5.630463123321533203e+00
5.701283454895019531e+00
5.738406181335449219e+00
5.748133182525634766e+00
5.663996219635009766e+00
5.662081718444824219e+00
5.663119316101074219e+00
5.641547203063964844e+00
5.822419643402099609e+00
5.633337020874023438e+00
5.581463336944580078e+00
5.713653564453125000e+00
5.678894042968750000e+00
5.639574527740478516e+00
5.766026020050048828e+00
5.692840576171875000e+00
5.567500591278076172e+00
5.776778697967529297e+00
5.804729938507080078e+00
5.755591392517089844e+00
5.662951469421386719e+00
5.695638656616210938e+00
5.647806644439697266e+00
5.595699787139892578e+00
5.715612411499023438e+00
5.723554134368896484e+00
5.677511215209960938e+00
5.643807411193847656e+00
5.836292266845703125e+00
5.568554401397705078e+00
5.802044868469238281e+00
5.741380214691162109e+00
5.652692317962646484e+00
5.831983566284179688e+00
5.666068077087402344e+00
5.622049331665039062e+00
5.789427280426025391e+00
5.646987915039062500e+00
5.674779891967773438e+00
5.687554836273193359e+00
5.607572555541992188e+00
5.682888984680175781e+00
5.667316436767578125e+00
5.657772064208984375e+00
5.558392524719238281e+00
5.750356674194335938e+00
5.772470474243164062e+00
5.729555130004882812e+00
5.765731811523437500e+00
5.727770805358886719e+00
5.713304042816162109e+00
5.698747634887695312e+00
5.719143867492675781e+00
5.570048809051513672e+00
5.798881530761718750e+00
5.661188125610351562e+00
5.796605110168457031e+00
5.663654327392578125e+00
5.686257839202880859e+00
5.633790493011474609e+00
5.729154586791992188e+00
5.637217521667480469e+00
5.741600990295410156e+00
5.726532936096191406e+00
5.637567520141601562e+00
5.583561897277832031e+00
5.551889896392822266e+00
5.764600753784179688e+00
5.685871601104736328e+00
5.675347805023193359e+00
5.828737735748291016e+00
5.648609638214111328e+00
5.711321353912353516e+00
5.716951847076416016e+00
5.711940765380859375e+00
5.772731781005859375e+00
5.762265205383300781e+00
5.822765350341796875e+00
5.675451278686523438e+00
5.620088577270507812e+00
5.587788581848144531e+00
5.841218948364257812e+00
5.681225299835205078e+00
5.652080535888671875e+00
5.694553375244140625e+00
5.646849632263183594e+00
5.755552291870117188e+00
5.648944377899169922e+00
5.659048080444335938e+00
5.791485786437988281e+00
5.587847232818603516e+00
5.674380779266357422e+00
5.628870487213134766e+00
5.740324974060058594e+00
5.610905170440673828e+00
5.623486042022705078e+00
5.703291416168212891e+00
5.665480136871337891e+00
5.637098312377929688e+00
5.604434490203857422e+00
5.711127758026123047e+00
5.609912872314453125e+00
5.568535804748535156e+00
5.606495380401611328e+00
5.693447113037109375e+00
5.614807605743408203e+00
5.649775505065917969e+00
5.718969821929931641e+00
5.537914276123046875e+00
5.747556209564208984e+00
5.606621742248535156e+00
5.680111408233642578e+00
5.627128601074218750e+00
5.684807777404785156e+00
5.840017795562744141e+00
5.734390735626220703e+00
5.568504810333251953e+00
5.615952014923095703e+00
5.647319793701171875e+00
5.744263172149658203e+00
5.674188613891601562e+00
5.557171821594238281e+00
5.919141769409179688e+00
5.838147163391113281e+00
5.640686035156250000e+00
5.715591907501220703e+00
5.659252166748046875e+00
5.754355430603027344e+00
5.687507152557373047e+00
5.677642822265625000e+00
5.666071891784667969e+00
5.697328567504882812e+00
5.614058971405029297e+00
5.595436096191406250e+00
5.774497985839843750e+00
5.672912120819091797e+00
5.571545600891113281e+00
5.626943588256835938e+00
5.673492431640625000e+00
5.842650890350341797e+00
5.720356941223144531e+00
5.648081779479980469e+00
5.651266574859619141e+00
5.781872749328613281e+00
5.490475177764892578e+00
5.646448135375976562e+00
5.659982681274414062e+00
5.684044361114501953e+00
5.601227283477783203e+00
5.704352378845214844e+00
5.577893733978271484e+00
5.553749084472656250e+00
5.558171749114990234e+00
5.873349189758300781e+00
5.612934112548828125e+00
5.604014396667480469e+00
5.538069725036621094e+00
5.582216739654541016e+00
5.850637435913085938e+00
5.529773235321044922e+00
5.616077899932861328e+00
5.701530456542968750e+00
5.644442081451416016e+00
5.650990962982177734e+00
5.619982719421386719e+00
5.566336154937744141e+00
5.814221382141113281e+00
5.723008155822753906e+00
5.664883613586425781e+00
5.653064727783203125e+00
5.710318565368652344e+00
5.741563796997070312e+00
5.611075401306152344e+00
5.699903488159179688e+00
5.576560974121093750e+00
5.710183620452880859e+00
5.681930065155029297e+00
5.662641048431396484e+00
5.543850898742675781e+00
5.778875350952148438e+00
5.593819618225097656e+00
5.743560791015625000e+00
5.537992000579833984e+00
5.593876838684082031e+00
5.563254356384277344e+00
5.664920806884765625e+00
5.578685283660888672e+00
5.792733192443847656e+00
5.596585273742675781e+00
5.628635406494140625e+00
5.661996364593505859e+00
5.573112964630126953e+00
5.607172966003417969e+00
5.619235992431640625e+00
5.622736930847167969e+00
5.617290019989013672e+00
5.655941486358642578e+00
5.539215087890625000e+00
5.639395236968994141e+00
5.548642158508300781e+00
5.673266410827636719e+00
6.017232418060302734e+00
5.609447479248046875e+00
5.638957500457763672e+00
5.645492553710937500e+00
5.588058471679687500e+00
5.595381736755371094e+00
5.593790531158447266e+00
5.772612571716308594e+00
5.632146835327148438e+00
5.541624069213867188e+00
5.591570854187011719e+00
5.683182716369628906e+00
5.664221763610839844e+00
5.641355514526367188e+00
5.596402168273925781e+00
5.728950500488281250e+00
5.645354747772216797e+00
5.598007202148437500e+00
5.713790416717529297e+00
5.602575302124023438e+00
5.767612934112548828e+00
5.711089134216308594e+00
5.607541084289550781e+00
5.579419136047363281e+00
5.617545127868652344e+00
5.632106781005859375e+00
5.693508625030517578e+00
5.544332027435302734e+00
5.705145835876464844e+00
5.607457160949707031e+00
5.607252120971679688e+00
5.560159206390380859e+00
5.664045333862304688e+00
5.615926265716552734e+00
5.609670639038085938e+00
5.667741775512695312e+00
5.576105117797851562e+00
5.545036792755126953e+00
5.617120742797851562e+00
5.739461898803710938e+00
5.658950805664062500e+00
5.609226226806640625e+00
5.549023628234863281e+00
5.656226634979248047e+00
5.635425090789794922e+00
5.771909236907958984e+00
5.620468616485595703e+00
5.578454971313476562e+00
5.714037895202636719e+00
5.708062171936035156e+00
5.529255867004394531e+00
5.605963230133056641e+00
5.656550407409667969e+00
5.648916244506835938e+00
5.623868942260742188e+00
5.699588775634765625e+00
5.607252597808837891e+00
5.672879219055175781e+00
5.674517631530761719e+00
5.590811729431152344e+00
5.534668445587158203e+00
5.704706668853759766e+00
5.861144542694091797e+00
5.613091945648193359e+00
5.567873001098632812e+00
5.574980735778808594e+00
5.616642951965332031e+00
5.595902919769287109e+00
5.544192314147949219e+00
5.632240295410156250e+00
5.584691524505615234e+00
5.551456928253173828e+00
5.643422126770019531e+00
5.617391586303710938e+00
5.611396789550781250e+00
5.557249546051025391e+00
5.595899105072021484e+00
5.580412864685058594e+00
5.523927688598632812e+00
5.597569465637207031e+00
5.677303791046142578e+00
5.570093154907226562e+00
5.499444007873535156e+00
5.586518287658691406e+00
5.567568302154541016e+00
5.503602981567382812e+00
5.615532875061035156e+00
5.569374084472656250e+00
5.521427154541015625e+00
5.566906452178955078e+00
5.652417182922363281e+00
5.705455780029296875e+00
5.630449295043945312e+00
5.570106506347656250e+00
5.608130455017089844e+00
5.495545864105224609e+00
5.622091293334960938e+00
5.665400505065917969e+00
5.624287605285644531e+00
5.501393318176269531e+00
5.674717903137207031e+00
5.668497085571289062e+00
5.558734893798828125e+00
5.677355766296386719e+00
5.727035522460937500e+00
5.584806442260742188e+00
5.704277038574218750e+00
5.554221153259277344e+00
5.600632190704345703e+00
5.599330902099609375e+00
5.601578235626220703e+00
5.749002933502197266e+00
5.656550407409667969e+00
5.668743610382080078e+00
5.579279899597167969e+00
5.548963069915771484e+00
5.615099906921386719e+00
5.639068126678466797e+00
5.564496994018554688e+00
5.606500625610351562e+00
5.582208633422851562e+00
5.608614444732666016e+00
5.681948661804199219e+00
5.606326103210449219e+00
5.642952442169189453e+00
5.736062049865722656e+00
5.688496589660644531e+00
5.551126956939697266e+00
5.635315895080566406e+00
5.634459972381591797e+00
5.933708190917968750e+00
5.618542671203613281e+00
5.543427944183349609e+00
5.616101264953613281e+00
5.651080131530761719e+00
5.646987915039062500e+00
5.612224578857421875e+00
5.537346839904785156e+00
5.715498447418212891e+00
5.636026382446289062e+00
5.622473716735839844e+00
5.632730007171630859e+00
5.575072765350341797e+00
5.899351596832275391e+00
5.756500720977783203e+00
5.604789733886718750e+00
5.605151176452636719e+00
5.642054557800292969e+00
5.732997417449951172e+00
5.551560878753662109e+00
5.586795806884765625e+00
5.524846076965332031e+00
5.618494033813476562e+00
5.634727001190185547e+00
5.597097873687744141e+00
5.589444637298583984e+00
5.531236171722412109e+00
5.718754768371582031e+00
5.675256252288818359e+00
5.537848472595214844e+00
5.620523452758789062e+00
5.562491416931152344e+00
5.573618412017822266e+00
5.544159889221191406e+00
5.558790683746337891e+00
5.595210075378417969e+00
5.536498069763183594e+00
5.617711067199707031e+00
5.560259342193603516e+00
5.653186798095703125e+00
5.720208168029785156e+00
5.602279186248779297e+00
5.636381149291992188e+00
5.565305709838867188e+00
5.514033794403076172e+00
5.570515155792236328e+00
5.558000564575195312e+00
5.539538383483886719e+00
5.718707084655761719e+00
5.504975795745849609e+00
5.544164657592773438e+00
5.664136409759521484e+00
5.497605323791503906e+00
5.493422508239746094e+00
5.670313835144042969e+00
5.669581413269042969e+00
5.598918914794921875e+00
5.598355770111083984e+00
5.726857185363769531e+00
5.674866199493408203e+00
5.748088359832763672e+00
5.555963993072509766e+00
5.523084163665771484e+00
5.541797637939453125e+00
5.516153335571289062e+00
5.583269119262695312e+00
5.525288581848144531e+00
5.551236152648925781e+00
5.720396041870117188e+00
5.701184272766113281e+00
5.548497200012207031e+00
5.643443584442138672e+00
5.602016448974609375e+00
5.512482166290283203e+00
5.530555725097656250e+00
5.609427452087402344e+00
5.653745174407958984e+00
5.528856277465820312e+00
5.611655712127685547e+00
5.532507896423339844e+00
5.688069343566894531e+00
5.518260002136230469e+00
5.511590003967285156e+00
5.724650859832763672e+00
5.785809516906738281e+00
5.516833305358886719e+00
5.634568691253662109e+00
5.673084259033203125e+00
5.550612449645996094e+00
5.565951824188232422e+00
5.578083515167236328e+00
5.597208023071289062e+00
5.596840381622314453e+00
5.596633911132812500e+00
5.606257915496826172e+00
5.532057762145996094e+00
5.742087841033935547e+00
5.537937164306640625e+00
5.543767929077148438e+00
5.796971797943115234e+00
5.587231636047363281e+00
5.604249000549316406e+00
5.573254108428955078e+00
5.570127487182617188e+00
5.623013973236083984e+00
5.597107887268066406e+00
5.696973800659179688e+00
5.573246955871582031e+00
5.536879062652587891e+00
5.788159847259521484e+00
5.914388179779052734e+00
5.658610820770263672e+00
5.687608242034912109e+00
5.618793487548828125e+00
5.548187255859375000e+00
5.572407722473144531e+00
5.606657981872558594e+00
5.531788825988769531e+00
5.669455051422119141e+00
5.603919982910156250e+00
5.633833885192871094e+00
5.556379318237304688e+00
5.515266895294189453e+00
5.682420730590820312e+00
5.525877952575683594e+00
5.784575939178466797e+00
5.556903839111328125e+00
5.568375110626220703e+00
5.563646793365478516e+00
5.628071308135986328e+00
5.623154640197753906e+00
5.510921478271484375e+00
5.580608367919921875e+00
5.561750411987304688e+00
5.644212722778320312e+00
5.718158245086669922e+00
5.774910449981689453e+00
5.541752815246582031e+00
5.693201065063476562e+00
5.591941356658935547e+00
5.561820507049560547e+00
5.780838012695312500e+00
5.552663803100585938e+00
5.508127212524414062e+00
5.554345607757568359e+00
5.668476104736328125e+00
5.849557399749755859e+00
5.825625896453857422e+00
5.559865474700927734e+00
5.511815547943115234e+00
5.524185657501220703e+00
5.543543815612792969e+00
5.563530921936035156e+00
5.583685398101806641e+00
5.615767955780029297e+00
5.590809345245361328e+00
5.606389045715332031e+00
5.495310306549072266e+00
5.522343158721923828e+00
5.606124877929687500e+00
5.593647956848144531e+00
5.528258800506591797e+00
5.622642040252685547e+00
5.519890308380126953e+00
5.632893085479736328e+00
5.545921325683593750e+00
5.568434238433837891e+00
5.655637741088867188e+00
5.543120384216308594e+00
5.693122863769531250e+00
5.545109748840332031e+00
5.523003578186035156e+00
5.682714939117431641e+00
5.605065822601318359e+00
5.736665725708007812e+00
5.625448703765869141e+00
5.528298377990722656e+00
5.576503276824951172e+00
5.577402114868164062e+00
5.596328258514404297e+00
5.666002273559570312e+00
5.557829380035400391e+00
5.763194561004638672e+00
5.541556835174560547e+00
5.608854770660400391e+00
5.673640251159667969e+00
5.558026313781738281e+00
5.598116397857666016e+00
5.529536724090576172e+00
5.513079166412353516e+00
5.463838577270507812e+00
5.611396789550781250e+00
5.499768257141113281e+00
5.533461093902587891e+00
5.577857017517089844e+00
5.621339797973632812e+00
5.692448616027832031e+00
5.708765029907226562e+00
5.568322181701660156e+00
5.583045005798339844e+00
5.529769420623779297e+00
5.598951339721679688e+00
5.579528331756591797e+00
5.603477954864501953e+00
5.797133445739746094e+00
5.673413276672363281e+00
5.707703113555908203e+00
5.525353431701660156e+00
5.592290878295898438e+00
5.526231765747070312e+00
5.545650959014892578e+00
5.519458770751953125e+00
5.625768184661865234e+00
5.517258644104003906e+00
5.620538711547851562e+00
5.560325145721435547e+00
5.534041404724121094e+00
5.644816398620605469e+00
5.696713447570800781e+00
5.581665992736816406e+00
5.542890548706054688e+00
5.473493576049804688e+00
5.562441825866699219e+00
5.536310195922851562e+00
5.532459735870361328e+00
5.630493164062500000e+00
5.562817573547363281e+00
5.537791728973388672e+00
5.491148948669433594e+00
5.561134815216064453e+00
5.577365875244140625e+00
5.786375999450683594e+00
5.596303939819335938e+00
5.723138332366943359e+00
5.590827941894531250e+00
5.759323120117187500e+00
5.685740470886230469e+00
5.851329803466796875e+00
5.627940177917480469e+00
5.560856819152832031e+00
5.608891487121582031e+00
5.598197460174560547e+00
5.609352588653564453e+00
5.583174705505371094e+00
5.610918045043945312e+00
5.659809589385986328e+00
5.538361549377441406e+00
5.698309421539306641e+00
5.506194114685058594e+00
5.656507492065429688e+00
5.487301826477050781e+00
5.606007099151611328e+00
5.678760051727294922e+00
5.587544918060302734e+00
5.528265476226806641e+00
5.557207584381103516e+00
5.625388622283935547e+00
5.548665046691894531e+00
5.581787109375000000e+00
5.569322586059570312e+00
5.536099433898925781e+00
5.559462547302246094e+00
5.540169239044189453e+00
5.727152824401855469e+00
5.556944370269775391e+00
5.805485725402832031e+00
5.569343566894531250e+00
5.578733444213867188e+00
5.520055770874023438e+00
5.625128746032714844e+00
5.544590950012207031e+00
5.667722702026367188e+00
5.658769607543945312e+00
5.693827152252197266e+00
5.523097038269042969e+00
5.601293087005615234e+00
5.552799701690673828e+00
5.572646141052246094e+00
5.624746322631835938e+00
5.556846141815185547e+00
5.688776493072509766e+00
5.565266609191894531e+00
5.601757526397705078e+00
5.548380374908447266e+00
5.579028606414794922e+00
5.571337699890136719e+00
5.591342449188232422e+00
5.637876510620117188e+00
5.574594020843505859e+00
5.552131175994873047e+00
5.700518608093261719e+00
5.545073986053466797e+00
5.643623352050781250e+00
5.596150875091552734e+00
5.742322921752929688e+00
5.529609680175781250e+00
5.635294914245605469e+00
5.526740074157714844e+00
5.633269309997558594e+00
5.551043510437011719e+00
5.532567024230957031e+00
5.577396392822265625e+00
5.534388542175292969e+00
5.611744880676269531e+00
5.574434757232666016e+00
5.562700271606445312e+00
5.522551059722900391e+00
5.566315650939941406e+00
5.711316585540771484e+00
5.576575756072998047e+00
5.548314094543457031e+00
5.497639179229736328e+00
5.630208969116210938e+00
5.650262355804443359e+00
5.473311424255371094e+00
5.644381523132324219e+00
5.628183364868164062e+00
5.552307128906250000e+00
5.518584251403808594e+00
5.614203453063964844e+00
5.626343727111816406e+00
5.546660423278808594e+00
5.546533107757568359e+00
5.533895969390869141e+00
5.460961341857910156e+00
5.695987701416015625e+00
5.712217330932617188e+00
5.545889854431152344e+00
5.584323406219482422e+00
5.558406352996826172e+00
5.585581779479980469e+00
5.738425731658935547e+00
5.635115146636962891e+00
5.548564910888671875e+00
5.647276878356933594e+00
5.611350059509277344e+00
5.607211112976074219e+00
5.724643707275390625e+00
5.557554244995117188e+00
5.543593406677246094e+00
5.550151348114013672e+00
5.641913414001464844e+00
5.598906517028808594e+00
5.627981662750244141e+00
5.503671646118164062e+00
5.494886875152587891e+00
5.559306144714355469e+00
5.612736701965332031e+00
5.543354511260986328e+00
5.536922931671142578e+00
5.505880355834960938e+00
5.574797630310058594e+00
5.517824172973632812e+00
5.640763759613037109e+00
5.606921195983886719e+00
5.638779640197753906e+00
5.629756927490234375e+00
5.586825847625732422e+00
5.567653179168701172e+00
5.590190410614013672e+00
5.560287475585937500e+00
5.593997955322265625e+00
5.575155258178710938e+00
5.490057945251464844e+00
5.499845504760742188e+00
5.500956535339355469e+00
5.624668121337890625e+00
5.628878593444824219e+00
5.617341041564941406e+00
5.493595600128173828e+00
5.693041801452636719e+00
5.558927059173583984e+00
5.513391017913818359e+00
5.485608100891113281e+00
5.513082504272460938e+00
5.497456550598144531e+00
5.549360275268554688e+00
5.680607795715332031e+00
5.534585952758789062e+00
5.557998180389404297e+00
5.523802757263183594e+00
5.542814254760742188e+00
5.545001029968261719e+00
5.512294769287109375e+00
5.700980663299560547e+00
5.578877449035644531e+00
5.719685554504394531e+00
5.532238483428955078e+00
5.632378101348876953e+00
5.482053756713867188e+00
5.591497421264648438e+00
5.597591400146484375e+00
5.513690471649169922e+00
5.514651298522949219e+00
5.567028999328613281e+00
5.588804721832275391e+00
5.511721611022949219e+00
5.523770332336425781e+00
5.471821784973144531e+00
5.530026435852050781e+00
5.655508041381835938e+00
5.607246875762939453e+00
5.683913707733154297e+00
5.591032505035400391e+00
5.583642005920410156e+00
5.659425735473632812e+00
5.517371654510498047e+00
5.585035324096679688e+00
5.598339557647705078e+00
5.523005485534667969e+00
5.699949264526367188e+00
5.736643791198730469e+00
5.559830188751220703e+00
5.494994640350341797e+00
5.563061714172363281e+00
5.647789955139160156e+00
5.605839729309082031e+00
5.521611213684082031e+00
5.573472499847412109e+00
5.498228073120117188e+00
5.596601486206054688e+00
5.477271556854248047e+00
5.592200756072998047e+00
5.447219848632812500e+00
