6.867575168609619141e+00
6.760548591613769531e+00
6.588821887969970703e+00
6.518629550933837891e+00
6.467574119567871094e+00
6.429961204528808594e+00
6.223320960998535156e+00
6.426601886749267578e+00
6.233301162719726562e+00
6.240196228027343750e+00
6.195017814636230469e+00
6.156330108642578125e+00
6.275547027587890625e+00
6.106578350067138672e+00
6.033579826354980469e+00
6.205311298370361328e+00
6.107419013977050781e+00
6.534900188446044922e+00
6.156727313995361328e+00
6.119263648986816406e+00
6.047254562377929688e+00
6.243192195892333984e+00
6.120282173156738281e+00
6.008650779724121094e+00
6.125380516052246094e+00
6.056734085083007812e+00
6.172901630401611328e+00
6.071326255798339844e+00
6.011099815368652344e+00
6.147358894348144531e+00
5.902463436126708984e+00
5.962020874023437500e+00
6.051094055175781250e+00
6.042247295379638672e+00
6.103178024291992188e+00
5.959162712097167969e+00
5.930231094360351562e+00
5.908241748809814453e+00
5.872461318969726562e+00
6.057792663574218750e+00
5.929706096649169922e+00
6.108713626861572266e+00
5.898595809936523438e+00
5.925568103790283203e+00
5.988575935363769531e+00
5.923267364501953125e+00
5.843152999877929688e+00
5.933165550231933594e+00
6.195654869079589844e+00
5.922174930572509766e+00
5.905680656433105469e+00
5.969920158386230469e+00
6.045967578887939453e+00
5.921061038970947266e+00
5.998605728149414062e+00
5.940286636352539062e+00
5.884106636047363281e+00
5.968200683593750000e+00
6.015482902526855469e+00
5.885411262512207031e+00
5.859176158905029297e+00
6.051881790161132812e+00
5.884492397308349609e+00
5.913786888122558594e+00
5.935317993164062500e+00
5.879575252532958984e+00
5.904857635498046875e+00
6.043749809265136719e+00
5.842744827270507812e+00
6.073607444763183594e+00
5.878479003906250000e+00
5.928028106689453125e+00
5.940236091613769531e+00
5.980121612548828125e+00
5.880898952484130859e+00
5.822133064270019531e+00
5.879103660583496094e+00
5.928653240203857422e+00
6.007969379425048828e+00
5.832312583923339844e+00
6.001913547515869141e+00
5.995791912078857422e+00
5.881373882293701172e+00
5.851500511169433594e+00
5.943941593170166016e+00
5.945049762725830078e+00
5.938203811645507812e+00
5.826638221740722656e+00
5.898557662963867188e+00
5.988872528076171875e+00
6.019476890563964844e+00
5.913589477539062500e+00
5.932073116302490234e+00
5.895524978637695312e+00
5.848482608795166016e+00
6.036657333374023438e+00
5.853067398071289062e+00
5.861403942108154297e+00
5.946416854858398438e+00
5.858628273010253906e+00
6.290619850158691406e+00
5.945625305175781250e+00
5.926148414611816406e+00
5.853050231933593750e+00
6.014310836791992188e+00
5.988862514495849609e+00
5.870311737060546875e+00
5.826174736022949219e+00
5.851498126983642578e+00
5.795351982116699219e+00
5.889649868011474609e+00
5.868765354156494141e+00
5.838877677917480469e+00
5.753738880157470703e+00
5.864126682281494141e+00
5.858967781066894531e+00
5.950052738189697266e+00
5.983320236206054688e+00
5.819527626037597656e+00
5.863852977752685547e+00
5.885618686676025391e+00
5.950560569763183594e+00
5.806372165679931641e+00
5.857651710510253906e+00
5.866015434265136719e+00
5.865170478820800781e+00
5.760151863098144531e+00
5.815708160400390625e+00
5.869865417480468750e+00
5.926215648651123047e+00
5.813590049743652344e+00
5.847233772277832031e+00
5.909354209899902344e+00
5.852216720581054688e+00
5.811316490173339844e+00
5.784728050231933594e+00
5.851624965667724609e+00
5.869266510009765625e+00
5.863265991210937500e+00
5.802288055419921875e+00
5.884411811828613281e+00
5.948899269104003906e+00
5.796275138854980469e+00
5.745421886444091797e+00
6.189340114593505859e+00
5.802300453186035156e+00
5.795125961303710938e+00
6.141513824462890625e+00
5.845327377319335938e+00
5.759744167327880859e+00
5.810125350952148438e+00
5.835091114044189453e+00
5.787210464477539062e+00
5.837989330291748047e+00
5.737596511840820312e+00
5.923042297363281250e+00
5.929168701171875000e+00
5.837165355682373047e+00
5.821843147277832031e+00
5.827638626098632812e+00
5.713028907775878906e+00
5.878729820251464844e+00
5.869053840637207031e+00
5.850955963134765625e+00
5.880089759826660156e+00
5.851979732513427734e+00
5.852693557739257812e+00
5.810289382934570312e+00
5.871542930603027344e+00
5.748629093170166016e+00
5.897546768188476562e+00
5.800240993499755859e+00
5.806600570678710938e+00
5.921637058258056641e+00
5.877271652221679688e+00
5.801682472229003906e+00
5.728935241699218750e+00
5.976977348327636719e+00
5.692342758178710938e+00
5.776426315307617188e+00
5.711753845214843750e+00
5.755204200744628906e+00
5.811707019805908203e+00
5.912487506866455078e+00
5.802973747253417969e+00
5.841291904449462891e+00
5.816297531127929688e+00
5.771141529083251953e+00
5.708287239074707031e+00
5.770091056823730469e+00
5.897129535675048828e+00
5.802534103393554688e+00
5.834141731262207031e+00
5.814258098602294922e+00
5.805414199829101562e+00
5.732360363006591797e+00
5.866691589355468750e+00
5.793833732604980469e+00
5.749580860137939453e+00
5.760495662689208984e+00
5.780442714691162109e+00
5.946147441864013672e+00
5.746881961822509766e+00
5.737035274505615234e+00
5.787188529968261719e+00
5.742529392242431641e+00
5.708727359771728516e+00
5.832911491394042969e+00
5.787161350250244141e+00
5.785902976989746094e+00
5.741025924682617188e+00
5.825726509094238281e+00
5.836270332336425781e+00
5.928830146789550781e+00
5.826041221618652344e+00
5.705027580261230469e+00
5.719779491424560547e+00
5.754538536071777344e+00
5.790088176727294922e+00
5.755725860595703125e+00
5.715085029602050781e+00
5.769132137298583984e+00
5.764826774597167969e+00
5.948265075683593750e+00
5.829933166503906250e+00
5.823723793029785156e+00
5.788776397705078125e+00
5.705817699432373047e+00
6.059477806091308594e+00
5.811165809631347656e+00
5.738501548767089844e+00
5.815460205078125000e+00
5.740741729736328125e+00
5.780156135559082031e+00
5.669198036193847656e+00
5.773830890655517578e+00
5.860383987426757812e+00
5.843363761901855469e+00
5.760824203491210938e+00
5.861027717590332031e+00
5.846834182739257812e+00
5.804501533508300781e+00
5.769882678985595703e+00
5.792921066284179688e+00
5.708226203918457031e+00
5.793295860290527344e+00
5.800759315490722656e+00
5.824571609497070312e+00
5.689445495605468750e+00
5.639802932739257812e+00
5.820797443389892578e+00
5.719097614288330078e+00
5.661373138427734375e+00
5.654455661773681641e+00
5.716832160949707031e+00
5.783045291900634766e+00
5.824333190917968750e+00
5.778731822967529297e+00
5.672646045684814453e+00
5.796957969665527344e+00
5.846522331237792969e+00
5.800148963928222656e+00
5.745625495910644531e+00
5.743744373321533203e+00
5.825024127960205078e+00
5.696606636047363281e+00
5.717459678649902344e+00
5.669504165649414062e+00
5.837745189666748047e+00
5.765234947204589844e+00
5.804376602172851562e+00
5.765314102172851562e+00
5.684214591979980469e+00
5.706270217895507812e+00
5.719697475433349609e+00
6.038376808166503906e+00
5.713635921478271484e+00
5.768387794494628906e+00
5.872001647949218750e+00
5.763749122619628906e+00
5.753772258758544922e+00
5.773545265197753906e+00
5.725194931030273438e+00
5.727158069610595703e+00
5.789182662963867188e+00
5.769494533538818359e+00
5.717174053192138672e+00
5.792559623718261719e+00
5.806323528289794922e+00
5.690871238708496094e+00
5.746631622314453125e+00
5.782889366149902344e+00
5.768596649169921875e+00
5.804433345794677734e+00
5.837963104248046875e+00
5.829041957855224609e+00
5.724364280700683594e+00
5.851338386535644531e+00
5.865883827209472656e+00
5.789432525634765625e+00
5.690183639526367188e+00
5.674619197845458984e+00
5.774050712585449219e+00
5.811520576477050781e+00
5.660407066345214844e+00
5.765722274780273438e+00
5.779984474182128906e+00
5.830751419067382812e+00
5.737865447998046875e+00
5.809024333953857422e+00
5.730307102203369141e+00
5.903770923614501953e+00
5.792438507080078125e+00
5.735929489135742188e+00
5.717908859252929688e+00
5.753468513488769531e+00
5.781156539916992188e+00
5.796464443206787109e+00
5.680031776428222656e+00
5.681685924530029297e+00
5.911590576171875000e+00
5.744318008422851562e+00
5.864858150482177734e+00
5.843006134033203125e+00
5.666908740997314453e+00
5.702401638031005859e+00
5.862459659576416016e+00
5.774864196777343750e+00
5.784029006958007812e+00
5.882852554321289062e+00
5.731204032897949219e+00
5.699385643005371094e+00
5.821253776550292969e+00
5.692873954772949219e+00
5.667656898498535156e+00
5.652695655822753906e+00
5.833479881286621094e+00
5.758482933044433594e+00
5.729243278503417969e+00
5.733293533325195312e+00
5.734225273132324219e+00
5.720386505126953125e+00
5.734088420867919922e+00
5.662619590759277344e+00
5.687968254089355469e+00
5.743624687194824219e+00
5.658625125885009766e+00
5.645560741424560547e+00
5.658009052276611328e+00
5.628231048583984375e+00
5.676340103149414062e+00
5.657122135162353516e+00
5.650931835174560547e+00
5.821681976318359375e+00
5.682067394256591797e+00
5.793594360351562500e+00
5.791265487670898438e+00
5.907257556915283203e+00
5.615490913391113281e+00
5.737001895904541016e+00
5.795257568359375000e+00
5.651238918304443359e+00
5.747123718261718750e+00
5.704504966735839844e+00
5.759659767150878906e+00
5.654674053192138672e+00
5.649393081665039062e+00
5.770048618316650391e+00
5.805685043334960938e+00
5.790226936340332031e+00
5.721323966979980469e+00
5.732460498809814453e+00
5.728014945983886719e+00
5.659011840820312500e+00
5.618797302246093750e+00
5.633257865905761719e+00
5.624120712280273438e+00
5.783913612365722656e+00
5.707617282867431641e+00
5.935547828674316406e+00
5.677067756652832031e+00
5.651936531066894531e+00
5.841181278228759766e+00
5.785669803619384766e+00
5.762814044952392578e+00
5.867594718933105469e+00
5.742011070251464844e+00
5.886353492736816406e+00
5.687592983245849609e+00
5.660923957824707031e+00
5.775319099426269531e+00
5.715072631835937500e+00
5.654065132141113281e+00
5.747940063476562500e+00
5.685256004333496094e+00
5.753274440765380859e+00
5.652108669281005859e+00
5.834806442260742188e+00
5.716050624847412109e+00
5.784562587738037109e+00
5.771848201751708984e+00
5.742311954498291016e+00
5.747046947479248047e+00
5.874284744262695312e+00
5.744939804077148438e+00
5.822182655334472656e+00
5.806216716766357422e+00
5.704422950744628906e+00
5.654691696166992188e+00
5.877237796783447266e+00
5.759889602661132812e+00
5.662699699401855469e+00
5.885290145874023438e+00
5.830328464508056641e+00
5.705913543701171875e+00
5.768000602722167969e+00
5.715741157531738281e+00
5.761004447937011719e+00
5.738233566284179688e+00
5.665472030639648438e+00
5.732673645019531250e+00
5.713205337524414062e+00
5.915621280670166016e+00
5.733780384063720703e+00
5.700624942779541016e+00
5.670685291290283203e+00
5.742527008056640625e+00
5.849157810211181641e+00
5.752506256103515625e+00
5.680864810943603516e+00
5.896924018859863281e+00
5.673901081085205078e+00
5.803135871887207031e+00
5.718128204345703125e+00
5.682517528533935547e+00
5.777042388916015625e+00
5.715958595275878906e+00
5.732589721679687500e+00
5.730082035064697266e+00
5.814147949218750000e+00
5.700004577636718750e+00
5.818867206573486328e+00
5.868472576141357422e+00
5.750738143920898438e+00
5.657700061798095703e+00
5.775854110717773438e+00
5.768778324127197266e+00
5.757205486297607422e+00
5.739520549774169922e+00
5.791835784912109375e+00
5.705576419830322266e+00
5.673109054565429688e+00
5.705816745758056641e+00
5.717254638671875000e+00
5.680797576904296875e+00
5.687062263488769531e+00
5.708704471588134766e+00
5.607420921325683594e+00
5.768601894378662109e+00
5.719592094421386719e+00
5.673463821411132812e+00
5.641448974609375000e+00
5.656493663787841797e+00
5.773858547210693359e+00
5.821094036102294922e+00
5.667479515075683594e+00
5.650224685668945312e+00
5.752768039703369141e+00
5.741894721984863281e+00
5.758125305175781250e+00
5.793653011322021484e+00
5.861031532287597656e+00
5.650765895843505859e+00
5.759736061096191406e+00
5.834780216217041016e+00
5.698506355285644531e+00
5.680110931396484375e+00
5.678181171417236328e+00
5.793117046356201172e+00
5.698431968688964844e+00
5.794792175292968750e+00
5.688322544097900391e+00
5.724488258361816406e+00
5.696498870849609375e+00
5.623917102813720703e+00
5.654961109161376953e+00
5.641849517822265625e+00
5.811235904693603516e+00
5.878874778747558594e+00
5.648118019104003906e+00
5.685173034667968750e+00
5.672135829925537109e+00
5.664489746093750000e+00
5.737771034240722656e+00
5.662870883941650391e+00
5.707534790039062500e+00
5.711568832397460938e+00
5.823475837707519531e+00
5.716198921203613281e+00
5.792903900146484375e+00
5.670421600341796875e+00
5.634189605712890625e+00
5.701760768890380859e+00
5.637822151184082031e+00
5.805667400360107422e+00
5.770437240600585938e+00
5.605322360992431641e+00
5.630782604217529297e+00
5.718915939331054688e+00
5.662787914276123047e+00
5.764371395111083984e+00
5.719032764434814453e+00
5.752949237823486328e+00
5.707896709442138672e+00
5.664903163909912109e+00
5.600615501403808594e+00
5.709112167358398438e+00
5.628197669982910156e+00
5.646913528442382812e+00
5.717634677886962891e+00
5.585323810577392578e+00
5.641727447509765625e+00
5.673311233520507812e+00
5.939781188964843750e+00
5.700267791748046875e+00
5.612952232360839844e+00
5.716177940368652344e+00
5.656017780303955078e+00
5.620449066162109375e+00
5.643250465393066406e+00
5.743930816650390625e+00
5.680620193481445312e+00
5.885406017303466797e+00
5.757846355438232422e+00
5.707893371582031250e+00
5.789845943450927734e+00
5.712547302246093750e+00
5.879169940948486328e+00
5.749473571777343750e+00
5.631118297576904297e+00
5.628104209899902344e+00
5.830479145050048828e+00
5.759047508239746094e+00
5.774061203002929688e+00
5.673695564270019531e+00
5.659757137298583984e+00
5.670138359069824219e+00
5.660869121551513672e+00
5.601857185363769531e+00
5.680585861206054688e+00
5.679901599884033203e+00
5.607006072998046875e+00
5.657252311706542969e+00
5.804516315460205078e+00
5.711212635040283203e+00
5.781207084655761719e+00
5.638384342193603516e+00
5.765894412994384766e+00
5.598366737365722656e+00
5.698968410491943359e+00
5.763823509216308594e+00
5.658553123474121094e+00
5.742031097412109375e+00
5.653353691101074219e+00
5.685920715332031250e+00
5.619206428527832031e+00
5.603761672973632812e+00
5.761609077453613281e+00
5.609308242797851562e+00
5.701409339904785156e+00
5.653987884521484375e+00
5.808696746826171875e+00
5.736262798309326172e+00
5.636392593383789062e+00
5.588904380798339844e+00
5.671905994415283203e+00
5.733798027038574219e+00
5.691452026367187500e+00
5.707159519195556641e+00
5.640359401702880859e+00
5.658961772918701172e+00
5.775969505310058594e+00
5.902466297149658203e+00
5.665918827056884766e+00
5.701378822326660156e+00
5.662752151489257812e+00
5.617685794830322266e+00
5.745729446411132812e+00
5.692197799682617188e+00
5.724599361419677734e+00
5.682750225067138672e+00
5.651275157928466797e+00
5.754323959350585938e+00
5.611463546752929688e+00
5.658076286315917969e+00
5.618251323699951172e+00
5.634183883666992188e+00
5.669812202453613281e+00
5.680615425109863281e+00
5.731708526611328125e+00
5.684257507324218750e+00
5.645125389099121094e+00
5.689262390136718750e+00
5.689764022827148438e+00
5.709293365478515625e+00
5.586139678955078125e+00
5.648681640625000000e+00
5.749439239501953125e+00
5.731692314147949219e+00
5.665949344635009766e+00
5.652630329132080078e+00
5.717581748962402344e+00
5.633057117462158203e+00
5.651482582092285156e+00
5.656227111816406250e+00
5.780247688293457031e+00
5.679287910461425781e+00
5.700322151184082031e+00
5.601030826568603516e+00
5.736976623535156250e+00
5.646106243133544922e+00
5.693630218505859375e+00
5.831764221191406250e+00
5.722231864929199219e+00
5.706920623779296875e+00
5.578331470489501953e+00
5.646388053894042969e+00
5.618834972381591797e+00
5.772290229797363281e+00
5.682838916778564453e+00
5.657281875610351562e+00
5.774230957031250000e+00
5.681313037872314453e+00
5.623037815093994141e+00
5.645095825195312500e+00
5.609405994415283203e+00
5.560487747192382812e+00
5.681649208068847656e+00
5.787484169006347656e+00
5.785417556762695312e+00
5.640345096588134766e+00
5.612650871276855469e+00
5.629485607147216797e+00
5.701873302459716797e+00
5.704919815063476562e+00
5.686082839965820312e+00
5.611084938049316406e+00
5.596726417541503906e+00
5.618328094482421875e+00
5.769735813140869141e+00
5.629348754882812500e+00
5.644445419311523438e+00
5.640106201171875000e+00
5.688045501708984375e+00
5.646812438964843750e+00
5.673946380615234375e+00
5.671751976013183594e+00
5.652119159698486328e+00
5.557978153228759766e+00
5.633265018463134766e+00
5.586692810058593750e+00
5.647980690002441406e+00
5.604637145996093750e+00
5.665630340576171875e+00
5.630498409271240234e+00
5.663913726806640625e+00
5.609315395355224609e+00
5.719642639160156250e+00
5.594174385070800781e+00
5.584061622619628906e+00
5.684144020080566406e+00
5.601102828979492188e+00
5.706439018249511719e+00
5.680744171142578125e+00
5.671111106872558594e+00
5.692306995391845703e+00
5.749237537384033203e+00
5.648237228393554688e+00
5.584916591644287109e+00
5.599399089813232422e+00
5.769050598144531250e+00
5.668693065643310547e+00
5.601116180419921875e+00
5.615147113800048828e+00
5.614517688751220703e+00
5.800013542175292969e+00
5.615668296813964844e+00
5.656790733337402344e+00
5.623099803924560547e+00
5.687872886657714844e+00
5.584528446197509766e+00
5.579119205474853516e+00
5.713323116302490234e+00
5.608756542205810547e+00
5.604781150817871094e+00
5.624227046966552734e+00
5.671557426452636719e+00
5.646125316619873047e+00
5.605995655059814453e+00
5.676926136016845703e+00
5.699672698974609375e+00
5.871858596801757812e+00
5.753084659576416016e+00
5.657795429229736328e+00
5.604330062866210938e+00
5.716565132141113281e+00
5.670713901519775391e+00
5.665649414062500000e+00
5.667425155639648438e+00
5.737585067749023438e+00
5.619580268859863281e+00
5.635679244995117188e+00
5.611752510070800781e+00
5.788467884063720703e+00
5.801003456115722656e+00
5.581622600555419922e+00
5.655913352966308594e+00
5.772915840148925781e+00
5.740645408630371094e+00
5.618168830871582031e+00
5.679473876953125000e+00
5.976323127746582031e+00
5.672251224517822266e+00
5.754238605499267578e+00
5.616337776184082031e+00
5.756682395935058594e+00
5.576025009155273438e+00
5.734153747558593750e+00
5.733322143554687500e+00
5.708283424377441406e+00
5.633862018585205078e+00
5.662589073181152344e+00
5.615275382995605469e+00
5.654239177703857422e+00
5.813361167907714844e+00
5.620229244232177734e+00
5.608053684234619141e+00
5.647521972656250000e+00
5.754660129547119141e+00
5.616274833679199219e+00
5.654368877410888672e+00
5.593929290771484375e+00
5.726777076721191406e+00
5.624351501464843750e+00
5.604174137115478516e+00
5.601659774780273438e+00
5.644793510437011719e+00
5.656545639038085938e+00
5.622364997863769531e+00
5.629663467407226562e+00
5.599294662475585938e+00
5.708683013916015625e+00
5.570795059204101562e+00
5.709305763244628906e+00
5.764380455017089844e+00
5.608369827270507812e+00
5.627744674682617188e+00
5.726364612579345703e+00
5.619303703308105469e+00
5.808100223541259766e+00
5.814011573791503906e+00
5.763772964477539062e+00
5.555691719055175781e+00
5.593124389648437500e+00
5.643056392669677734e+00
5.582146644592285156e+00
5.608252525329589844e+00
5.703783988952636719e+00
5.916450977325439453e+00
5.691584587097167969e+00
5.715831279754638672e+00
5.731703758239746094e+00
5.691501140594482422e+00
5.671150207519531250e+00
5.674299240112304688e+00
5.596657752990722656e+00
5.674549579620361328e+00
5.788865089416503906e+00
5.699919700622558594e+00
5.649628162384033203e+00
5.683180809020996094e+00
5.607513904571533203e+00
5.737493038177490234e+00
5.721398830413818359e+00
5.628841400146484375e+00
5.735147953033447266e+00
5.892473220825195312e+00
5.749692916870117188e+00
5.607226371765136719e+00
5.644013404846191406e+00
5.681107997894287109e+00
5.680983066558837891e+00
5.631771087646484375e+00
5.709669589996337891e+00
5.738473415374755859e+00
5.713835239410400391e+00
5.677261352539062500e+00
5.584276199340820312e+00
5.652740478515625000e+00
5.732426643371582031e+00
5.741545677185058594e+00
5.756110191345214844e+00
5.791790008544921875e+00
5.653366565704345703e+00
5.614453315734863281e+00
5.638490676879882812e+00
5.818815231323242188e+00
5.647910594940185547e+00
5.627386093139648438e+00
5.706996440887451172e+00
5.657265663146972656e+00
5.573624610900878906e+00
5.757923603057861328e+00
5.631560802459716797e+00
5.718255996704101562e+00
5.604785919189453125e+00
5.629484176635742188e+00
5.653981208801269531e+00
5.724683284759521484e+00
5.583715438842773438e+00
5.593877315521240234e+00
5.646698474884033203e+00
5.681072711944580078e+00
5.648116111755371094e+00
5.684878349304199219e+00
5.668640136718750000e+00
5.590027809143066406e+00
5.563948631286621094e+00
5.603723526000976562e+00
5.777856826782226562e+00
5.867629051208496094e+00
5.564296722412109375e+00
5.594650268554687500e+00
5.955886363983154297e+00
5.711608886718750000e+00
5.582083702087402344e+00
5.672825336456298828e+00
5.650994777679443359e+00
5.720930099487304688e+00
5.735743522644042969e+00
5.673064231872558594e+00
5.619053363800048828e+00
5.729913234710693359e+00
5.564554214477539062e+00
5.639168739318847656e+00
5.630929946899414062e+00
5.647013664245605469e+00
5.596457481384277344e+00
5.627588272094726562e+00
5.692180156707763672e+00
5.809734344482421875e+00
5.648009777069091797e+00
5.747879028320312500e+00
5.592527866363525391e+00
5.733410358428955078e+00
5.563454627990722656e+00
5.635118484497070312e+00
5.761248588562011719e+00
5.668320655822753906e+00
5.699777126312255859e+00
5.583876609802246094e+00
5.723043441772460938e+00
5.784891605377197266e+00
5.663702011108398438e+00
5.806913852691650391e+00
5.686503887176513672e+00
5.710247993469238281e+00
5.626103401184082031e+00
5.652197837829589844e+00
5.661853790283203125e+00
5.632710456848144531e+00
5.711471080780029297e+00
5.634521007537841797e+00
5.770746231079101562e+00
5.610897064208984375e+00
5.582754611968994141e+00
5.586278438568115234e+00
5.639439582824707031e+00
5.564260959625244141e+00
5.645935535430908203e+00
5.641051769256591797e+00
5.724317073822021484e+00
5.620697021484375000e+00
5.794166564941406250e+00
5.672220706939697266e+00
5.695123195648193359e+00
5.719667434692382812e+00
5.592450618743896484e+00
5.647933483123779297e+00
5.690026283264160156e+00
5.622979640960693359e+00
5.628502368927001953e+00
5.570275783538818359e+00
5.767311096191406250e+00
5.617506504058837891e+00
5.671258926391601562e+00
5.701563835144042969e+00
5.780467987060546875e+00
5.663158416748046875e+00
5.631586074829101562e+00
5.531444549560546875e+00
5.725758552551269531e+00
5.633947849273681641e+00
5.734866142272949219e+00
5.619624137878417969e+00
5.660950660705566406e+00
5.607407569885253906e+00
5.591265678405761719e+00
5.579584598541259766e+00
5.624083042144775391e+00
5.662056922912597656e+00
5.664248466491699219e+00
5.691023349761962891e+00
5.636678695678710938e+00
5.740348339080810547e+00
5.663823127746582031e+00
5.598446846008300781e+00
5.603724002838134766e+00
5.672657012939453125e+00
5.782836914062500000e+00
5.693869590759277344e+00
5.760752677917480469e+00
5.710732460021972656e+00
5.690602779388427734e+00
5.587000370025634766e+00
5.766936302185058594e+00
5.697368144989013672e+00
5.707907676696777344e+00
5.607693195343017578e+00
5.732268810272216797e+00
5.859527111053466797e+00
5.639859199523925781e+00
5.666688919067382812e+00
5.561316490173339844e+00
5.597253322601318359e+00
5.787344932556152344e+00
5.609756469726562500e+00
5.713680267333984375e+00
5.653120040893554688e+00
5.731374263763427734e+00
5.745215415954589844e+00
5.703310966491699219e+00
5.784217834472656250e+00
5.725481986999511719e+00
5.578850746154785156e+00
5.693827152252197266e+00
5.634593486785888672e+00
5.586016654968261719e+00
5.630947589874267578e+00
5.760407447814941406e+00
5.627779483795166016e+00
5.607640743255615234e+00
5.609267234802246094e+00
5.725438594818115234e+00
5.662387371063232422e+00
5.712067604064941406e+00
5.703413486480712891e+00
5.637154102325439453e+00
5.679630279541015625e+00
5.722143173217773438e+00
5.627032756805419922e+00
5.765086174011230469e+00
5.596565723419189453e+00
5.797781467437744141e+00
5.635117530822753906e+00
5.632888793945312500e+00
5.720350265502929688e+00
5.708248138427734375e+00
5.690668582916259766e+00
5.578287124633789062e+00
