6.852288246154785156e+00
6.738544940948486328e+00
6.523854255676269531e+00
6.461956024169921875e+00
6.339732646942138672e+00
6.377503395080566406e+00
6.297839164733886719e+00
6.333767414093017578e+00
6.171771049499511719e+00
6.473671913146972656e+00
6.267386436462402344e+00
6.284691333770751953e+00
6.224687099456787109e+00
6.149610996246337891e+00
6.110203266143798828e+00
6.075625419616699219e+00
6.152564048767089844e+00
6.219671249389648438e+00
6.061322212219238281e+00
6.108403682708740234e+00
6.073279857635498047e+00
6.047981739044189453e+00
6.058838844299316406e+00
6.049451828002929688e+00
6.088006496429443359e+00
5.937510967254638672e+00
6.001709938049316406e+00
6.042629718780517578e+00
6.030845642089843750e+00
5.943721771240234375e+00
5.902233123779296875e+00
6.056618690490722656e+00
6.042883396148681641e+00
5.923117637634277344e+00
6.046908855438232422e+00
6.123661994934082031e+00
6.009465694427490234e+00
5.911703109741210938e+00
5.875380992889404297e+00
5.863904476165771484e+00
5.920928001403808594e+00
6.093282699584960938e+00
5.913635253906250000e+00
5.790478706359863281e+00
5.924440383911132812e+00
5.919422626495361328e+00
5.965341091156005859e+00
5.883731365203857422e+00
5.933442115783691406e+00
6.069996833801269531e+00
5.968104362487792969e+00
5.953029155731201172e+00
5.737569332122802734e+00
5.879603385925292969e+00
6.033988952636718750e+00
5.961258411407470703e+00
5.914176940917968750e+00
5.953612327575683594e+00
5.972143173217773438e+00
5.867894172668457031e+00
5.851779460906982422e+00
5.879367828369140625e+00
5.844141960144042969e+00
5.903920173645019531e+00
5.985015869140625000e+00
5.835769176483154297e+00
5.954285144805908203e+00
6.079874992370605469e+00
5.888234615325927734e+00
5.959834098815917969e+00
5.825148582458496094e+00
5.842255592346191406e+00
5.804066658020019531e+00
5.853809356689453125e+00
5.982945442199707031e+00
5.908658981323242188e+00
5.873714447021484375e+00
5.858001232147216797e+00
5.774923801422119141e+00
5.880021095275878906e+00
5.788042068481445312e+00
5.915834426879882812e+00
5.974748611450195312e+00
5.937923431396484375e+00
5.915769577026367188e+00
6.040838241577148438e+00
5.780184745788574219e+00
5.787110328674316406e+00
5.850001811981201172e+00
5.878249645233154297e+00
5.837678432464599609e+00
5.913081169128417969e+00
5.817950248718261719e+00
5.817616462707519531e+00
5.844820022583007812e+00
5.866735458374023438e+00
5.759831428527832031e+00
5.775929927825927734e+00
5.924832820892333984e+00
5.906789779663085938e+00
5.780434608459472656e+00
5.733688354492187500e+00
5.795912742614746094e+00
5.855108737945556641e+00
5.825615882873535156e+00
5.799045085906982422e+00
5.758237838745117188e+00
5.899392127990722656e+00
5.803096771240234375e+00
5.894374847412109375e+00
5.722655773162841797e+00
5.933779239654541016e+00
5.809222698211669922e+00
5.859488010406494141e+00
5.764791488647460938e+00
5.915154457092285156e+00
5.785837173461914062e+00
5.775636672973632812e+00
5.751834869384765625e+00
5.714211463928222656e+00
5.907702445983886719e+00
5.928397178649902344e+00
5.779590129852294922e+00
5.762475967407226562e+00
5.891166210174560547e+00
5.733777046203613281e+00
5.921297073364257812e+00
5.730267047882080078e+00
5.757442951202392578e+00
5.993065834045410156e+00
5.758002281188964844e+00
5.879621505737304688e+00
5.794011116027832031e+00
5.768830299377441406e+00
5.904604911804199219e+00
5.759995460510253906e+00
5.752011775970458984e+00
5.788052082061767578e+00
5.703277587890625000e+00
5.860718727111816406e+00
5.954279422760009766e+00
5.842795848846435547e+00
5.908837318420410156e+00
5.842133998870849609e+00
5.966535568237304688e+00
5.910754680633544922e+00
5.728299140930175781e+00
5.774442195892333984e+00
5.895823478698730469e+00
5.736604690551757812e+00
5.941697120666503906e+00
5.751942634582519531e+00
5.722977638244628906e+00
5.820085048675537109e+00
5.795716285705566406e+00
5.908679008483886719e+00
5.782534599304199219e+00
5.866372585296630859e+00
5.773266792297363281e+00
5.903225898742675781e+00
5.980798721313476562e+00
5.779735088348388672e+00
5.870244026184082031e+00
5.887519836425781250e+00
5.739770889282226562e+00
5.755504131317138672e+00
5.957846164703369141e+00
5.842129230499267578e+00
5.846502304077148438e+00
5.833826065063476562e+00
5.843572616577148438e+00
5.752216339111328125e+00
5.785085678100585938e+00
5.814195632934570312e+00
5.910965919494628906e+00
5.772047996520996094e+00
5.799446105957031250e+00
5.776536464691162109e+00
5.904634475708007812e+00
5.787320137023925781e+00
5.662608146667480469e+00
5.893125534057617188e+00
5.755977153778076172e+00
5.811887741088867188e+00
5.748150825500488281e+00
5.799533843994140625e+00
5.728644371032714844e+00
5.802461624145507812e+00
5.706980228424072266e+00
5.737628459930419922e+00
5.755720615386962891e+00
5.706120967864990234e+00
5.725467681884765625e+00
5.797815322875976562e+00
5.771866321563720703e+00
5.752436637878417969e+00
5.732057571411132812e+00
5.783537864685058594e+00
5.754532814025878906e+00
5.884573936462402344e+00
5.686956405639648438e+00
5.800392627716064453e+00
5.726421833038330078e+00
5.824354648590087891e+00
5.742259025573730469e+00
5.902935028076171875e+00
5.776570320129394531e+00
5.733265876770019531e+00
5.874687671661376953e+00
5.931272983551025391e+00
5.858431816101074219e+00
5.898709297180175781e+00
5.879621505737304688e+00
5.763460636138916016e+00
5.940593719482421875e+00
5.815611362457275391e+00
5.726798534393310547e+00
5.779242515563964844e+00
5.718565464019775391e+00
5.892107009887695312e+00
5.871901988983154297e+00
5.803459644317626953e+00
5.746288776397705078e+00
5.966468811035156250e+00
5.773972511291503906e+00
5.786975860595703125e+00
5.841515064239501953e+00
5.854649543762207031e+00
5.872183322906494141e+00
5.867703437805175781e+00
5.874673366546630859e+00
5.973043918609619141e+00
5.767580986022949219e+00
5.812507629394531250e+00
5.710297584533691406e+00
5.761960029602050781e+00
5.897676467895507812e+00
5.675672531127929688e+00
5.964688777923583984e+00
6.046678066253662109e+00
5.685315132141113281e+00
5.743360042572021484e+00
5.785186290740966797e+00
5.704232692718505859e+00
5.677860260009765625e+00
5.774997711181640625e+00
5.680110931396484375e+00
5.757964134216308594e+00
5.679875373840332031e+00
5.673687934875488281e+00
5.715358734130859375e+00
5.776244163513183594e+00
5.745531558990478516e+00
5.761495113372802734e+00
5.691233158111572266e+00
5.747391700744628906e+00
5.760266780853271484e+00
5.801628589630126953e+00
5.791303634643554688e+00
5.867188453674316406e+00
5.762328147888183594e+00
5.747789859771728516e+00
5.910167217254638672e+00
5.761846542358398438e+00
5.968486785888671875e+00
5.744045734405517578e+00
5.691973686218261719e+00
5.921364784240722656e+00
5.721966743469238281e+00
5.753304958343505859e+00
5.828402519226074219e+00
5.758603096008300781e+00
5.712612152099609375e+00
5.773747444152832031e+00
5.784040451049804688e+00
5.802043437957763672e+00
5.708785057067871094e+00
5.688916206359863281e+00
5.818804740905761719e+00
5.648027896881103516e+00
5.811631202697753906e+00
5.814923763275146484e+00
5.792280197143554688e+00
5.892888069152832031e+00
5.697018146514892578e+00
5.663881778717041016e+00
5.693423748016357422e+00
5.741423606872558594e+00
5.833080768585205078e+00
5.739852428436279297e+00
5.681808471679687500e+00
5.740128040313720703e+00
5.745019912719726562e+00
5.710439682006835938e+00
5.899854183197021484e+00
5.666984558105468750e+00
5.640460968017578125e+00
5.718350887298583984e+00
5.679654598236083984e+00
5.733302593231201172e+00
5.713104724884033203e+00
5.686886310577392578e+00
5.736636161804199219e+00
5.790303707122802734e+00
5.683013916015625000e+00
5.846616268157958984e+00
5.749249935150146484e+00
5.773777961730957031e+00
5.749585151672363281e+00
5.615952491760253906e+00
5.695234775543212891e+00
5.667096138000488281e+00
5.743625640869140625e+00
5.963782310485839844e+00
5.731546878814697266e+00
5.707955360412597656e+00
5.829302310943603516e+00
5.734682083129882812e+00
5.696148872375488281e+00
5.620535850524902344e+00
5.608585357666015625e+00
5.788142204284667969e+00
5.670775890350341797e+00
5.760001182556152344e+00
5.881151676177978516e+00
5.607841968536376953e+00
5.759193420410156250e+00
5.787449836730957031e+00
5.822206497192382812e+00
5.790585517883300781e+00
5.731509208679199219e+00
5.697503089904785156e+00
5.666786670684814453e+00
5.809164047241210938e+00
5.722865104675292969e+00
5.726140499114990234e+00
5.922776222229003906e+00
5.840497970581054688e+00
5.674699783325195312e+00
5.676881790161132812e+00
5.687216758728027344e+00
5.767768859863281250e+00
5.656499862670898438e+00
5.676766872406005859e+00
5.680483341217041016e+00
5.733484268188476562e+00
5.783266544342041016e+00
5.846301078796386719e+00
5.801594734191894531e+00
5.702269077301025391e+00
5.743404388427734375e+00
5.740707397460937500e+00
5.671307086944580078e+00
5.679493904113769531e+00
5.689436912536621094e+00
5.651407241821289062e+00
5.730388641357421875e+00
5.724856376647949219e+00
5.717471599578857422e+00
5.770212173461914062e+00
5.699993610382080078e+00
5.617910861968994141e+00
5.727681636810302734e+00
5.884747982025146484e+00
5.711015701293945312e+00
5.713304996490478516e+00
5.785264968872070312e+00
5.790085792541503906e+00
5.640256881713867188e+00
5.807894229888916016e+00
5.757190704345703125e+00
5.648126602172851562e+00
5.631993770599365234e+00
5.677530288696289062e+00
5.846102237701416016e+00
5.717164993286132812e+00
5.673457622528076172e+00
5.684767723083496094e+00
5.776510715484619141e+00
5.651459693908691406e+00
5.682265758514404297e+00
5.715469360351562500e+00
5.662299156188964844e+00
5.769969940185546875e+00
5.605726718902587891e+00
5.892732620239257812e+00
5.697694778442382812e+00
5.732069015502929688e+00
5.720528602600097656e+00
5.797713279724121094e+00
5.749670982360839844e+00
5.654309749603271484e+00
5.677062511444091797e+00
5.672850131988525391e+00
5.614437103271484375e+00
5.823153018951416016e+00
5.776323318481445312e+00
5.777959823608398438e+00
5.675812244415283203e+00
5.673387527465820312e+00
5.761607646942138672e+00
5.757530212402343750e+00
5.726173400878906250e+00
5.690804481506347656e+00
5.659648418426513672e+00
5.645551681518554688e+00
5.707393169403076172e+00
5.696394920349121094e+00
5.659452915191650391e+00
5.717929363250732422e+00
5.816908359527587891e+00
5.729336261749267578e+00
5.595988273620605469e+00
5.685747623443603516e+00
5.645655155181884766e+00
5.690603256225585938e+00
5.671020507812500000e+00
5.647881984710693359e+00
5.653762340545654297e+00
5.634968757629394531e+00
5.782852172851562500e+00
5.833696842193603516e+00
5.743589401245117188e+00
5.806773185729980469e+00
5.697904109954833984e+00
5.768270015716552734e+00
5.612092494964599609e+00
5.696856498718261719e+00
5.684125423431396484e+00
5.614515781402587891e+00
5.728676319122314453e+00
5.618142127990722656e+00
5.756893157958984375e+00
5.591666698455810547e+00
5.833497047424316406e+00
5.606158256530761719e+00
5.723039627075195312e+00
5.660319328308105469e+00
5.708206653594970703e+00
5.838593959808349609e+00
5.609186172485351562e+00
5.656140804290771484e+00
5.711673736572265625e+00
5.768168926239013672e+00
5.861820220947265625e+00
5.726712226867675781e+00
5.925909996032714844e+00
5.663139343261718750e+00
5.776256084442138672e+00
5.762035369873046875e+00
5.610945224761962891e+00
5.750773429870605469e+00
5.833899497985839844e+00
5.828807353973388672e+00
5.680052280426025391e+00
5.614536285400390625e+00
5.672883510589599609e+00
5.869974613189697266e+00
5.743283271789550781e+00
5.682777881622314453e+00
5.680380821228027344e+00
5.672053813934326172e+00
5.651054382324218750e+00
5.645819664001464844e+00
5.684331417083740234e+00
5.697275638580322266e+00
5.832365036010742188e+00
5.665751934051513672e+00
5.613132476806640625e+00
5.761540412902832031e+00
5.765424728393554688e+00
5.640500068664550781e+00
5.857944488525390625e+00
5.788252353668212891e+00
5.657459259033203125e+00
5.761572360992431641e+00
5.766140937805175781e+00
5.706954002380371094e+00
5.720831394195556641e+00
5.737225532531738281e+00
5.749620914459228516e+00
5.580521106719970703e+00
5.609880924224853516e+00
5.864224433898925781e+00
5.652657508850097656e+00
5.715759277343750000e+00
5.571644783020019531e+00
5.859969139099121094e+00
5.711071968078613281e+00
5.839475154876708984e+00
5.812585830688476562e+00
5.663043975830078125e+00
5.772531509399414062e+00
5.776671409606933594e+00
5.710782051086425781e+00
5.623758792877197266e+00
5.790644168853759766e+00
5.661638259887695312e+00
5.662811279296875000e+00
5.580394744873046875e+00
5.691174030303955078e+00
5.644500255584716797e+00
5.688318252563476562e+00
5.731222629547119141e+00
5.704852104187011719e+00
5.659302711486816406e+00
5.581724166870117188e+00
5.659426212310791016e+00
5.589434146881103516e+00
5.740029335021972656e+00
5.742398738861083984e+00
5.668411254882812500e+00
5.668440818786621094e+00
5.644744873046875000e+00
5.609462261199951172e+00
5.631544589996337891e+00
5.652413368225097656e+00
5.691633224487304688e+00
5.697751522064208984e+00
5.760974407196044922e+00
5.558650493621826172e+00
5.606164932250976562e+00
5.569065570831298828e+00
5.663139343261718750e+00
5.660709381103515625e+00
5.720523834228515625e+00
5.632849693298339844e+00
5.744486808776855469e+00
5.669788837432861328e+00
5.643794536590576172e+00
5.741810798645019531e+00
5.752400398254394531e+00
5.713099002838134766e+00
5.722278594970703125e+00
5.598720550537109375e+00
5.621703147888183594e+00
5.678249359130859375e+00
5.662746429443359375e+00
5.653535366058349609e+00
5.667383193969726562e+00
5.623991489410400391e+00
5.644038677215576172e+00
5.688622951507568359e+00
5.756515502929687500e+00
5.662990093231201172e+00
5.710261344909667969e+00
5.702319145202636719e+00
5.615964889526367188e+00
5.722814559936523438e+00
5.849905967712402344e+00
5.618702411651611328e+00
5.649065971374511719e+00
5.712486267089843750e+00
5.602282047271728516e+00
5.648326396942138672e+00
5.647096157073974609e+00
5.755231380462646484e+00
5.574310302734375000e+00
5.628128528594970703e+00
5.714421272277832031e+00
5.607802867889404297e+00
5.606401443481445312e+00
5.765654563903808594e+00
5.602714538574218750e+00
5.583475112915039062e+00
5.655764102935791016e+00
5.626099586486816406e+00
5.702967643737792969e+00
5.550909519195556641e+00
5.608294486999511719e+00
5.612255096435546875e+00
5.592856407165527344e+00
5.621903896331787109e+00
5.604442596435546875e+00
5.686568260192871094e+00
5.696247100830078125e+00
5.657826423645019531e+00
5.722121238708496094e+00
5.530216693878173828e+00
5.747597694396972656e+00
5.666698932647705078e+00
5.672740936279296875e+00
5.767162322998046875e+00
5.683039188385009766e+00
5.620468616485595703e+00
5.664103984832763672e+00
5.653906345367431641e+00
5.615638732910156250e+00
5.670387744903564453e+00
5.801171779632568359e+00
5.599768638610839844e+00
5.662911415100097656e+00
5.659777641296386719e+00
5.643963336944580078e+00
5.653478622436523438e+00
5.588608264923095703e+00
5.670243263244628906e+00
5.720769882202148438e+00
5.830451488494873047e+00
5.599074363708496094e+00
5.709491729736328125e+00
5.671130657196044922e+00
5.661604881286621094e+00
5.619002819061279297e+00
5.622190475463867188e+00
5.639750003814697266e+00
5.596925735473632812e+00
5.797495841979980469e+00
5.605215072631835938e+00
5.788726329803466797e+00
5.610737800598144531e+00
5.573629856109619141e+00
5.573991775512695312e+00
5.754359245300292969e+00
5.666853427886962891e+00
5.599720001220703125e+00
5.651478767395019531e+00
5.563495635986328125e+00
5.681285858154296875e+00
5.599846839904785156e+00
5.654676914215087891e+00
5.544766902923583984e+00
5.633341312408447266e+00
5.607700347900390625e+00
5.692503929138183594e+00
5.714647293090820312e+00
5.614108085632324219e+00
5.755678653717041016e+00
5.532912254333496094e+00
5.744373798370361328e+00
5.580609321594238281e+00
5.706541061401367188e+00
5.704463958740234375e+00
5.696552276611328125e+00
5.621983051300048828e+00
5.587124824523925781e+00
5.628159046173095703e+00
5.647299766540527344e+00
5.750361919403076172e+00
5.677080154418945312e+00
5.687757968902587891e+00
5.598880767822265625e+00
5.675562381744384766e+00
5.812254905700683594e+00
5.705515384674072266e+00
5.666926860809326172e+00
5.658636093139648438e+00
5.611638545989990234e+00
5.616143226623535156e+00
5.643362998962402344e+00
5.705545425415039062e+00
5.816690444946289062e+00
5.803477764129638672e+00
5.703926563262939453e+00
5.687562942504882812e+00
5.748852729797363281e+00
5.714595794677734375e+00
5.699604988098144531e+00
5.758992671966552734e+00
5.581909179687500000e+00
5.612485885620117188e+00
5.712329387664794922e+00
5.634119033813476562e+00
5.607581615447998047e+00
5.813507080078125000e+00
5.607393741607666016e+00
5.656367778778076172e+00
5.560624599456787109e+00
5.719030857086181641e+00
5.578999519348144531e+00
5.616733551025390625e+00
5.635103225708007812e+00
5.706810951232910156e+00
5.568151473999023438e+00
5.600818157196044922e+00
5.650745391845703125e+00
5.612835884094238281e+00
5.720196723937988281e+00
5.642268657684326172e+00
5.699405193328857422e+00
5.593444824218750000e+00
5.660616874694824219e+00
5.593422889709472656e+00
5.665361404418945312e+00
5.596369743347167969e+00
5.593239307403564453e+00
5.600944995880126953e+00
5.865272045135498047e+00
5.607157230377197266e+00
5.615330219268798828e+00
5.656837940216064453e+00
5.723376274108886719e+00
5.752253055572509766e+00
5.636152744293212891e+00
5.780434608459472656e+00
5.561119079589843750e+00
5.640323638916015625e+00
5.597047328948974609e+00
5.623622894287109375e+00
5.666031360626220703e+00
5.559066772460937500e+00
5.594288825988769531e+00
5.641055107116699219e+00
5.602581977844238281e+00
5.610862731933593750e+00
5.544533729553222656e+00
5.655923843383789062e+00
5.614852428436279297e+00
5.681203842163085938e+00
5.697451591491699219e+00
5.672454357147216797e+00
5.694930076599121094e+00
5.652905941009521484e+00
5.608300685882568359e+00
5.641458034515380859e+00
5.793587684631347656e+00
5.722113609313964844e+00
5.591034412384033203e+00
5.658695220947265625e+00
5.742484569549560547e+00
5.773352146148681641e+00
5.665612220764160156e+00
5.820137500762939453e+00
5.671707153320312500e+00
5.780508995056152344e+00
5.674733638763427734e+00
5.629145622253417969e+00
5.750604629516601562e+00
5.613874435424804688e+00
5.628479003906250000e+00
5.600601196289062500e+00
5.599592208862304688e+00
5.666406631469726562e+00
5.768971443176269531e+00
5.762845039367675781e+00
5.673987388610839844e+00
5.654763221740722656e+00
5.599618434906005859e+00
5.592599391937255859e+00
5.592119693756103516e+00
5.643372058868408203e+00
5.594243049621582031e+00
5.996056079864501953e+00
5.730955123901367188e+00
5.665699005126953125e+00
5.685258865356445312e+00
5.641126632690429688e+00
5.719145774841308594e+00
5.680412292480468750e+00
5.668716430664062500e+00
5.583191871643066406e+00
5.723185539245605469e+00
5.741915225982666016e+00
5.750050067901611328e+00
5.630633354187011719e+00
5.568963527679443359e+00
5.563429832458496094e+00
5.690135955810546875e+00
5.666325092315673828e+00
5.685560703277587891e+00
5.605892181396484375e+00
5.600570678710937500e+00
5.600734233856201172e+00
5.702883720397949219e+00
5.618342399597167969e+00
5.616505622863769531e+00
5.719141483306884766e+00
5.584638118743896484e+00
5.669204235076904297e+00
5.594768047332763672e+00
5.731577873229980469e+00
5.600970268249511719e+00
5.769678115844726562e+00
5.628098487854003906e+00
5.739862442016601562e+00
5.688286781311035156e+00
5.579594135284423828e+00
5.637097835540771484e+00
5.636188507080078125e+00
5.686986446380615234e+00
5.606709480285644531e+00
5.716533660888671875e+00
5.633180141448974609e+00
5.625945091247558594e+00
5.767438411712646484e+00
5.699218273162841797e+00
5.693592071533203125e+00
5.619403839111328125e+00
5.701720714569091797e+00
5.691529273986816406e+00
5.725097179412841797e+00
5.757587909698486328e+00
5.641583442687988281e+00
5.896313190460205078e+00
5.746056079864501953e+00
5.692834854125976562e+00
5.640396118164062500e+00
5.678522109985351562e+00
5.682320594787597656e+00
5.639370441436767578e+00
5.697095394134521484e+00
5.592984199523925781e+00
5.644388198852539062e+00
5.619258403778076172e+00
5.643396377563476562e+00
5.644427299499511719e+00
5.521684646606445312e+00
5.662204742431640625e+00
5.673686981201171875e+00
5.694416046142578125e+00
5.539422512054443359e+00
5.781520366668701172e+00
5.566690444946289062e+00
5.688141822814941406e+00
5.633020877838134766e+00
5.616419315338134766e+00
5.679116249084472656e+00
5.573222160339355469e+00
5.644246578216552734e+00
5.581168651580810547e+00
5.994834899902343750e+00
5.607014656066894531e+00
5.647888183593750000e+00
5.682457923889160156e+00
5.816714763641357422e+00
5.650134563446044922e+00
5.583276271820068359e+00
5.605548858642578125e+00
5.566424846649169922e+00
5.618849754333496094e+00
5.598527908325195312e+00
5.645652770996093750e+00
5.674299240112304688e+00
5.654590606689453125e+00
5.712297916412353516e+00
5.687235832214355469e+00
5.660156726837158203e+00
5.581350326538085938e+00
5.566351890563964844e+00
5.590229988098144531e+00
5.642761230468750000e+00
5.793669700622558594e+00
5.701251029968261719e+00
5.603822708129882812e+00
5.631405353546142578e+00
5.616720199584960938e+00
5.575091361999511719e+00
5.701313972473144531e+00
5.764803886413574219e+00
5.708398342132568359e+00
5.769330978393554688e+00
5.535962104797363281e+00
5.590323925018310547e+00
5.690725326538085938e+00
5.723974227905273438e+00
5.884608745574951172e+00
5.630946159362792969e+00
5.623755931854248047e+00
5.649261951446533203e+00
5.696269512176513672e+00
5.638604164123535156e+00
5.628563880920410156e+00
5.600720882415771484e+00
5.584157943725585938e+00
5.659049034118652344e+00
5.662545204162597656e+00
5.577371597290039062e+00
5.679565906524658203e+00
5.649355411529541016e+00
5.548994541168212891e+00
5.598555088043212891e+00
5.609318256378173828e+00
5.677385330200195312e+00
5.682488441467285156e+00
5.805959701538085938e+00
5.697025299072265625e+00
5.822601795196533203e+00
5.654592037200927734e+00
5.604495048522949219e+00
5.567342758178710938e+00
5.681662082672119141e+00
5.580184936523437500e+00
5.613503456115722656e+00
5.606418609619140625e+00
5.670795440673828125e+00
5.524077415466308594e+00
5.635022163391113281e+00
5.636019229888916016e+00
5.823377609252929688e+00
5.722268104553222656e+00
5.554740428924560547e+00
5.642374038696289062e+00
5.585872650146484375e+00
5.610953330993652344e+00
5.731752395629882812e+00
5.588677406311035156e+00
5.627836704254150391e+00
5.626612663269042969e+00
5.524074554443359375e+00
5.742112636566162109e+00
5.702468395233154297e+00
5.647313594818115234e+00
5.572431564331054688e+00
5.533231258392333984e+00
5.688066482543945312e+00
5.603528976440429688e+00
5.676360607147216797e+00
5.664940834045410156e+00
5.676929473876953125e+00
5.566832065582275391e+00
5.642315864562988281e+00
5.639168739318847656e+00
5.534197807312011719e+00
5.542212486267089844e+00
5.851922988891601562e+00
5.617494583129882812e+00
5.602600097656250000e+00
5.656082153320312500e+00
5.623850822448730469e+00
5.672457695007324219e+00
5.718909740447998047e+00
5.782803058624267578e+00
5.609592437744140625e+00
5.555253982543945312e+00
5.670542716979980469e+00
5.666068077087402344e+00
5.741985321044921875e+00
5.586724281311035156e+00
5.567632675170898438e+00
5.621235370635986328e+00
5.745800018310546875e+00
5.590165615081787109e+00
5.640448570251464844e+00
5.642313480377197266e+00
5.651866912841796875e+00
5.612080574035644531e+00
5.600322246551513672e+00
5.531786918640136719e+00
5.618772029876708984e+00
5.677776336669921875e+00
5.627850532531738281e+00
5.627279758453369141e+00
5.577228069305419922e+00
5.706794738769531250e+00
5.700889110565185547e+00
5.612277984619140625e+00
5.584050655364990234e+00
5.622601032257080078e+00
5.573211669921875000e+00
5.667711257934570312e+00
5.631249427795410156e+00
5.596159934997558594e+00
5.640064239501953125e+00
5.600012302398681641e+00
5.712701797485351562e+00
5.683221817016601562e+00
5.726824760437011719e+00
5.719004154205322266e+00
5.533507347106933594e+00
5.705197334289550781e+00
5.626009941101074219e+00
5.631267547607421875e+00
5.704958915710449219e+00
5.562355995178222656e+00
5.589961051940917969e+00
5.628432750701904297e+00
5.620998382568359375e+00
5.601149082183837891e+00
5.625855922698974609e+00
5.605349540710449219e+00
