1.865169554948806763e-01
1.527472436428070068e-01
1.119473949074745178e-01
8.850713819265365601e-02
5.781291797757148743e-02
5.930583458393812180e-03
-3.252173960208892822e-02
-7.506828755140304565e-02
-1.325343549251556396e-01
-1.869791150093078613e-01
-2.246375679969787598e-01
-2.872016131877899170e-01
-3.347087204456329346e-01
-4.033442139625549316e-01
-4.266528189182281494e-01
-4.472296833992004395e-01
-4.828731715679168701e-01
-4.806986153125762939e-01
-5.223733186721801758e-01
-5.308267474174499512e-01
-5.913950800895690918e-01
-5.834977030754089355e-01
-6.244499683380126953e-01
-5.778352618217468262e-01
-5.864834189414978027e-01
-6.121730208396911621e-01
-6.242604255676269531e-01
-6.407245993614196777e-01
-6.259474158287048340e-01
-6.348069310188293457e-01
-6.646137237548828125e-01
-6.959530115127563477e-01
-6.256935000419616699e-01
-6.791919469833374023e-01
-7.057148218154907227e-01
-7.327174544334411621e-01
-6.933087706565856934e-01
-7.265046834945678711e-01
-7.065097689628601074e-01
-7.493520379066467285e-01
-7.413436174392700195e-01
-7.550659179687500000e-01
-7.427623867988586426e-01
-7.462644577026367188e-01
-7.597594261169433594e-01
-7.834644317626953125e-01
-7.677782177925109863e-01
-7.323440909385681152e-01
-7.245066165924072266e-01
-7.493227124214172363e-01
-7.791985869407653809e-01
-8.060217499732971191e-01
-7.936798930168151855e-01
-7.913904190063476562e-01
-7.843859195709228516e-01
-8.062459230422973633e-01
-8.085084557533264160e-01
-7.760087847709655762e-01
-8.199758529663085938e-01
-8.198133707046508789e-01
-8.311562538146972656e-01
-8.331101536750793457e-01
-8.052655458450317383e-01
-8.346735835075378418e-01
-8.234226107597351074e-01
-8.452451229095458984e-01
-8.589021563529968262e-01
-8.581612110137939453e-01
-8.209694027900695801e-01
-8.418468832969665527e-01
-8.616073727607727051e-01
-8.563820123672485352e-01
-8.711846470832824707e-01
-8.603805303573608398e-01
-8.368585705757141113e-01
-8.889402151107788086e-01
-8.786265254020690918e-01
-9.037855267524719238e-01
-8.634258508682250977e-01
-8.802210688591003418e-01
-8.525230288505554199e-01
-8.846157193183898926e-01
-8.965995907783508301e-01
-9.086058139801025391e-01
-8.714680671691894531e-01
-8.922299742698669434e-01
-9.053351283073425293e-01
-8.911376595497131348e-01
-9.174985885620117188e-01
-8.909871578216552734e-01
-8.859970569610595703e-01
-9.552126526832580566e-01
-8.991009593009948730e-01
-9.149512648582458496e-01
-8.921445012092590332e-01
-9.176179170608520508e-01
-9.169801473617553711e-01
-9.240196943283081055e-01
-9.314917922019958496e-01
-9.310124516487121582e-01
-9.192352294921875000e-01
-9.172474145889282227e-01
-9.457923769950866699e-01
-8.921777009963989258e-01
-9.018591642379760742e-01
-9.441606998443603516e-01
-9.296362996101379395e-01
-9.292621612548828125e-01
-9.540615677833557129e-01
-9.050456881523132324e-01
-9.682106971740722656e-01
-9.446967244148254395e-01
-9.774755835533142090e-01
-9.280628561973571777e-01
-9.776189327239990234e-01
-9.614220261573791504e-01
-9.502183198928833008e-01
-9.560347199440002441e-01
-9.129257798194885254e-01
-9.652226567268371582e-01
-9.792388677597045898e-01
-9.531591534614562988e-01
-1.004094243049621582e+00
-9.827824234962463379e-01
-9.744918942451477051e-01
-9.435103535652160645e-01
-9.752470254898071289e-01
-1.015902042388916016e+00
-9.918961524963378906e-01
-1.007065057754516602e+00
-1.003408908843994141e+00
-9.544616937637329102e-01
-9.581122994422912598e-01
-9.752638339996337891e-01
-9.820843338966369629e-01
-9.728403091430664062e-01
-9.828456640243530273e-01
-1.017497062683105469e+00
-9.862685203552246094e-01
-1.002661108970642090e+00
-9.962446093559265137e-01
-9.586827754974365234e-01
-1.026798129081726074e+00
-1.012671113014221191e+00
-1.019656181335449219e+00
-1.029564380645751953e+00
-9.813046455383300781e-01
-9.533383250236511230e-01
-1.040399312973022461e+00
-1.026078462600708008e+00
-9.926676750183105469e-01
-9.709171652793884277e-01
-1.030895829200744629e+00
-1.024985909461975098e+00
-9.910838603973388672e-01
-1.037214994430541992e+00
-1.042783021926879883e+00
-9.797164797782897949e-01
-1.058610677719116211e+00
-1.056598067283630371e+00
-1.010664463043212891e+00
-1.059573769569396973e+00
-9.988477230072021484e-01
-1.047868967056274414e+00
-1.067424416542053223e+00
-1.051386475563049316e+00
-1.056413292884826660e+00
-1.008218407630920410e+00
-1.055596709251403809e+00
-1.040294289588928223e+00
-9.848795533180236816e-01
-9.838374853134155273e-01
-1.050205469131469727e+00
-1.018003463745117188e+00
-1.051937103271484375e+00
-1.022489428520202637e+00
-1.004991650581359863e+00
-1.050186872482299805e+00
-1.049102067947387695e+00
-1.082834243774414062e+00
-1.022923469543457031e+00
-9.935503602027893066e-01
-1.012131810188293457e+00
-1.049374341964721680e+00
-1.048271417617797852e+00
-1.103113412857055664e+00
-1.030872583389282227e+00
-1.010709881782531738e+00
-1.058913826942443848e+00
-1.056222677230834961e+00
-1.094558000564575195e+00
-1.085054636001586914e+00
-1.038787484169006348e+00
-1.106959939002990723e+00
-1.086732149124145508e+00
-1.035500884056091309e+00
-1.046743273735046387e+00
-1.104938626289367676e+00
-1.177458167076110840e+00
-1.061451435089111328e+00
-1.050575613975524902e+00
-1.072629094123840332e+00
-1.076872229576110840e+00
-1.105540752410888672e+00
-1.072663307189941406e+00
-1.052643418312072754e+00
-1.081286549568176270e+00
-1.069489002227783203e+00
-1.126166343688964844e+00
-1.133028745651245117e+00
-1.134886860847473145e+00
-1.151368737220764160e+00
-1.063803315162658691e+00
-1.114660143852233887e+00
-1.087001085281372070e+00
-1.101121902465820312e+00
-1.091261386871337891e+00
-1.097362279891967773e+00
-1.088258147239685059e+00
-1.145781040191650391e+00
-1.111313223838806152e+00
-1.100724220275878906e+00
-1.094991564750671387e+00
-1.160388708114624023e+00
-1.156126141548156738e+00
-1.179962038993835449e+00
-1.066118717193603516e+00
-1.141561031341552734e+00
-1.123352766036987305e+00
-1.117596268653869629e+00
-1.068414688110351562e+00
-1.130923867225646973e+00
-1.090709209442138672e+00
-1.081596016883850098e+00
-1.116947054862976074e+00
-1.112340211868286133e+00
-1.083242774009704590e+00
-1.099542021751403809e+00
-1.111612915992736816e+00
-1.118885159492492676e+00
-1.176004886627197266e+00
-1.085410952568054199e+00
-1.170485377311706543e+00
-1.134820699691772461e+00
-1.153836250305175781e+00
-1.158754706382751465e+00
-1.139577507972717285e+00
-1.116985917091369629e+00
-1.161201715469360352e+00
-1.173430442810058594e+00
-1.104491710662841797e+00
-1.175977468490600586e+00
-1.132655501365661621e+00
-1.167798519134521484e+00
-1.084876179695129395e+00
-1.172045707702636719e+00
-1.204722881317138672e+00
-1.154184103012084961e+00
-1.197264671325683594e+00
-1.184829473495483398e+00
-1.147403955459594727e+00
-1.129289507865905762e+00
-1.215173006057739258e+00
-1.126581788063049316e+00
-1.214606642723083496e+00
-1.163027286529541016e+00
-1.213339090347290039e+00
-1.201743960380554199e+00
-1.218371629714965820e+00
-1.232140064239501953e+00
-1.183404445648193359e+00
-1.223906517028808594e+00
-1.179037094116210938e+00
-1.129556775093078613e+00
-1.217838883399963379e+00
-1.222936987876892090e+00
-1.197864174842834473e+00
-1.181410908699035645e+00
-1.185116529464721680e+00
-1.167616605758666992e+00
-1.164495587348937988e+00
-1.236052513122558594e+00
-1.223929405212402344e+00
-1.149273395538330078e+00
-1.175340414047241211e+00
-1.170155048370361328e+00
-1.150619506835937500e+00
-1.186455011367797852e+00
-1.196479439735412598e+00
-1.241742491722106934e+00
-1.196371674537658691e+00
-1.171749234199523926e+00
-1.183906793594360352e+00
-1.220533967018127441e+00
-1.214842796325683594e+00
-1.175399422645568848e+00
-1.227446079254150391e+00
-1.123072862625122070e+00
-1.215852499008178711e+00
-1.128795385360717773e+00
-1.150353074073791504e+00
-1.152627110481262207e+00
-1.149996876716613770e+00
-1.163913011550903320e+00
-1.176276087760925293e+00
-1.279627919197082520e+00
-1.239196300506591797e+00
-1.132674813270568848e+00
-1.163805007934570312e+00
-1.249666333198547363e+00
-1.250959396362304688e+00
-1.211848378181457520e+00
-1.102516412734985352e+00
-1.264091372489929199e+00
-1.102672219276428223e+00
-1.197228908538818359e+00
-1.228380203247070312e+00
-1.257152199745178223e+00
-1.197706460952758789e+00
-1.225126385688781738e+00
-1.179943680763244629e+00
-1.158357977867126465e+00
-1.217445135116577148e+00
-1.158695459365844727e+00
-1.255150198936462402e+00
-1.192183136940002441e+00
-1.298224091529846191e+00
-1.229820489883422852e+00
-1.212528586387634277e+00
-1.178417801856994629e+00
-1.092666625976562500e+00
-1.343026161193847656e+00
-1.105373382568359375e+00
-1.192251682281494141e+00
-1.302175164222717285e+00
-1.140967965126037598e+00
-1.272509574890136719e+00
-1.221835017204284668e+00
-1.245757222175598145e+00
-1.203713893890380859e+00
-1.224229812622070312e+00
-1.191762328147888184e+00
-1.215470075607299805e+00
-1.220799326896667480e+00
-1.398639559745788574e+00
-1.196068763732910156e+00
-1.281356096267700195e+00
-1.214042782783508301e+00
-1.308483123779296875e+00
-1.283602356910705566e+00
-1.238024830818176270e+00
-1.200336456298828125e+00
-1.287267208099365234e+00
-1.255291342735290527e+00
-1.353129625320434570e+00
-1.193182349205017090e+00
-1.253013014793395996e+00
-1.329895615577697754e+00
-1.244772076606750488e+00
-1.293463587760925293e+00
-1.246269941329956055e+00
-1.278746008872985840e+00
-1.244565248489379883e+00
-1.372522473335266113e+00
-1.190858244895935059e+00
-1.293283343315124512e+00
-1.291441321372985840e+00
-1.184546113014221191e+00
-1.267573356628417969e+00
-1.177377223968505859e+00
-1.372093915939331055e+00
-1.180280089378356934e+00
-1.343379139900207520e+00
-1.333562970161437988e+00
-1.314680218696594238e+00
-1.303521990776062012e+00
-1.199433445930480957e+00
-1.262193679809570312e+00
-1.169080972671508789e+00
-1.226264476776123047e+00
-1.275389075279235840e+00
-1.181217312812805176e+00
-1.345065951347351074e+00
-1.278543114662170410e+00
-1.214107155799865723e+00
-1.267479419708251953e+00
-1.220313787460327148e+00
-1.160997867584228516e+00
-1.280729889869689941e+00
-1.271873950958251953e+00
-1.175174593925476074e+00
-1.154687643051147461e+00
-1.242084741592407227e+00
-1.338687062263488770e+00
-1.252062082290649414e+00
-1.246636629104614258e+00
-1.297175407409667969e+00
-1.277858257293701172e+00
-1.175193190574645996e+00
-1.216342687606811523e+00
-1.176683902740478516e+00
-1.350540518760681152e+00
-1.277872443199157715e+00
-1.180685997009277344e+00
-1.234174132347106934e+00
-1.163281559944152832e+00
-1.239504098892211914e+00
-1.258883357048034668e+00
-1.275613903999328613e+00
-1.247767329216003418e+00
-1.361991405487060547e+00
-1.282217741012573242e+00
-1.211976885795593262e+00
-1.370222091674804688e+00
-1.315363287925720215e+00
-1.305366873741149902e+00
-1.198781251907348633e+00
-1.268955230712890625e+00
-1.229126572608947754e+00
-1.241436719894409180e+00
-1.370663523674011230e+00
-1.245330214500427246e+00
-1.155680656433105469e+00
-1.360159873962402344e+00
-1.263416409492492676e+00
-1.266407728195190430e+00
-1.218152761459350586e+00
-1.363929271697998047e+00
-1.194642066955566406e+00
-1.249103426933288574e+00
-1.340950012207031250e+00
-1.357482552528381348e+00
-1.225236058235168457e+00
-1.314883351325988770e+00
-1.224150538444519043e+00
-1.406927943229675293e+00
-1.285142660140991211e+00
-1.353984475135803223e+00
-1.234175324440002441e+00
-1.318872451782226562e+00
-1.251353621482849121e+00
-1.301949381828308105e+00
-1.308906793594360352e+00
-1.153730988502502441e+00
-1.341256380081176758e+00
-1.283606767654418945e+00
-1.336179852485656738e+00
-1.237852334976196289e+00
-1.290097832679748535e+00
-1.335946083068847656e+00
-1.220869898796081543e+00
-1.247338175773620605e+00
-1.296684145927429199e+00
-1.287473678588867188e+00
-1.325302362442016602e+00
-1.266194105148315430e+00
-1.233406424522399902e+00
-1.327864646911621094e+00
-1.210757613182067871e+00
-1.131282210350036621e+00
-1.264737606048583984e+00
-1.260489463806152344e+00
-1.229279518127441406e+00
-1.288598537445068359e+00
-1.267925381660461426e+00
-1.229708433151245117e+00
-1.270039439201354980e+00
-1.158425569534301758e+00
-1.243608713150024414e+00
-1.259467840194702148e+00
-1.306039810180664062e+00
-1.196991324424743652e+00
-1.294096827507019043e+00
-1.308315753936767578e+00
-1.242931962013244629e+00
-1.230628728866577148e+00
-1.325123190879821777e+00
-1.258167982101440430e+00
-1.197526931762695312e+00
-1.323363065719604492e+00
-1.317638278007507324e+00
-1.305234432220458984e+00
-1.150976777076721191e+00
-1.236379504203796387e+00
-1.254113197326660156e+00
-1.319870114326477051e+00
-1.270298600196838379e+00
-1.336247086524963379e+00
-1.250497579574584961e+00
-1.277463197708129883e+00
-1.400972247123718262e+00
-1.312497854232788086e+00
-1.236807703971862793e+00
-1.302411317825317383e+00
-1.228433489799499512e+00
-1.277497291564941406e+00
-1.276730656623840332e+00
-1.314399719238281250e+00
-1.227220892906188965e+00
-1.234412550926208496e+00
-1.256421685218811035e+00
-1.254286885261535645e+00
-1.437713503837585449e+00
-1.284202098846435547e+00
-1.301316618919372559e+00
-1.244939088821411133e+00
-1.269989132881164551e+00
-1.262035846710205078e+00
-1.216181993484497070e+00
-1.407782435417175293e+00
-1.377261638641357422e+00
-1.331950306892395020e+00
-1.392927169799804688e+00
-1.350290656089782715e+00
-1.327144503593444824e+00
-1.399785161018371582e+00
-1.351645827293395996e+00
-1.502886891365051270e+00
-1.267057538032531738e+00
-1.368312716484069824e+00
-1.275808930397033691e+00
-1.296178102493286133e+00
-1.352819800376892090e+00
-1.302263021469116211e+00
-1.342716813087463379e+00
-1.315776109695434570e+00
-1.273689270019531250e+00
-1.282795906066894531e+00
-1.295670032501220703e+00
-1.374139070510864258e+00
-1.193437695503234863e+00
-1.334444165229797363e+00
-1.337365627288818359e+00
-1.216314077377319336e+00
-1.350412607192993164e+00
-1.409570455551147461e+00
-1.310477495193481445e+00
-1.309407353401184082e+00
-1.270707488059997559e+00
-1.314259767532348633e+00
-1.239710569381713867e+00
-1.316732764244079590e+00
-1.377300739288330078e+00
-1.248572349548339844e+00
-1.269304633140563965e+00
-1.214509010314941406e+00
-1.360449910163879395e+00
-1.295999050140380859e+00
-1.406523942947387695e+00
-1.414806962013244629e+00
-1.243090391159057617e+00
-1.401275396347045898e+00
-1.321979880332946777e+00
-1.265584945678710938e+00
-1.228643536567687988e+00
-1.300661921501159668e+00
-1.259095430374145508e+00
-1.212590217590332031e+00
-1.267491340637207031e+00
-1.299795866012573242e+00
-1.335781455039978027e+00
-1.209264993667602539e+00
-1.202609300613403320e+00
-1.393918275833129883e+00
-1.231317162513732910e+00
-1.248598337173461914e+00
-1.226065754890441895e+00
-1.227879762649536133e+00
-1.245477318763732910e+00
-1.365866780281066895e+00
-1.245395064353942871e+00
-1.267414093017578125e+00
-1.191122531890869141e+00
-1.259225130081176758e+00
-1.370946526527404785e+00
-1.237487435340881348e+00
-1.255361437797546387e+00
-1.330832004547119141e+00
-1.354629397392272949e+00
-1.230244159698486328e+00
-1.252543210983276367e+00
-1.313962817192077637e+00
-1.263768553733825684e+00
-1.328582406044006348e+00
-1.349520921707153320e+00
-1.247551321983337402e+00
-1.186968684196472168e+00
-1.307552099227905273e+00
-1.344319462776184082e+00
-1.317838191986083984e+00
-1.324510097503662109e+00
-1.253121852874755859e+00
-1.208127737045288086e+00
-1.221575021743774414e+00
-1.264552474021911621e+00
-1.353689670562744141e+00
-1.187463998794555664e+00
-1.251693248748779297e+00
-1.308042764663696289e+00
-1.294145703315734863e+00
-1.326105475425720215e+00
-1.198907256126403809e+00
-1.263376355171203613e+00
-1.235579729080200195e+00
-1.311613678932189941e+00
-1.319058895111083984e+00
-1.356141448020935059e+00
-1.266825556755065918e+00
-1.359050512313842773e+00
-1.207115769386291504e+00
-1.442511916160583496e+00
-1.356274247169494629e+00
-1.324178576469421387e+00
-1.263344883918762207e+00
-1.246940255165100098e+00
-1.311987996101379395e+00
-1.355475902557373047e+00
-1.272053480148315430e+00
-1.333568453788757324e+00
-1.389079451560974121e+00
-1.217037439346313477e+00
-1.261775732040405273e+00
-1.302258133888244629e+00
-1.275435686111450195e+00
-1.358792901039123535e+00
-1.434111475944519043e+00
-1.317385911941528320e+00
-1.329197764396667480e+00
-1.433834075927734375e+00
-1.267369747161865234e+00
-1.258010864257812500e+00
-1.284485459327697754e+00
-1.309299945831298828e+00
-1.326981186866760254e+00
-1.350767374038696289e+00
-1.240154862403869629e+00
-1.348879218101501465e+00
-1.289520621299743652e+00
-1.298064112663269043e+00
-1.366733789443969727e+00
-1.383029341697692871e+00
-1.429061532020568848e+00
-1.414933562278747559e+00
-1.487095236778259277e+00
-1.231416583061218262e+00
-1.247299909591674805e+00
-1.426535367965698242e+00
-1.321672439575195312e+00
-1.366086483001708984e+00
-1.327305674552917480e+00
-1.465136528015136719e+00
-1.277960658073425293e+00
-1.334397315979003906e+00
-1.313273429870605469e+00
-1.304583191871643066e+00
-1.278147339820861816e+00
-1.329268932342529297e+00
-1.288959145545959473e+00
-1.376755237579345703e+00
-1.284538745880126953e+00
-1.192345261573791504e+00
-1.359912514686584473e+00
-1.306780457496643066e+00
-1.333089947700500488e+00
-1.258793473243713379e+00
-1.467377305030822754e+00
-1.414669990539550781e+00
-1.296775460243225098e+00
-1.204439759254455566e+00
-1.265159010887145996e+00
-1.298833489418029785e+00
-1.372390151023864746e+00
-1.282925844192504883e+00
-1.321168899536132812e+00
-1.302319645881652832e+00
-1.290309309959411621e+00
-1.410578846931457520e+00
-1.331014275550842285e+00
-1.415326356887817383e+00
-1.364527225494384766e+00
-1.403505682945251465e+00
-1.314921259880065918e+00
-1.317676186561584473e+00
-1.284772276878356934e+00
-1.422418475151062012e+00
-1.421141624450683594e+00
-1.371466875076293945e+00
-1.367127299308776855e+00
-1.339230060577392578e+00
-1.265436530113220215e+00
-1.323107242584228516e+00
-1.296489357948303223e+00
-1.417182922363281250e+00
-1.394568324089050293e+00
-1.303755640983581543e+00
-1.321336269378662109e+00
-1.405664324760437012e+00
-1.325270891189575195e+00
-1.390768766403198242e+00
-1.414325118064880371e+00
-1.271579861640930176e+00
-1.274051904678344727e+00
-1.339467406272888184e+00
-1.419748544692993164e+00
-1.376060485839843750e+00
-1.315242767333984375e+00
-1.283090114593505859e+00
-1.349582195281982422e+00
-1.453572154045104980e+00
-1.302584886550903320e+00
-1.412045836448669434e+00
-1.452127695083618164e+00
-1.395943999290466309e+00
-1.266604304313659668e+00
-1.390773177146911621e+00
-1.306939840316772461e+00
-1.264394879341125488e+00
-1.501764178276062012e+00
-1.269649744033813477e+00
-1.367812037467956543e+00
-1.342536330223083496e+00
-1.358820319175720215e+00
-1.318271398544311523e+00
-1.346751928329467773e+00
-1.325799584388732910e+00
-1.372658729553222656e+00
-1.299647450447082520e+00
-1.303731560707092285e+00
-1.431837439537048340e+00
-1.364263296127319336e+00
-1.333675861358642578e+00
-1.192764997482299805e+00
-1.370845556259155273e+00
-1.508948564529418945e+00
-1.232475280761718750e+00
-1.377854704856872559e+00
-1.402572393417358398e+00
-1.401262521743774414e+00
-1.378361701965332031e+00
-1.338942170143127441e+00
-1.227989315986633301e+00
-1.281615376472473145e+00
-1.333474636077880859e+00
-1.319877743721008301e+00
-1.364733695983886719e+00
-1.292418718338012695e+00
-1.346833944320678711e+00
-1.251102566719055176e+00
-1.281076312065124512e+00
-1.295685887336730957e+00
-1.362686157226562500e+00
-1.474523544311523438e+00
-1.317792296409606934e+00
-1.268616914749145508e+00
-1.390979409217834473e+00
-1.259885191917419434e+00
-1.367491841316223145e+00
-1.254380226135253906e+00
-1.321145534515380859e+00
-1.300214648246765137e+00
-1.274851679801940918e+00
-1.434837222099304199e+00
-1.339611291885375977e+00
-1.305940032005310059e+00
-1.583099961280822754e+00
-1.387251734733581543e+00
-1.371904850006103516e+00
-1.379466414451599121e+00
-1.377046704292297363e+00
-1.437425374984741211e+00
-1.406884789466857910e+00
-1.333107948303222656e+00
-1.380775690078735352e+00
-1.337961316108703613e+00
-1.314881086349487305e+00
-1.313591003417968750e+00
-1.327746272087097168e+00
-1.332188367843627930e+00
-1.419868111610412598e+00
-1.368669152259826660e+00
-1.347482800483703613e+00
-1.474721312522888184e+00
-1.456423997879028320e+00
-1.294248938560485840e+00
-1.274703621864318848e+00
-1.314841389656066895e+00
-1.481890797615051270e+00
-1.286033034324645996e+00
-1.383459091186523438e+00
-1.357109308242797852e+00
-1.379326820373535156e+00
-1.265203475952148438e+00
-1.318473696708679199e+00
-1.384317755699157715e+00
-1.404170393943786621e+00
-1.467073917388916016e+00
-1.345385074615478516e+00
-1.326580762863159180e+00
-1.355791568756103516e+00
-1.391172051429748535e+00
-1.220556616783142090e+00
-1.301964640617370605e+00
-1.345277190208435059e+00
-1.450153231620788574e+00
-1.323579907417297363e+00
-1.283270835876464844e+00
-1.349521994590759277e+00
-1.248175859451293945e+00
-1.256159186363220215e+00
-1.400067210197448730e+00
-1.349659085273742676e+00
-1.255009770393371582e+00
-1.328435540199279785e+00
-1.420222282409667969e+00
-1.428871989250183105e+00
-1.348087668418884277e+00
-1.314346790313720703e+00
-1.412250757217407227e+00
-1.402371287345886230e+00
-1.350835323333740234e+00
-1.401667952537536621e+00
-1.472880959510803223e+00
-1.418212056159973145e+00
-1.379510521888732910e+00
-1.404655218124389648e+00
-1.511310815811157227e+00
-1.352809786796569824e+00
-1.290447473526000977e+00
-1.363971352577209473e+00
-1.413575887680053711e+00
-1.421491742134094238e+00
-1.399193763732910156e+00
-1.466095089912414551e+00
-1.447859883308410645e+00
-1.333850026130676270e+00
-1.381889820098876953e+00
-1.281461834907531738e+00
-1.332263827323913574e+00
-1.321767091751098633e+00
-1.479160308837890625e+00
-1.336208581924438477e+00
-1.518092751502990723e+00
-1.430916786193847656e+00
-1.403118371963500977e+00
-1.365529417991638184e+00
-1.233575940132141113e+00
-1.310688972473144531e+00
-1.448161721229553223e+00
-1.300791025161743164e+00
-1.323250293731689453e+00
-1.360460400581359863e+00
-1.377478241920471191e+00
-1.354590535163879395e+00
-1.323712825775146484e+00
-1.484419465065002441e+00
-1.380313754081726074e+00
-1.255551576614379883e+00
-1.248595952987670898e+00
-1.326863169670104980e+00
-1.445920228958129883e+00
-1.412191748619079590e+00
-1.385044097900390625e+00
-1.350628137588500977e+00
-1.540051698684692383e+00
-1.334661602973937988e+00
-1.455273270606994629e+00
-1.388879776000976562e+00
-1.257275938987731934e+00
-1.401042580604553223e+00
-1.434201836585998535e+00
-1.375035524368286133e+00
-1.367443799972534180e+00
-1.451325535774230957e+00
-1.366901516914367676e+00
-1.293018817901611328e+00
-1.418380618095397949e+00
-1.540358901023864746e+00
-1.515544295310974121e+00
-1.339975118637084961e+00
-1.426428675651550293e+00
-1.405375599861145020e+00
-1.223793148994445801e+00
-1.377270698547363281e+00
-1.426408171653747559e+00
-1.200067639350891113e+00
-1.430222868919372559e+00
-1.382625699043273926e+00
-1.311641573905944824e+00
-1.317538022994995117e+00
-1.408014535903930664e+00
-1.305352091789245605e+00
-1.442291617393493652e+00
-1.474591016769409180e+00
-1.247953653335571289e+00
-1.246228218078613281e+00
-1.292201519012451172e+00
-1.207679867744445801e+00
-1.388266921043395996e+00
-1.409188985824584961e+00
-1.366804122924804688e+00
-1.389820098876953125e+00
-1.431213498115539551e+00
-1.391975879669189453e+00
-1.328818440437316895e+00
-1.353205204010009766e+00
-1.397678136825561523e+00
-1.413379788398742676e+00
-1.374304652214050293e+00
-1.264590978622436523e+00
-1.563907027244567871e+00
-1.342437624931335449e+00
-1.323608636856079102e+00
-1.452567338943481445e+00
-1.517291188240051270e+00
-1.370301127433776855e+00
-1.373548984527587891e+00
-1.248070120811462402e+00
-1.374691605567932129e+00
-1.387605428695678711e+00
-1.348088860511779785e+00
-1.330003499984741211e+00
-1.467393875122070312e+00
-1.393226385116577148e+00
-1.442940354347229004e+00
-1.445397973060607910e+00
-1.349338054656982422e+00
-1.343018174171447754e+00
-1.353614449501037598e+00
-1.346355676651000977e+00
-1.318758130073547363e+00
-1.358618736267089844e+00
-1.373838305473327637e+00
-1.420224189758300781e+00
-1.321912646293640137e+00
-1.343858242034912109e+00
-1.423140168190002441e+00
-1.383428215980529785e+00
-1.395525217056274414e+00
-1.424645185470581055e+00
-1.348588585853576660e+00
-1.504609107971191406e+00
-1.355635285377502441e+00
-1.388859033584594727e+00
-1.512530207633972168e+00
-1.399783372879028320e+00
-1.359820127487182617e+00
-1.392337560653686523e+00
-1.349877119064331055e+00
-1.329653620719909668e+00
-1.454610347747802734e+00
-1.445968031883239746e+00
-1.380233407020568848e+00
-1.323302865028381348e+00
-1.395821094512939453e+00
-1.376096367835998535e+00
-1.357585191726684570e+00
-1.415381193161010742e+00
-1.335035204887390137e+00
-1.448488235473632812e+00
-1.350307822227478027e+00
-1.335507869720458984e+00
-1.418141126632690430e+00
-1.471088290214538574e+00
-1.539550781250000000e+00
-1.445515632629394531e+00
-1.453465580940246582e+00
-1.522669911384582520e+00
-1.285007953643798828e+00
-1.480962157249450684e+00
-1.415446400642395020e+00
