6.864840030670166016e+00
6.747769355773925781e+00
6.611286640167236328e+00
6.548746109008789062e+00
6.475419998168945312e+00
6.364858627319335938e+00
6.338982582092285156e+00
6.230439662933349609e+00
6.239644050598144531e+00
6.271728515625000000e+00
6.167368412017822266e+00
6.192045688629150391e+00
6.163619995117187500e+00
6.079288959503173828e+00
6.135416507720947266e+00
6.122024536132812500e+00
6.065321922302246094e+00
6.120297431945800781e+00
6.032372474670410156e+00
6.141461372375488281e+00
5.977466583251953125e+00
6.003228187561035156e+00
6.043953418731689453e+00
5.988402366638183594e+00
6.146014213562011719e+00
6.018958091735839844e+00
5.991879940032958984e+00
5.923567295074462891e+00
5.989735603332519531e+00
6.101371765136718750e+00
5.967690467834472656e+00
6.192867279052734375e+00
5.947433471679687500e+00
5.915835380554199219e+00
6.030565261840820312e+00
5.912332057952880859e+00
5.979836940765380859e+00
6.164107322692871094e+00
5.953757286071777344e+00
5.971982955932617188e+00
6.077727317810058594e+00
6.110923290252685547e+00
6.030054569244384766e+00
5.940494060516357422e+00
5.915442466735839844e+00
5.964498519897460938e+00
5.880682945251464844e+00
5.913919925689697266e+00
6.045218467712402344e+00
5.891640186309814453e+00
5.964037418365478516e+00
5.968819141387939453e+00
5.937242031097412109e+00
6.031056404113769531e+00
6.021015644073486328e+00
6.011175155639648438e+00
5.881259918212890625e+00
5.847154617309570312e+00
5.918823242187500000e+00
5.890864849090576172e+00
5.854609489440917969e+00
5.909927845001220703e+00
6.204886436462402344e+00
6.112326145172119141e+00
5.920330524444580078e+00
5.827315330505371094e+00
5.773614883422851562e+00
5.791869640350341797e+00
5.870032787322998047e+00
5.928936481475830078e+00
6.075828552246093750e+00
5.830805301666259766e+00
5.925325393676757812e+00
6.012349128723144531e+00
5.906758785247802734e+00
5.992585182189941406e+00
5.949258804321289062e+00
5.858358383178710938e+00
5.850952625274658203e+00
5.900538444519042969e+00
6.083769798278808594e+00
5.969709396362304688e+00
5.812469482421875000e+00
5.816320896148681641e+00
5.887358665466308594e+00
6.033022880554199219e+00
5.738197326660156250e+00
5.888717174530029297e+00
5.821650028228759766e+00
5.904066562652587891e+00
5.943315505981445312e+00
5.825743675231933594e+00
5.880652427673339844e+00
5.854847908020019531e+00
5.829956531524658203e+00
5.942635536193847656e+00
5.817685127258300781e+00
5.761285781860351562e+00
5.914256095886230469e+00
6.058537483215332031e+00
5.892485141754150391e+00
5.906911849975585938e+00
5.986367702484130859e+00
5.792962074279785156e+00
5.880987167358398438e+00
5.929448604583740234e+00
6.027193069458007812e+00
6.005584716796875000e+00
5.862686634063720703e+00
5.908521175384521484e+00
5.894589424133300781e+00
5.973173141479492188e+00
5.822922706604003906e+00
5.847019195556640625e+00
5.785678386688232422e+00
5.971496582031250000e+00
5.818505764007568359e+00
5.828558444976806641e+00
5.905272960662841797e+00
5.746819496154785156e+00
5.784054756164550781e+00
5.884998321533203125e+00
5.995407104492187500e+00
6.065605163574218750e+00
5.818908214569091797e+00
5.850540161132812500e+00
5.788625240325927734e+00
5.829200744628906250e+00
5.763531684875488281e+00
5.883679389953613281e+00
5.932309150695800781e+00
5.890242576599121094e+00
5.906311035156250000e+00
5.922765731811523438e+00
6.077631473541259766e+00
5.935783386230468750e+00
5.982364654541015625e+00
6.075618743896484375e+00
5.898777008056640625e+00
5.856362342834472656e+00
5.882003307342529297e+00
5.840144157409667969e+00
5.771895408630371094e+00
5.741592407226562500e+00
5.827249526977539062e+00
5.913846969604492188e+00
5.816390991210937500e+00
5.799067974090576172e+00
5.832932472229003906e+00
5.867083549499511719e+00
5.835303306579589844e+00
5.745875358581542969e+00
5.743042469024658203e+00
5.796060562133789062e+00
5.944410324096679688e+00
6.172176837921142578e+00
5.822241783142089844e+00
5.839785099029541016e+00
5.834377765655517578e+00
5.841858386993408203e+00
5.873100757598876953e+00
5.866095066070556641e+00
5.936508178710937500e+00
5.820962905883789062e+00
5.726686000823974609e+00
5.838584899902343750e+00
5.751172065734863281e+00
5.746081829071044922e+00
5.841830253601074219e+00
5.841132164001464844e+00
5.926387786865234375e+00
5.777170181274414062e+00
5.761281967163085938e+00
5.779234886169433594e+00
5.806430816650390625e+00
5.682265281677246094e+00
5.800876617431640625e+00
5.908855438232421875e+00
5.752996444702148438e+00
5.776531696319580078e+00
5.944890499114990234e+00
5.776389598846435547e+00
5.721846580505371094e+00
5.853600025177001953e+00
6.005852222442626953e+00
5.760299682617187500e+00
5.752824306488037109e+00
5.806441783905029297e+00
5.836869239807128906e+00
5.718074321746826172e+00
5.743965148925781250e+00
5.744931697845458984e+00
5.726541519165039062e+00
5.826189994812011719e+00
5.828527450561523438e+00
5.703691005706787109e+00
5.852065086364746094e+00
5.732164382934570312e+00
5.710870742797851562e+00
5.856044769287109375e+00
5.810247421264648438e+00
5.676781654357910156e+00
5.786278247833251953e+00
5.994242668151855469e+00
5.787353992462158203e+00
5.685720920562744141e+00
5.696913719177246094e+00
5.771137237548828125e+00
5.792272090911865234e+00
5.828211784362792969e+00
5.691037178039550781e+00
5.721966743469238281e+00
5.801039218902587891e+00
5.759369850158691406e+00
5.715520381927490234e+00
5.692258358001708984e+00
5.760965824127197266e+00
5.691839218139648438e+00
5.669023513793945312e+00
5.712083816528320312e+00
5.646124839782714844e+00
5.780835628509521484e+00
5.803276062011718750e+00
5.936256885528564453e+00
5.696322441101074219e+00
5.749125003814697266e+00
5.836170673370361328e+00
5.740022659301757812e+00
5.734175682067871094e+00
5.758760929107666016e+00
5.767489433288574219e+00
5.845611572265625000e+00
5.689945697784423828e+00
5.682997703552246094e+00
5.771568298339843750e+00
5.911711215972900391e+00
5.755881309509277344e+00
5.906009674072265625e+00
5.735555648803710938e+00
5.746431350708007812e+00
5.896401405334472656e+00
5.663082122802734375e+00
5.813323497772216797e+00
5.728519439697265625e+00
5.696781158447265625e+00
5.727298736572265625e+00
5.741125106811523438e+00
5.766888141632080078e+00
5.787366867065429688e+00
5.737694740295410156e+00
5.735251426696777344e+00
5.770117759704589844e+00
5.887248516082763672e+00
5.793506622314453125e+00
5.774580955505371094e+00
5.784680366516113281e+00
5.774240493774414062e+00
5.674567222595214844e+00
5.701098918914794922e+00
5.776960849761962891e+00
5.676242351531982422e+00
5.933063983917236328e+00
5.739974975585937500e+00
5.687377929687500000e+00
5.903512001037597656e+00
5.654258728027343750e+00
5.583021640777587891e+00
5.742267608642578125e+00
5.849928855895996094e+00
5.935685157775878906e+00
5.734640121459960938e+00
5.679388999938964844e+00
5.733532428741455078e+00
5.788000583648681641e+00
5.917333602905273438e+00
5.748502731323242188e+00
5.981704711914062500e+00
5.747049808502197266e+00
5.646471023559570312e+00
5.705117225646972656e+00
5.757143497467041016e+00
5.704284667968750000e+00
5.653316497802734375e+00
5.750312328338623047e+00
5.763576507568359375e+00
5.746878623962402344e+00
5.775682449340820312e+00
5.845523357391357422e+00
5.681947708129882812e+00
5.755831718444824219e+00
5.819241046905517578e+00
5.972899913787841797e+00
5.752241611480712891e+00
5.824306011199951172e+00
5.737960815429687500e+00
5.777698040008544922e+00
5.818547248840332031e+00
5.711500167846679688e+00
5.774802684783935547e+00
5.724355697631835938e+00
5.808926105499267578e+00
5.715830326080322266e+00
5.743653774261474609e+00
5.699734210968017578e+00
5.787149429321289062e+00
5.621320247650146484e+00
5.727694511413574219e+00
5.596179962158203125e+00
5.746481418609619141e+00
5.758942127227783203e+00
5.932510375976562500e+00
5.736931324005126953e+00
5.649283409118652344e+00
5.787238121032714844e+00
5.781202316284179688e+00
5.677739620208740234e+00
5.663566589355468750e+00
5.709108352661132812e+00
5.751797676086425781e+00
5.705761432647705078e+00
5.799766063690185547e+00
5.802997589111328125e+00
5.657159805297851562e+00
5.696001052856445312e+00
5.861069202423095703e+00
5.781120777130126953e+00
5.687005519866943359e+00
5.816864490509033203e+00
5.596390247344970703e+00
5.702326297760009766e+00
5.783528804779052734e+00
5.685231685638427734e+00
5.731652259826660156e+00
5.606264114379882812e+00
5.714068889617919922e+00
5.703907489776611328e+00
5.724802017211914062e+00
5.686828613281250000e+00
5.660354614257812500e+00
5.696383476257324219e+00
5.814181327819824219e+00
5.753385543823242188e+00
5.652884483337402344e+00
5.674763679504394531e+00
5.789070606231689453e+00
5.871603965759277344e+00
5.707917213439941406e+00
5.683518886566162109e+00
5.833039283752441406e+00
5.774584293365478516e+00
5.802120208740234375e+00
5.807405471801757812e+00
5.726800441741943359e+00
5.678887844085693359e+00
5.735549926757812500e+00
5.660823345184326172e+00
5.895148754119873047e+00
5.724256992340087891e+00
5.972316741943359375e+00
5.666612625122070312e+00
5.799592494964599609e+00
5.651557445526123047e+00
5.783937931060791016e+00
5.671731472015380859e+00
5.698207855224609375e+00
5.678062438964843750e+00
5.664110183715820312e+00
5.675982475280761719e+00
5.627594947814941406e+00
5.626177787780761719e+00
5.715975761413574219e+00
5.847178936004638672e+00
5.879333496093750000e+00
5.649632930755615234e+00
5.752003669738769531e+00
5.637709617614746094e+00
6.038861751556396484e+00
5.776681423187255859e+00
5.780280590057373047e+00
5.704110145568847656e+00
5.716630458831787109e+00
5.693059921264648438e+00
5.605590820312500000e+00
5.628003597259521484e+00
5.609248161315917969e+00
5.765742301940917969e+00
5.676323890686035156e+00
5.686383724212646484e+00
5.739447593688964844e+00
5.823194503784179688e+00
5.767078399658203125e+00
5.727169990539550781e+00
5.699606895446777344e+00
5.839981079101562500e+00
5.716825962066650391e+00
5.714437484741210938e+00
5.932483673095703125e+00
5.713499069213867188e+00
5.796010494232177734e+00
5.766107559204101562e+00
5.661840438842773438e+00
5.682601928710937500e+00
5.662633419036865234e+00
5.681402206420898438e+00
5.606550216674804688e+00
5.711880683898925781e+00
5.734910011291503906e+00
5.661501884460449219e+00
5.707714080810546875e+00
5.734752178192138672e+00
5.714285850524902344e+00
5.739215373992919922e+00
5.855985641479492188e+00
5.682344436645507812e+00
5.726692199707031250e+00
5.694307327270507812e+00
5.701467990875244141e+00
5.646320343017578125e+00
5.666446685791015625e+00
5.802616119384765625e+00
5.703896999359130859e+00
5.756635189056396484e+00
5.795260429382324219e+00
5.735388278961181641e+00
5.788837909698486328e+00
5.724816322326660156e+00
5.678094863891601562e+00
5.675462245941162109e+00
5.957181930541992188e+00
5.764169216156005859e+00
5.641384124755859375e+00
5.684415817260742188e+00
5.663890838623046875e+00
5.741688251495361328e+00
5.676527976989746094e+00
5.682752609252929688e+00
5.725626468658447266e+00
5.712850570678710938e+00
5.717062950134277344e+00
5.615054607391357422e+00
5.705720901489257812e+00
5.717442035675048828e+00
5.694754600524902344e+00
5.670068264007568359e+00
5.733313560485839844e+00
5.732093334197998047e+00
5.673183441162109375e+00
5.678843975067138672e+00
5.637666225433349609e+00
5.903870582580566406e+00
5.705205440521240234e+00
5.808666229248046875e+00
5.664842128753662109e+00
5.730500221252441406e+00
5.718461513519287109e+00
5.679041385650634766e+00
5.784097671508789062e+00
5.780644416809082031e+00
5.784558296203613281e+00
5.853260993957519531e+00
5.747093200683593750e+00
5.793789386749267578e+00
5.660663127899169922e+00
5.826598644256591797e+00
5.699623107910156250e+00
5.743228912353515625e+00
5.710800170898437500e+00
5.606488704681396484e+00
5.815728664398193359e+00
5.793354988098144531e+00
5.800747871398925781e+00
5.885192394256591797e+00
5.716513633728027344e+00
5.757413864135742188e+00
5.784906387329101562e+00
5.754045963287353516e+00
5.743133544921875000e+00
5.736285209655761719e+00
5.704684257507324219e+00
5.650058269500732422e+00
5.852154254913330078e+00
5.819580078125000000e+00
5.668462276458740234e+00
5.734630107879638672e+00
5.823390007019042969e+00
5.671472072601318359e+00
5.644545555114746094e+00
5.594060420989990234e+00
5.653893470764160156e+00
5.737597465515136719e+00
5.855668067932128906e+00
5.824549198150634766e+00
5.687002182006835938e+00
5.700569629669189453e+00
5.738981246948242188e+00
5.683382034301757812e+00
5.675383090972900391e+00
5.684367179870605469e+00
5.664958953857421875e+00
5.621373176574707031e+00
5.642235755920410156e+00
5.679127693176269531e+00
5.634243488311767578e+00
5.788244724273681641e+00
5.876516342163085938e+00
5.690788269042968750e+00
5.653896331787109375e+00
5.747655868530273438e+00
5.730002880096435547e+00
5.684302806854248047e+00
5.679251194000244141e+00
5.657392024993896484e+00
5.618403434753417969e+00
5.714273452758789062e+00
5.663489818572998047e+00
5.683909893035888672e+00
5.589847564697265625e+00
5.619908332824707031e+00
5.736679553985595703e+00
5.668732643127441406e+00
5.713358879089355469e+00
5.597994804382324219e+00
5.635066032409667969e+00
5.722562789916992188e+00
5.752959251403808594e+00
5.648135662078857422e+00
5.949748516082763672e+00
5.706545829772949219e+00
5.693889617919921875e+00
5.700033187866210938e+00
5.650918960571289062e+00
5.620066642761230469e+00
5.748230934143066406e+00
5.816194534301757812e+00
5.801533222198486328e+00
5.675233840942382812e+00
5.637407302856445312e+00
5.694086551666259766e+00
5.743906974792480469e+00
5.566503524780273438e+00
5.791902542114257812e+00
5.733573913574218750e+00
5.751127243041992188e+00
5.574653625488281250e+00
5.789700984954833984e+00
5.648959159851074219e+00
5.707457542419433594e+00
5.693378448486328125e+00
5.686541557312011719e+00
5.749460697174072266e+00
5.776687622070312500e+00
5.640434741973876953e+00
5.587041854858398438e+00
5.611596107482910156e+00
5.778479099273681641e+00
5.611776828765869141e+00
5.693288326263427734e+00
5.579607963562011719e+00
5.623279571533203125e+00
5.669674873352050781e+00
5.724210262298583984e+00
5.679278850555419922e+00
5.624907970428466797e+00
5.594426155090332031e+00
5.913564682006835938e+00
5.582081794738769531e+00
5.565081596374511719e+00
5.706698894500732422e+00
5.778932094573974609e+00
5.688886642456054688e+00
5.601575374603271484e+00
5.678125381469726562e+00
5.820733070373535156e+00
5.638955116271972656e+00
5.682892799377441406e+00
5.565550804138183594e+00
5.608734130859375000e+00
5.725216865539550781e+00
5.746663570404052734e+00
5.699081897735595703e+00
5.751869678497314453e+00
5.648718833923339844e+00
5.657615184783935547e+00
5.744526863098144531e+00
5.725895881652832031e+00
5.654680728912353516e+00
5.726838588714599609e+00
5.617983818054199219e+00
5.796519756317138672e+00
5.573688983917236328e+00
5.682347297668457031e+00
5.654927730560302734e+00
5.683122634887695312e+00
5.787389755249023438e+00
5.841858386993408203e+00
5.599592685699462891e+00
5.759097099304199219e+00
5.628443717956542969e+00
5.769301414489746094e+00
5.578006267547607422e+00
5.597768306732177734e+00
5.690644264221191406e+00
5.847544193267822266e+00
5.620106220245361328e+00
5.644419670104980469e+00
5.746972084045410156e+00
5.711493015289306641e+00
5.666546344757080078e+00
5.579317092895507812e+00
5.769952297210693359e+00
5.722172260284423828e+00
5.727512359619140625e+00
5.635919094085693359e+00
5.721810340881347656e+00
5.698566436767578125e+00
5.592485904693603516e+00
5.626936912536621094e+00
5.653861999511718750e+00
5.631223201751708984e+00
5.697218894958496094e+00
5.789169311523437500e+00
5.747268676757812500e+00
5.776493072509765625e+00
5.627433776855468750e+00
5.727375984191894531e+00
5.560277462005615234e+00
5.808832168579101562e+00
5.803627967834472656e+00
5.827646255493164062e+00
5.636219024658203125e+00
5.615110397338867188e+00
5.670864105224609375e+00
5.700775146484375000e+00
5.715574264526367188e+00
5.635725021362304688e+00
5.611502647399902344e+00
5.656836032867431641e+00
5.616255283355712891e+00
5.784670352935791016e+00
5.732068061828613281e+00
5.691239356994628906e+00
5.664628982543945312e+00
5.791112422943115234e+00
5.650711536407470703e+00
5.687407016754150391e+00
5.686484336853027344e+00
5.695266723632812500e+00
5.613311767578125000e+00
5.625436782836914062e+00
5.634368896484375000e+00
5.569068908691406250e+00
5.672603607177734375e+00
5.685923099517822266e+00
5.706959724426269531e+00
5.589403152465820312e+00
5.647092819213867188e+00
5.568236351013183594e+00
5.661903381347656250e+00
5.731185436248779297e+00
5.869303703308105469e+00
5.736803531646728516e+00
5.661017894744873047e+00
5.652877807617187500e+00
5.757319927215576172e+00
5.678015708923339844e+00
5.630930423736572266e+00
5.737127304077148438e+00
5.717969894409179688e+00
5.663039684295654297e+00
5.655784606933593750e+00
5.621743202209472656e+00
5.629395008087158203e+00
5.632060527801513672e+00
5.684120178222656250e+00
5.673958778381347656e+00
5.613591194152832031e+00
5.776648044586181641e+00
5.656982898712158203e+00
5.664452552795410156e+00
5.652157306671142578e+00
5.588289260864257812e+00
5.785464763641357422e+00
5.679997444152832031e+00
5.646687030792236328e+00
5.692986488342285156e+00
5.652326583862304688e+00
5.629432678222656250e+00
5.628283500671386719e+00
5.652517795562744141e+00
5.700813293457031250e+00
5.677529811859130859e+00
5.612557888031005859e+00
5.635178565979003906e+00
5.638442993164062500e+00
5.800329685211181641e+00
5.660134315490722656e+00
5.724849700927734375e+00
5.788754463195800781e+00
5.706888198852539062e+00
5.634633541107177734e+00
5.756591796875000000e+00
5.598682403564453125e+00
5.670727252960205078e+00
5.614115715026855469e+00
5.591625213623046875e+00
5.620331287384033203e+00
5.639749526977539062e+00
5.650313377380371094e+00
5.642068386077880859e+00
5.666457176208496094e+00
5.705441474914550781e+00
5.686999797821044922e+00
5.759862422943115234e+00
5.703320026397705078e+00
5.593739509582519531e+00
5.586570739746093750e+00
5.526580333709716797e+00
5.738806724548339844e+00
5.641830444335937500e+00
5.635894775390625000e+00
5.589167594909667969e+00
5.640358448028564453e+00
5.583573341369628906e+00
5.735031127929687500e+00
5.681873798370361328e+00
5.675427436828613281e+00
5.774608612060546875e+00
5.740314483642578125e+00
5.590499877929687500e+00
5.621651649475097656e+00
5.790511608123779297e+00
5.662360191345214844e+00
5.784468173980712891e+00
5.690910339355468750e+00
5.624681472778320312e+00
5.687936782836914062e+00
5.632975101470947266e+00
5.594499588012695312e+00
5.703093528747558594e+00
5.612490653991699219e+00
5.668820381164550781e+00
5.682859420776367188e+00
5.679083824157714844e+00
5.646238327026367188e+00
5.674319267272949219e+00
5.697154521942138672e+00
5.538726806640625000e+00
5.658341884613037109e+00
5.624038219451904297e+00
5.642693042755126953e+00
5.571517467498779297e+00
5.579552650451660156e+00
5.593180179595947266e+00
5.706286430358886719e+00
5.578318595886230469e+00
5.582428932189941406e+00
5.603919029235839844e+00
5.638051509857177734e+00
5.603498458862304688e+00
5.639342308044433594e+00
5.665129661560058594e+00
5.690821170806884766e+00
5.714255332946777344e+00
5.632490158081054688e+00
5.606659412384033203e+00
5.653202533721923828e+00
5.634709358215332031e+00
5.593114852905273438e+00
5.855836868286132812e+00
5.682898521423339844e+00
5.781617641448974609e+00
5.742022514343261719e+00
5.631667137145996094e+00
5.628801345825195312e+00
5.706325054168701172e+00
5.687392234802246094e+00
5.807267189025878906e+00
5.655861854553222656e+00
5.682911396026611328e+00
5.568327903747558594e+00
5.794438838958740234e+00
5.654128074645996094e+00
5.687143325805664062e+00
5.619070529937744141e+00
5.872348785400390625e+00
5.668323993682861328e+00
5.583996295928955078e+00
5.676897048950195312e+00
5.535053730010986328e+00
5.610207080841064453e+00
5.709455966949462891e+00
5.618089675903320312e+00
5.741880893707275391e+00
5.642755985260009766e+00
5.643953323364257812e+00
5.701599121093750000e+00
5.747269630432128906e+00
5.637202262878417969e+00
5.728416442871093750e+00
5.575912475585937500e+00
5.764912605285644531e+00
5.692842006683349609e+00
5.702037334442138672e+00
5.609384059906005859e+00
5.718458175659179688e+00
5.772794246673583984e+00
5.593752384185791016e+00
5.588421344757080078e+00
5.610569953918457031e+00
5.628343105316162109e+00
5.685138702392578125e+00
5.634050369262695312e+00
5.578854084014892578e+00
5.681726455688476562e+00
5.662912845611572266e+00
5.664203166961669922e+00
5.604078769683837891e+00
5.581890106201171875e+00
5.584083080291748047e+00
5.651472091674804688e+00
5.764653205871582031e+00
5.746798038482666016e+00
5.608834266662597656e+00
5.888134479522705078e+00
5.583395481109619141e+00
5.710574150085449219e+00
5.664342880249023438e+00
5.639574527740478516e+00
5.616097450256347656e+00
5.680333137512207031e+00
5.758025646209716797e+00
5.575091361999511719e+00
5.628574371337890625e+00
5.593806743621826172e+00
5.600850582122802734e+00
5.729845046997070312e+00
5.853649616241455078e+00
5.724047660827636719e+00
5.560554027557373047e+00
5.766075611114501953e+00
5.648517131805419922e+00
5.660709381103515625e+00
5.621841907501220703e+00
5.586178779602050781e+00
5.529904365539550781e+00
5.828881740570068359e+00
5.677807807922363281e+00
5.707867145538330078e+00
5.682880401611328125e+00
5.602581024169921875e+00
5.682174682617187500e+00
5.715862274169921875e+00
5.680690765380859375e+00
5.580438613891601562e+00
5.695627212524414062e+00
5.676177501678466797e+00
6.166547775268554688e+00
5.612808704376220703e+00
5.597133636474609375e+00
5.582376956939697266e+00
5.608486652374267578e+00
5.747762680053710938e+00
5.599005222320556641e+00
5.768177986145019531e+00
5.691461563110351562e+00
5.753481388092041016e+00
5.572860717773437500e+00
5.669533252716064453e+00
5.647202014923095703e+00
5.628610610961914062e+00
5.853469371795654297e+00
5.652358055114746094e+00
5.632217884063720703e+00
5.684662818908691406e+00
5.739398479461669922e+00
5.817885875701904297e+00
5.622399806976318359e+00
5.741930007934570312e+00
5.606934547424316406e+00
5.775882720947265625e+00
5.625245094299316406e+00
5.781281471252441406e+00
5.527266502380371094e+00
5.869430065155029297e+00
5.587821960449218750e+00
5.582883358001708984e+00
5.624736309051513672e+00
5.668053627014160156e+00
5.612682819366455078e+00
5.635266304016113281e+00
5.613397121429443359e+00
5.629154205322265625e+00
5.659659862518310547e+00
5.600936889648437500e+00
5.659490108489990234e+00
5.632317543029785156e+00
5.598090171813964844e+00
5.589375495910644531e+00
5.909013748168945312e+00
5.684707164764404297e+00
5.552802085876464844e+00
5.644475936889648438e+00
5.742537021636962891e+00
5.650724887847900391e+00
5.645544052124023438e+00
5.734117031097412109e+00
5.645115852355957031e+00
5.732515335083007812e+00
5.783758640289306641e+00
5.735088348388671875e+00
5.585592746734619141e+00
5.588492393493652344e+00
5.618902206420898438e+00
5.638757705688476562e+00
5.776832580566406250e+00
5.603198051452636719e+00
5.686585426330566406e+00
5.619636535644531250e+00
5.592870712280273438e+00
5.644810676574707031e+00
5.704055786132812500e+00
5.670359611511230469e+00
5.860046863555908203e+00
5.576307773590087891e+00
5.681549549102783203e+00
5.690129280090332031e+00
5.687779426574707031e+00
5.615843772888183594e+00
5.695203304290771484e+00
5.682724952697753906e+00
5.542077064514160156e+00
5.785617828369140625e+00
5.618595123291015625e+00
5.625501632690429688e+00
5.604703426361083984e+00
5.697919368743896484e+00
5.739310741424560547e+00
5.708536148071289062e+00
5.719315528869628906e+00
5.653230190277099609e+00
5.698936939239501953e+00
5.594854354858398438e+00
5.502887725830078125e+00
5.534061431884765625e+00
5.753450870513916016e+00
5.600969314575195312e+00
5.620274066925048828e+00
5.581483840942382812e+00
5.572988986968994141e+00
5.647482872009277344e+00
5.599714279174804688e+00
5.636962890625000000e+00
5.694272041320800781e+00
5.620480537414550781e+00
5.582983493804931641e+00
5.574086189270019531e+00
5.677512168884277344e+00
5.574835300445556641e+00
5.612040519714355469e+00
5.886027812957763672e+00
5.586280822753906250e+00
5.634787082672119141e+00
5.664856910705566406e+00
5.653281688690185547e+00
5.679799079895019531e+00
5.748079299926757812e+00
5.681149482727050781e+00
5.600094318389892578e+00
5.672917366027832031e+00
5.625609397888183594e+00
