6.826238632202148438e+00
6.617803573608398438e+00
6.377933025360107422e+00
6.278741836547851562e+00
6.393893241882324219e+00
6.259284973144531250e+00
6.096621513366699219e+00
6.099693298339843750e+00
6.177741527557373047e+00
6.164279937744140625e+00
6.118911266326904297e+00
6.210663795471191406e+00
6.163418292999267578e+00
6.157653808593750000e+00
6.016222476959228516e+00
6.074277877807617188e+00
5.985499858856201172e+00
6.052227497100830078e+00
5.950573921203613281e+00
6.014562606811523438e+00
6.127419471740722656e+00
5.975510597229003906e+00
6.015833854675292969e+00
5.984798431396484375e+00
5.935338497161865234e+00
5.850907325744628906e+00
6.016301631927490234e+00
6.097290515899658203e+00
5.851988792419433594e+00
6.057868003845214844e+00
5.914740562438964844e+00
5.858165264129638672e+00
5.821809768676757812e+00
5.894438266754150391e+00
5.926799774169921875e+00
5.927021503448486328e+00
5.892087936401367188e+00
5.947024822235107422e+00
5.802853584289550781e+00
5.869296073913574219e+00
5.979638576507568359e+00
5.729540824890136719e+00
5.805418014526367188e+00
5.762956142425537109e+00
5.764538288116455078e+00
5.887953281402587891e+00
5.773639202117919922e+00
5.869076728820800781e+00
5.877179145812988281e+00
5.784580230712890625e+00
5.857931613922119141e+00
5.892828941345214844e+00
5.709652423858642578e+00
5.885410785675048828e+00
5.894381999969482422e+00
5.769776821136474609e+00
5.781030654907226562e+00
5.729619026184082031e+00
5.940096855163574219e+00
6.081905841827392578e+00
5.891590595245361328e+00
5.800915718078613281e+00
5.787317276000976562e+00
5.748592376708984375e+00
5.736144542694091797e+00
5.869113922119140625e+00
5.728054046630859375e+00
5.697461128234863281e+00
5.723213195800781250e+00
5.932984828948974609e+00
5.817498207092285156e+00
5.769918441772460938e+00
5.829342842102050781e+00
5.986698150634765625e+00
5.865880489349365234e+00
5.767183780670166016e+00
5.869775295257568359e+00
5.823525905609130859e+00
6.008974075317382812e+00
5.763618469238281250e+00
5.694230556488037109e+00
5.801447868347167969e+00
5.915832996368408203e+00
5.827939987182617188e+00
5.790088176727294922e+00
5.678369522094726562e+00
5.746148109436035156e+00
5.706799507141113281e+00
5.710280895233154297e+00
5.814306259155273438e+00
5.776042938232421875e+00
5.864576816558837891e+00
5.715863227844238281e+00
5.865022182464599609e+00
5.880397319793701172e+00
5.726116180419921875e+00
5.778883934020996094e+00
5.779971599578857422e+00
5.810842037200927734e+00
5.712064743041992188e+00
5.747459888458251953e+00
5.692161560058593750e+00
5.954653263092041016e+00
5.850797176361083984e+00
5.786465644836425781e+00
5.775074481964111328e+00
5.753545761108398438e+00
5.648084163665771484e+00
5.699956417083740234e+00
5.724007129669189453e+00
5.809816360473632812e+00
5.859570503234863281e+00
5.764560699462890625e+00
5.790886402130126953e+00
5.721758842468261719e+00
5.684719562530517578e+00
5.791670799255371094e+00
5.788741588592529297e+00
5.758835315704345703e+00
5.727980136871337891e+00
5.710324287414550781e+00
5.714337825775146484e+00
5.721584320068359375e+00
5.646533966064453125e+00
5.753467082977294922e+00
5.698324203491210938e+00
5.668640613555908203e+00
5.762507915496826172e+00
5.625666141510009766e+00
5.612051010131835938e+00
5.650783538818359375e+00
5.645953178405761719e+00
5.659692287445068359e+00
5.775470733642578125e+00
5.805428028106689453e+00
5.655685424804687500e+00
5.852846145629882812e+00
5.697907447814941406e+00
5.808335304260253906e+00
5.967610836029052734e+00
5.629210948944091797e+00
5.755820751190185547e+00
5.699046134948730469e+00
5.749682903289794922e+00
5.740171432495117188e+00
5.823174476623535156e+00
5.831497192382812500e+00
5.707774162292480469e+00
5.721297740936279297e+00
5.672161102294921875e+00
5.679023265838623047e+00
5.700159549713134766e+00
5.730111122131347656e+00
5.679146766662597656e+00
5.735697746276855469e+00
5.713087081909179688e+00
5.707750797271728516e+00
5.775151729583740234e+00
5.728678226470947266e+00
5.742443084716796875e+00
5.793992996215820312e+00
5.647278308868408203e+00
5.608578205108642578e+00
5.625849246978759766e+00
5.660234451293945312e+00
5.715513706207275391e+00
5.772592544555664062e+00
5.664846897125244141e+00
5.609285831451416016e+00
5.720061302185058594e+00
5.771355152130126953e+00
5.708653450012207031e+00
5.648192882537841797e+00
5.626770973205566406e+00
5.594971656799316406e+00
5.796858310699462891e+00
5.661887645721435547e+00
5.729330539703369141e+00
5.666926383972167969e+00
5.686414718627929688e+00
5.882709026336669922e+00
5.667332649230957031e+00
5.854851722717285156e+00
5.799356460571289062e+00
5.709185123443603516e+00
5.627616882324218750e+00
5.612313747406005859e+00
5.672918796539306641e+00
5.600150108337402344e+00
5.618714332580566406e+00
5.689642429351806641e+00
5.626893043518066406e+00
5.647697448730468750e+00
5.807595252990722656e+00
5.646498680114746094e+00
5.633861541748046875e+00
5.730956554412841797e+00
5.840060234069824219e+00
5.656791687011718750e+00
5.653069496154785156e+00
5.696791648864746094e+00
5.707360267639160156e+00
5.636873245239257812e+00
5.652004241943359375e+00
5.780244827270507812e+00
5.633493423461914062e+00
5.638314723968505859e+00
5.823865890502929688e+00
5.909376144409179688e+00
5.581329345703125000e+00
5.639271736145019531e+00
5.624219894409179688e+00
5.680879592895507812e+00
5.707781791687011719e+00
5.737447738647460938e+00
5.679870128631591797e+00
5.654412269592285156e+00
5.785972118377685547e+00
5.787663459777832031e+00
5.651217460632324219e+00
5.670767307281494141e+00
5.602077484130859375e+00
5.640845298767089844e+00
5.736076831817626953e+00
5.590873241424560547e+00
5.636111736297607422e+00
5.547449111938476562e+00
5.659256935119628906e+00
5.590826034545898438e+00
5.642309665679931641e+00
5.717294692993164062e+00
5.597436904907226562e+00
5.749789237976074219e+00
5.566829204559326172e+00
5.654163360595703125e+00
5.758522510528564453e+00
5.743904113769531250e+00
5.651488304138183594e+00
5.544954299926757812e+00
5.629380226135253906e+00
5.605048179626464844e+00
5.586445808410644531e+00
5.777623176574707031e+00
5.588815689086914062e+00
5.612509727478027344e+00
5.569290161132812500e+00
5.557916641235351562e+00
5.585976123809814453e+00
5.595643043518066406e+00
5.918545722961425781e+00
5.652818679809570312e+00
5.579437255859375000e+00
5.586918354034423828e+00
5.637171745300292969e+00
5.684514045715332031e+00
5.988494396209716797e+00
5.741690158843994141e+00
5.737939834594726562e+00
5.661656856536865234e+00
5.898012638092041016e+00
5.609934329986572266e+00
5.799206256866455078e+00
5.687546253204345703e+00
5.644290924072265625e+00
5.748175144195556641e+00
5.707103729248046875e+00
5.747484207153320312e+00
5.630460262298583984e+00
5.650590896606445312e+00
5.816823959350585938e+00
5.658695220947265625e+00
5.767657279968261719e+00
5.645340442657470703e+00
5.658297538757324219e+00
5.672442436218261719e+00
5.893125057220458984e+00
5.668315410614013672e+00
5.681568622589111328e+00
5.699697494506835938e+00
5.752634525299072266e+00
5.665948867797851562e+00
5.853904724121093750e+00
5.685966014862060547e+00
5.762794971466064453e+00
5.592429637908935547e+00
5.634722232818603516e+00
5.931746482849121094e+00
5.610150337219238281e+00
5.570948123931884766e+00
5.599864482879638672e+00
5.738034248352050781e+00
5.843760490417480469e+00
5.653342247009277344e+00
5.637079238891601562e+00
5.577196598052978516e+00
5.757426261901855469e+00
5.587676048278808594e+00
5.635022163391113281e+00
5.787202835083007812e+00
5.716716289520263672e+00
5.647674083709716797e+00
5.676698207855224609e+00
5.694985866546630859e+00
5.853283882141113281e+00
5.807157993316650391e+00
5.566696166992187500e+00
5.576569557189941406e+00
5.785553932189941406e+00
5.676204204559326172e+00
5.601156711578369141e+00
5.617673873901367188e+00
5.634719848632812500e+00
5.662224292755126953e+00
5.641253471374511719e+00
5.660802841186523438e+00
5.650112628936767578e+00
5.596333503723144531e+00
5.626098155975341797e+00
5.564541816711425781e+00
5.597250461578369141e+00
5.523343086242675781e+00
5.642796516418457031e+00
5.594510078430175781e+00
5.665552616119384766e+00
5.585091114044189453e+00
5.633152961730957031e+00
5.682683944702148438e+00
5.657426357269287109e+00
5.619679450988769531e+00
5.617509365081787109e+00
5.630440711975097656e+00
5.558186054229736328e+00
5.744469642639160156e+00
5.573235511779785156e+00
5.623478889465332031e+00
5.512656688690185547e+00
5.669360637664794922e+00
5.613963127136230469e+00
5.713716983795166016e+00
5.753747463226318359e+00
5.527019500732421875e+00
5.660483837127685547e+00
5.692416191101074219e+00
5.657706260681152344e+00
5.619544982910156250e+00
5.699865818023681641e+00
5.584234714508056641e+00
5.629703044891357422e+00
5.605162143707275391e+00
5.571634292602539062e+00
5.688886642456054688e+00
5.566457748413085938e+00
5.598380088806152344e+00
5.666213989257812500e+00
5.736784458160400391e+00
5.644430160522460938e+00
5.585318088531494141e+00
5.676080703735351562e+00
5.614151954650878906e+00
5.632123947143554688e+00
5.759490013122558594e+00
5.576728343963623047e+00
5.693175792694091797e+00
5.544008731842041016e+00
5.697024345397949219e+00
5.639807701110839844e+00
5.528443336486816406e+00
5.714015960693359375e+00
5.634311676025390625e+00
5.553414821624755859e+00
5.598951339721679688e+00
5.611758232116699219e+00
5.713502407073974609e+00
5.665437221527099609e+00
5.805385112762451172e+00
5.580448150634765625e+00
5.663292407989501953e+00
5.688637733459472656e+00
5.684570789337158203e+00
5.773728370666503906e+00
5.556639671325683594e+00
5.700090408325195312e+00
5.694286346435546875e+00
5.656787872314453125e+00
5.546350955963134766e+00
5.614069938659667969e+00
5.534602165222167969e+00
5.539209365844726562e+00
5.577347755432128906e+00
5.472224235534667969e+00
5.641739845275878906e+00
5.616788387298583984e+00
5.670502662658691406e+00
5.685402393341064453e+00
5.663525104522705078e+00
5.557236194610595703e+00
5.556779861450195312e+00
5.591363430023193359e+00
5.628164291381835938e+00
5.688410758972167969e+00
5.669660091400146484e+00
5.581225395202636719e+00
5.590863227844238281e+00
5.589537620544433594e+00
5.835769653320312500e+00
5.659759521484375000e+00
5.648519515991210938e+00
5.647454261779785156e+00
5.647035121917724609e+00
5.831294536590576172e+00
5.584074020385742188e+00
5.649913787841796875e+00
5.625186920166015625e+00
5.649915695190429688e+00
5.780931472778320312e+00
5.701508045196533203e+00
5.537639617919921875e+00
5.570549964904785156e+00
5.712966442108154297e+00
5.590780735015869141e+00
5.580915451049804688e+00
5.572720527648925781e+00
5.531382083892822266e+00
5.601784706115722656e+00
5.655506134033203125e+00
5.689777374267578125e+00
5.587126731872558594e+00
5.722591400146484375e+00
5.677443981170654297e+00
5.554825782775878906e+00
5.635087013244628906e+00
5.862123012542724609e+00
5.682616233825683594e+00
5.522806167602539062e+00
5.590412616729736328e+00
5.607504367828369141e+00
5.663202285766601562e+00
5.668030738830566406e+00
5.499540805816650391e+00
5.653398513793945312e+00
5.580781459808349609e+00
5.568915367126464844e+00
5.611073493957519531e+00
5.678965568542480469e+00
5.532839298248291016e+00
5.666840076446533203e+00
5.544842720031738281e+00
5.580235481262207031e+00
5.563971519470214844e+00
5.608025550842285156e+00
5.571616172790527344e+00
5.601331233978271484e+00
5.613214015960693359e+00
5.635108947753906250e+00
5.659275054931640625e+00
5.576108455657958984e+00
5.705571174621582031e+00
5.692582607269287109e+00
5.626527786254882812e+00
5.615847587585449219e+00
5.649058818817138672e+00
5.677069664001464844e+00
5.725062847137451172e+00
5.679470062255859375e+00
5.496584892272949219e+00
5.721647739410400391e+00
5.632194519042968750e+00
5.860764026641845703e+00
5.634923458099365234e+00
5.591659069061279297e+00
5.673532485961914062e+00
5.582084655761718750e+00
5.585683345794677734e+00
5.610159873962402344e+00
5.566788196563720703e+00
5.642812728881835938e+00
5.594559669494628906e+00
5.683066368103027344e+00
5.572484016418457031e+00
5.638435363769531250e+00
5.539554595947265625e+00
5.560528278350830078e+00
5.596780300140380859e+00
5.603831291198730469e+00
5.598273754119873047e+00
5.556803226470947266e+00
5.611536026000976562e+00
5.633209705352783203e+00
5.584675788879394531e+00
5.552401065826416016e+00
5.591636657714843750e+00
5.586606979370117188e+00
5.743904113769531250e+00
5.491049289703369141e+00
5.584518432617187500e+00
5.720121383666992188e+00
5.568973541259765625e+00
5.647003650665283203e+00
5.517091751098632812e+00
5.630022048950195312e+00
5.557288169860839844e+00
5.594022750854492188e+00
5.776440143585205078e+00
5.548737525939941406e+00
5.561167716979980469e+00
5.552079200744628906e+00
5.659757614135742188e+00
5.717400550842285156e+00
5.531451225280761719e+00
5.617616653442382812e+00
5.541899204254150391e+00
5.571625232696533203e+00
5.738219738006591797e+00
5.539551734924316406e+00
5.688598632812500000e+00
5.551614761352539062e+00
5.521748542785644531e+00
5.549148559570312500e+00
5.585247516632080078e+00
5.641919136047363281e+00
5.577085494995117188e+00
5.538885593414306641e+00
5.551840305328369141e+00
5.601819038391113281e+00
5.650779724121093750e+00
5.502609252929687500e+00
5.612544536590576172e+00
5.567162513732910156e+00
5.773295402526855469e+00
5.713725090026855469e+00
5.571730613708496094e+00
5.649144649505615234e+00
5.550291061401367188e+00
5.572384834289550781e+00
5.605535984039306641e+00
5.639774799346923828e+00
5.625998497009277344e+00
5.531113624572753906e+00
5.618337154388427734e+00
5.586438179016113281e+00
5.547512054443359375e+00
5.719168663024902344e+00
5.675731658935546875e+00
5.609001159667968750e+00
5.613623619079589844e+00
5.644595146179199219e+00
5.570478439331054688e+00
5.628034114837646484e+00
5.555655479431152344e+00
5.580538749694824219e+00
5.733604907989501953e+00
5.620997428894042969e+00
5.565692901611328125e+00
5.516463756561279297e+00
5.820950031280517578e+00
5.636953830718994141e+00
5.544366836547851562e+00
5.832860946655273438e+00
5.550753116607666016e+00
5.623824596405029297e+00
5.658204555511474609e+00
5.521566867828369141e+00
5.574703216552734375e+00
5.486704349517822266e+00
5.603707313537597656e+00
5.516084194183349609e+00
5.648266792297363281e+00
5.515459060668945312e+00
5.673954486846923828e+00
5.608965396881103516e+00
5.557964324951171875e+00
5.587524414062500000e+00
5.572253704071044922e+00
5.583508014678955078e+00
5.714463233947753906e+00
5.691824436187744141e+00
5.639748573303222656e+00
5.614838123321533203e+00
5.631814956665039062e+00
5.578648567199707031e+00
5.572850704193115234e+00
5.630846977233886719e+00
5.583483695983886719e+00
5.646840095520019531e+00
5.642544269561767578e+00
5.506276607513427734e+00
5.510933399200439453e+00
5.471837043762207031e+00
5.569522857666015625e+00
5.595335006713867188e+00
5.689381599426269531e+00
5.585505962371826172e+00
5.534049987792968750e+00
5.729709625244140625e+00
5.605967521667480469e+00
5.656684398651123047e+00
5.682214260101318359e+00
5.542931556701660156e+00
5.910623550415039062e+00
5.544775009155273438e+00
5.565428256988525391e+00
5.638868331909179688e+00
5.597515106201171875e+00
5.493808746337890625e+00
5.576907157897949219e+00
5.545024394989013672e+00
5.590274810791015625e+00
5.560183525085449219e+00
5.582124710083007812e+00
5.517173290252685547e+00
5.477690696716308594e+00
5.572853088378906250e+00
5.568377971649169922e+00
5.581184387207031250e+00
5.478103160858154297e+00
5.592708110809326172e+00
5.606269359588623047e+00
5.477234840393066406e+00
5.548060417175292969e+00
5.704125404357910156e+00
5.575146675109863281e+00
5.525429725646972656e+00
5.562475681304931641e+00
5.577756881713867188e+00
5.549416542053222656e+00
5.568897247314453125e+00
5.484946250915527344e+00
5.590547084808349609e+00
5.800189495086669922e+00
5.463309764862060547e+00
5.744834899902343750e+00
5.717904567718505859e+00
5.564286231994628906e+00
5.801974296569824219e+00
5.739257335662841797e+00
5.653586387634277344e+00
5.524244785308837891e+00
5.571795940399169922e+00
5.715826988220214844e+00
5.873872280120849609e+00
5.520048141479492188e+00
5.814221382141113281e+00
5.559495925903320312e+00
5.476402282714843750e+00
5.656682014465332031e+00
5.550004959106445312e+00
5.653499126434326172e+00
5.683985233306884766e+00
5.661246299743652344e+00
5.604684829711914062e+00
5.620610237121582031e+00
5.669876575469970703e+00
5.792585849761962891e+00
5.666229248046875000e+00
5.525115013122558594e+00
5.609239101409912109e+00
5.607857704162597656e+00
5.684278488159179688e+00
5.523318767547607422e+00
5.580659389495849609e+00
5.756439685821533203e+00
5.635331153869628906e+00
5.754669189453125000e+00
5.663312911987304688e+00
5.506398677825927734e+00
5.721833229064941406e+00
5.630385875701904297e+00
5.597249984741210938e+00
5.584397792816162109e+00
5.747147560119628906e+00
5.612649440765380859e+00
5.636727333068847656e+00
5.607322692871093750e+00
5.543530941009521484e+00
5.560106754302978516e+00
5.641442775726318359e+00
5.502950191497802734e+00
5.590638160705566406e+00
5.558649539947509766e+00
5.606271266937255859e+00
5.545407295227050781e+00
5.542109489440917969e+00
5.871932029724121094e+00
5.584208011627197266e+00
5.670285701751708984e+00
5.616923332214355469e+00
5.564554214477539062e+00
5.564433097839355469e+00
5.453632831573486328e+00
5.705309867858886719e+00
5.632525444030761719e+00
5.667412757873535156e+00
5.555391788482666016e+00
5.550618648529052734e+00
5.615744590759277344e+00
5.607785701751708984e+00
5.719182014465332031e+00
5.547441005706787109e+00
5.609914779663085938e+00
5.559639453887939453e+00
5.529822349548339844e+00
5.608150959014892578e+00
5.613019943237304688e+00
5.695248603820800781e+00
5.557153224945068359e+00
5.623486042022705078e+00
5.537588119506835938e+00
5.560169219970703125e+00
5.519558906555175781e+00
5.536533832550048828e+00
5.631544113159179688e+00
5.562376499176025391e+00
5.475655078887939453e+00
5.755190849304199219e+00
5.500398635864257812e+00
5.587273597717285156e+00
5.536324501037597656e+00
5.508624553680419922e+00
5.490003108978271484e+00
5.578601360321044922e+00
5.542196273803710938e+00
5.896296501159667969e+00
5.585679531097412109e+00
5.682003498077392578e+00
5.610826969146728516e+00
5.620823860168457031e+00
5.676240921020507812e+00
5.610040187835693359e+00
5.546684265136718750e+00
5.525761604309082031e+00
5.522581100463867188e+00
5.594921588897705078e+00
5.594317436218261719e+00
5.654685974121093750e+00
5.615437030792236328e+00
5.529144763946533203e+00
5.656194686889648438e+00
5.494868278503417969e+00
5.594373703002929688e+00
5.571228504180908203e+00
5.598152160644531250e+00
5.483200550079345703e+00
5.558029651641845703e+00
5.519118309020996094e+00
5.650387287139892578e+00
5.520175933837890625e+00
5.612857341766357422e+00
5.543529033660888672e+00
5.574935436248779297e+00
5.566066265106201172e+00
5.634895324707031250e+00
5.545111179351806641e+00
5.572587490081787109e+00
5.634152889251708984e+00
5.657123565673828125e+00
5.588172912597656250e+00
5.507347106933593750e+00
5.589495658874511719e+00
5.633104801177978516e+00
5.558568954467773438e+00
5.501538276672363281e+00
5.437173843383789062e+00
5.532909393310546875e+00
5.594141006469726562e+00
5.522462368011474609e+00
5.609977245330810547e+00
5.530832767486572266e+00
5.594586849212646484e+00
5.763562202453613281e+00
5.628330707550048828e+00
5.501245498657226562e+00
5.540248870849609375e+00
5.567243099212646484e+00
5.539779663085937500e+00
5.699432373046875000e+00
5.568603515625000000e+00
5.507991313934326172e+00
5.674557685852050781e+00
5.538065910339355469e+00
5.589049339294433594e+00
5.539060592651367188e+00
5.553714752197265625e+00
5.614797592163085938e+00
5.557601451873779297e+00
5.618428707122802734e+00
5.602701187133789062e+00
5.500981330871582031e+00
5.567308425903320312e+00
5.559587001800537109e+00
5.706919670104980469e+00
5.454185485839843750e+00
5.473696708679199219e+00
5.584358215332031250e+00
5.453631401062011719e+00
5.627181053161621094e+00
5.609432220458984375e+00
5.521984577178955078e+00
5.561268329620361328e+00
5.555626869201660156e+00
5.555714130401611328e+00
5.697327613830566406e+00
5.653452396392822266e+00
5.517795562744140625e+00
5.549704074859619141e+00
5.592162609100341797e+00
5.580687522888183594e+00
5.527392864227294922e+00
5.583712577819824219e+00
5.508579254150390625e+00
5.610470771789550781e+00
5.620227336883544922e+00
5.567438602447509766e+00
5.491780281066894531e+00
5.640249252319335938e+00
5.509605884552001953e+00
5.570756912231445312e+00
5.667158126831054688e+00
5.538689613342285156e+00
5.623638153076171875e+00
5.558828353881835938e+00
5.624438285827636719e+00
5.553508758544921875e+00
5.610924243927001953e+00
5.752167224884033203e+00
5.498728275299072266e+00
5.518647670745849609e+00
5.540837287902832031e+00
5.561782360076904297e+00
5.516831398010253906e+00
5.513578891754150391e+00
5.509619712829589844e+00
5.650377273559570312e+00
5.640415191650390625e+00
5.576916694641113281e+00
5.637518405914306641e+00
5.598415851593017578e+00
5.606209754943847656e+00
5.513511180877685547e+00
5.712689399719238281e+00
5.571077346801757812e+00
5.625004291534423828e+00
5.633901596069335938e+00
5.540020942687988281e+00
5.468101024627685547e+00
5.533132553100585938e+00
5.623871326446533203e+00
5.589881896972656250e+00
5.593631744384765625e+00
5.538179874420166016e+00
5.580839157104492188e+00
5.680494785308837891e+00
5.566049098968505859e+00
5.544559478759765625e+00
5.592257976531982422e+00
5.630694866180419922e+00
5.517613410949707031e+00
5.576592922210693359e+00
5.714758872985839844e+00
5.498489379882812500e+00
5.519786834716796875e+00
5.476027965545654297e+00
5.630275249481201172e+00
5.516731262207031250e+00
5.562139034271240234e+00
5.551161289215087891e+00
5.468883991241455078e+00
5.565723419189453125e+00
5.513775825500488281e+00
5.600416660308837891e+00
5.520165443420410156e+00
5.512381076812744141e+00
5.626672744750976562e+00
5.562212467193603516e+00
5.513326644897460938e+00
5.617831230163574219e+00
5.511016845703125000e+00
5.587480545043945312e+00
5.481873989105224609e+00
5.495241165161132812e+00
5.555134296417236328e+00
5.475293636322021484e+00
5.557657718658447266e+00
5.553584098815917969e+00
5.545794963836669922e+00
5.485978126525878906e+00
5.538885593414306641e+00
5.641792297363281250e+00
5.702770233154296875e+00
5.655904769897460938e+00
5.570338726043701172e+00
5.564290523529052734e+00
5.521574974060058594e+00
5.596301555633544922e+00
5.606162548065185547e+00
5.565425395965576172e+00
5.537402629852294922e+00
5.901291847229003906e+00
5.511929512023925781e+00
5.541140079498291016e+00
5.571499824523925781e+00
5.520813941955566406e+00
5.566616058349609375e+00
5.499805450439453125e+00
5.604069709777832031e+00
5.533821105957031250e+00
5.581100463867187500e+00
5.578684806823730469e+00
5.498037338256835938e+00
5.603528976440429688e+00
5.531341552734375000e+00
5.521565437316894531e+00
5.609919071197509766e+00
5.669042587280273438e+00
5.500601768493652344e+00
5.614451885223388672e+00
5.586579799652099609e+00
5.500964164733886719e+00
5.617694377899169922e+00
5.544410228729248047e+00
5.542426109313964844e+00
5.559421539306640625e+00
5.576881408691406250e+00
5.497680664062500000e+00
5.538205146789550781e+00
5.651691436767578125e+00
5.545905590057373047e+00
5.519019126892089844e+00
5.611886024475097656e+00
5.548758029937744141e+00
5.762497425079345703e+00
5.631990909576416016e+00
5.663707256317138672e+00
5.519689559936523438e+00
5.546023845672607422e+00
5.544375419616699219e+00
5.493419647216796875e+00
5.647949218750000000e+00
5.539681911468505859e+00
5.555086135864257812e+00
5.543152809143066406e+00
5.585301876068115234e+00
5.505390167236328125e+00
5.608655929565429688e+00
5.504893302917480469e+00
5.545167446136474609e+00
5.635393619537353516e+00
5.563936233520507812e+00
5.531293392181396484e+00
5.564332962036132812e+00
5.601350784301757812e+00
5.584285259246826172e+00
5.606459617614746094e+00
5.521529674530029297e+00
5.758693695068359375e+00
5.560001373291015625e+00
5.560319423675537109e+00
5.453840255737304688e+00
5.542018890380859375e+00
5.620102882385253906e+00
5.642166614532470703e+00
5.587931156158447266e+00
5.544812679290771484e+00
5.534352302551269531e+00
5.611035823822021484e+00
5.481681823730468750e+00
5.506007194519042969e+00
5.538542747497558594e+00
5.615218162536621094e+00
5.554008007049560547e+00
5.475303649902343750e+00
