6.640399932861328125e+00
6.303047657012939453e+00
5.916363716125488281e+00
5.667118549346923828e+00
5.523075103759765625e+00
5.460714340209960938e+00
5.415502071380615234e+00
5.384594917297363281e+00
5.369443416595458984e+00
5.343841552734375000e+00
5.313058376312255859e+00
5.345562934875488281e+00
5.320282459259033203e+00
5.281264305114746094e+00
5.272898197174072266e+00
5.281465530395507812e+00
5.263836860656738281e+00
5.263589382171630859e+00
5.246779918670654297e+00
5.244701385498046875e+00
5.227873325347900391e+00
5.224093437194824219e+00
5.212054729461669922e+00
5.241343021392822266e+00
5.220767021179199219e+00
5.225223064422607422e+00
5.219521522521972656e+00
5.174699306488037109e+00
5.206355094909667969e+00
5.183251380920410156e+00
5.213160991668701172e+00
5.140845298767089844e+00
5.186124801635742188e+00
5.136989593505859375e+00
5.137072086334228516e+00
5.164428710937500000e+00
5.157106399536132812e+00
5.122200012207031250e+00
5.159722805023193359e+00
5.123881340026855469e+00
5.138586997985839844e+00
5.103219509124755859e+00
5.110767841339111328e+00
5.092484474182128906e+00
5.108440876007080078e+00
5.110764503479003906e+00
5.098722457885742188e+00
5.151914119720458984e+00
5.102217674255371094e+00
5.090809345245361328e+00
5.100561141967773438e+00
5.105600357055664062e+00
5.104918003082275391e+00
5.067891120910644531e+00
5.077632427215576172e+00
5.093123912811279297e+00
5.094235897064208984e+00
5.075707435607910156e+00
5.120204448699951172e+00
5.101049900054931641e+00
5.058512210845947266e+00
5.059016227722167969e+00
5.078070163726806641e+00
5.073813438415527344e+00
5.074777126312255859e+00
5.066081047058105469e+00
5.052455425262451172e+00
5.067340850830078125e+00
5.049362659454345703e+00
5.087780952453613281e+00
5.104718208312988281e+00
5.067520618438720703e+00
5.084566116333007812e+00
5.085564136505126953e+00
5.078506946563720703e+00
5.092089176177978516e+00
5.072018623352050781e+00
5.057083129882812500e+00
5.055444717407226562e+00
5.077184200286865234e+00
5.064525604248046875e+00
5.055235862731933594e+00
5.053033828735351562e+00
5.037440299987792969e+00
5.032280445098876953e+00
5.054662704467773438e+00
5.057417869567871094e+00
5.068379402160644531e+00
5.053584098815917969e+00
5.070695877075195312e+00
5.056863307952880859e+00
5.023089885711669922e+00
5.088961124420166016e+00
5.075355052947998047e+00
5.061704635620117188e+00
5.033943653106689453e+00
5.080486297607421875e+00
5.061313152313232422e+00
5.031980991363525391e+00
5.081571102142333984e+00
5.069834709167480469e+00
5.047338485717773438e+00
5.069208621978759766e+00
5.025954723358154297e+00
5.028478145599365234e+00
5.048925876617431641e+00
5.032633304595947266e+00
5.038058280944824219e+00
5.035085201263427734e+00
5.063034057617187500e+00
5.083328247070312500e+00
5.025074005126953125e+00
5.029036045074462891e+00
5.014872550964355469e+00
5.024109363555908203e+00
5.048652648925781250e+00
5.025386333465576172e+00
5.030540466308593750e+00
5.030855178833007812e+00
5.034435272216796875e+00
5.039896011352539062e+00
5.040923595428466797e+00
5.032873153686523438e+00
5.027226924896240234e+00
5.061945915222167969e+00
5.028141975402832031e+00
5.076219558715820312e+00
5.047506332397460938e+00
5.083842277526855469e+00
5.012014865875244141e+00
5.044645786285400391e+00
5.047540187835693359e+00
5.023045063018798828e+00
5.051022529602050781e+00
5.051721096038818359e+00
5.042749881744384766e+00
5.030482292175292969e+00
5.036199092864990234e+00
5.020129680633544922e+00
5.019755840301513672e+00
5.033425331115722656e+00
5.015089035034179688e+00
5.014286994934082031e+00
5.052736282348632812e+00
5.020793914794921875e+00
5.013942718505859375e+00
5.033969879150390625e+00
5.007158279418945312e+00
5.013143539428710938e+00
5.032528877258300781e+00
5.024454593658447266e+00
5.007383346557617188e+00
5.015405654907226562e+00
5.044713973999023438e+00
5.017488956451416016e+00
5.005127429962158203e+00
5.028988838195800781e+00
5.014094352722167969e+00
5.028327941894531250e+00
5.030274391174316406e+00
5.016518592834472656e+00
5.019755363464355469e+00
5.056146144866943359e+00
5.020846843719482422e+00
5.021114826202392578e+00
5.010712623596191406e+00
5.064478874206542969e+00
5.035264968872070312e+00
5.039222240447998047e+00
5.016560077667236328e+00
5.055962085723876953e+00
5.016167163848876953e+00
5.015188217163085938e+00
5.086734771728515625e+00
5.014421463012695312e+00
5.028497219085693359e+00
5.007211208343505859e+00
5.018733978271484375e+00
5.087214469909667969e+00
5.049378395080566406e+00
5.015148162841796875e+00
5.035933017730712891e+00
5.024854183197021484e+00
5.053796768188476562e+00
5.039861679077148438e+00
5.026919841766357422e+00
5.034271717071533203e+00
5.018189907073974609e+00
5.042654991149902344e+00
5.038376331329345703e+00
5.022948265075683594e+00
5.029218673706054688e+00
5.025012969970703125e+00
5.009889602661132812e+00
5.048583030700683594e+00
5.044300556182861328e+00
5.004755020141601562e+00
5.006898880004882812e+00
5.018158912658691406e+00
5.004005908966064453e+00
5.049692630767822266e+00
5.046016693115234375e+00
5.054034709930419922e+00
5.004411220550537109e+00
5.028969764709472656e+00
5.012221813201904297e+00
5.049857139587402344e+00
4.996506690979003906e+00
5.004999637603759766e+00
5.006917953491210938e+00
5.005214691162109375e+00
5.000283241271972656e+00
5.063309669494628906e+00
5.031095027923583984e+00
5.002914428710937500e+00
5.034852027893066406e+00
5.026240348815917969e+00
5.010790348052978516e+00
5.010713100433349609e+00
5.025201320648193359e+00
5.022280693054199219e+00
5.033395767211914062e+00
5.029399871826171875e+00
5.021791458129882812e+00
5.015194892883300781e+00
5.008260250091552734e+00
5.022216796875000000e+00
5.008460998535156250e+00
5.005893707275390625e+00
5.012557029724121094e+00
5.023589611053466797e+00
5.010122299194335938e+00
5.020957946777343750e+00
5.028374671936035156e+00
5.052913665771484375e+00
5.034968852996826172e+00
5.055187225341796875e+00
5.026432991027832031e+00
5.013998985290527344e+00
5.043321132659912109e+00
5.013496875762939453e+00
5.034819602966308594e+00
5.003365516662597656e+00
5.017651081085205078e+00
4.995402336120605469e+00
5.018067836761474609e+00
5.019400596618652344e+00
5.017529487609863281e+00
5.011916160583496094e+00
5.015842437744140625e+00
5.007269382476806641e+00
5.057662963867187500e+00
5.014184951782226562e+00
5.025895118713378906e+00
5.017777442932128906e+00
5.066137313842773438e+00
5.015473365783691406e+00
5.019409656524658203e+00
5.028503417968750000e+00
5.020310878753662109e+00
5.006527423858642578e+00
5.008382797241210938e+00
5.035689353942871094e+00
5.020301818847656250e+00
5.013145923614501953e+00
5.010152339935302734e+00
5.026784896850585938e+00
5.011849880218505859e+00
5.010252952575683594e+00
5.023607254028320312e+00
5.047585964202880859e+00
5.027843475341796875e+00
5.011945724487304688e+00
5.029821395874023438e+00
5.009813308715820312e+00
5.020837306976318359e+00
5.004807472229003906e+00
5.012274742126464844e+00
5.008895397186279297e+00
5.038136482238769531e+00
5.009752273559570312e+00
5.017727375030517578e+00
5.035258293151855469e+00
5.053923606872558594e+00
5.035176277160644531e+00
5.023900985717773438e+00
5.004715919494628906e+00
5.031070709228515625e+00
5.017780303955078125e+00
5.015234470367431641e+00
5.029467105865478516e+00
5.004510879516601562e+00
5.041517257690429688e+00
5.025236606597900391e+00
5.009451866149902344e+00
4.997239589691162109e+00
5.025129318237304688e+00
5.023206710815429688e+00
5.034387588500976562e+00
5.020898342132568359e+00
5.002860069274902344e+00
4.996970176696777344e+00
5.002675056457519531e+00
5.029265880584716797e+00
5.021015644073486328e+00
5.045038700103759766e+00
5.012095451354980469e+00
4.998065948486328125e+00
5.001824855804443359e+00
5.003442287445068359e+00
5.016128540039062500e+00
5.033658981323242188e+00
4.994760036468505859e+00
5.021886825561523438e+00
5.016182899475097656e+00
5.054231166839599609e+00
5.004669189453125000e+00
5.003281116485595703e+00
5.011148929595947266e+00
5.028677940368652344e+00
5.014507770538330078e+00
5.008906364440917969e+00
5.013951778411865234e+00
5.035292148590087891e+00
5.019991397857666016e+00
5.007778167724609375e+00
4.996306896209716797e+00
5.016084194183349609e+00
4.998884201049804688e+00
5.002782344818115234e+00
5.019448280334472656e+00
4.993881225585937500e+00
4.994024276733398438e+00
5.048105716705322266e+00
5.027085304260253906e+00
4.982819080352783203e+00
5.030122280120849609e+00
5.065721511840820312e+00
4.995607852935791016e+00
5.019944667816162109e+00
5.005903244018554688e+00
4.999624252319335938e+00
5.032684326171875000e+00
5.016514301300048828e+00
4.998637199401855469e+00
4.997394561767578125e+00
5.008948802947998047e+00
5.038679122924804688e+00
5.007153034210205078e+00
5.004310131072998047e+00
5.022003650665283203e+00
4.991936683654785156e+00
5.024927616119384766e+00
5.020688056945800781e+00
4.988227844238281250e+00
5.010010719299316406e+00
4.987061500549316406e+00
4.988831996917724609e+00
5.021588325500488281e+00
5.020054340362548828e+00
5.020562648773193359e+00
5.028945922851562500e+00
5.021435737609863281e+00
5.004158973693847656e+00
5.004946708679199219e+00
4.994041442871093750e+00
4.999318122863769531e+00
5.015464305877685547e+00
5.007805824279785156e+00
5.002622604370117188e+00
5.013480186462402344e+00
5.026874065399169922e+00
5.010066986083984375e+00
5.007332801818847656e+00
4.998860836029052734e+00
4.998760700225830078e+00
5.009781837463378906e+00
5.033729553222656250e+00
4.988918781280517578e+00
5.008362770080566406e+00
5.024150848388671875e+00
5.000831127166748047e+00
4.994925022125244141e+00
4.993069171905517578e+00
5.017125606536865234e+00
4.989163398742675781e+00
4.996889591217041016e+00
5.002972126007080078e+00
5.014321327209472656e+00
5.031414508819580078e+00
5.005249023437500000e+00
4.979840755462646484e+00
4.994122028350830078e+00
4.987548828125000000e+00
4.989982128143310547e+00
5.016142845153808594e+00
4.986834526062011719e+00
5.004073143005371094e+00
4.986781597137451172e+00
5.026692867279052734e+00
4.997787475585937500e+00
5.038546562194824219e+00
5.020067214965820312e+00
5.039371490478515625e+00
4.999859809875488281e+00
5.015265464782714844e+00
5.018570899963378906e+00
5.004685878753662109e+00
4.995027542114257812e+00
5.007896423339843750e+00
5.000656604766845703e+00
5.028696060180664062e+00
5.003851413726806641e+00
4.991933345794677734e+00
4.996628761291503906e+00
5.020058631896972656e+00
5.029968261718750000e+00
5.000720500946044922e+00
5.022386074066162109e+00
4.999437808990478516e+00
5.002939224243164062e+00
4.996727943420410156e+00
5.005234718322753906e+00
5.030371665954589844e+00
4.995654106140136719e+00
4.994019508361816406e+00
5.005028724670410156e+00
5.017857551574707031e+00
4.989653110504150391e+00
5.070583343505859375e+00
5.014241695404052734e+00
5.009923934936523438e+00
5.027762413024902344e+00
5.023086547851562500e+00
4.987058162689208984e+00
5.006841182708740234e+00
4.982012748718261719e+00
4.998927116394042969e+00
4.982648372650146484e+00
5.046254634857177734e+00
4.995045185089111328e+00
4.999579429626464844e+00
4.988540649414062500e+00
5.004448413848876953e+00
4.986339569091796875e+00
5.023892402648925781e+00
5.020221710205078125e+00
4.988423347473144531e+00
5.000935077667236328e+00
5.014801025390625000e+00
5.043898582458496094e+00
5.056019783020019531e+00
5.033333778381347656e+00
4.999262809753417969e+00
5.020516872406005859e+00
5.029912948608398438e+00
4.993304252624511719e+00
5.007385253906250000e+00
4.995261669158935547e+00
5.010219573974609375e+00
5.032686233520507812e+00
5.012900352478027344e+00
5.018406867980957031e+00
5.002802848815917969e+00
4.994603633880615234e+00
5.008449554443359375e+00
5.021585464477539062e+00
5.005040168762207031e+00
4.993761062622070312e+00
4.985341072082519531e+00
4.992334365844726562e+00
5.008477210998535156e+00
4.995632171630859375e+00
5.021709442138671875e+00
5.002846717834472656e+00
5.052976608276367188e+00
5.002945899963378906e+00
5.057925701141357422e+00
5.004294395446777344e+00
5.006218910217285156e+00
4.988735198974609375e+00
5.006440162658691406e+00
5.025809288024902344e+00
4.992770195007324219e+00
5.023952484130859375e+00
4.996694087982177734e+00
5.010435104370117188e+00
4.986775398254394531e+00
4.997927188873291016e+00
5.003873825073242188e+00
4.984679222106933594e+00
5.034934997558593750e+00
5.020882129669189453e+00
5.026698112487792969e+00
5.005402088165283203e+00
5.004956245422363281e+00
4.995244503021240234e+00
5.007139205932617188e+00
5.007968425750732422e+00
5.005453586578369141e+00
5.004153728485107422e+00
5.010961055755615234e+00
4.997413158416748047e+00
4.993789196014404297e+00
4.978790760040283203e+00
5.001314163208007812e+00
5.010461330413818359e+00
5.054612159729003906e+00
5.007863998413085938e+00
5.023519992828369141e+00
4.997117042541503906e+00
4.988371849060058594e+00
5.002716064453125000e+00
5.012382984161376953e+00
4.996505737304687500e+00
4.991561889648437500e+00
4.995942592620849609e+00
5.005595207214355469e+00
4.986725807189941406e+00
5.027430057525634766e+00
5.017679214477539062e+00
5.021102428436279297e+00
5.005511283874511719e+00
5.031147003173828125e+00
5.009242057800292969e+00
4.994997978210449219e+00
5.010942459106445312e+00
5.002446651458740234e+00
4.997941017150878906e+00
5.028232574462890625e+00
5.017086505889892578e+00
4.992653846740722656e+00
5.024192333221435547e+00
5.021443367004394531e+00
4.996277332305908203e+00
4.988590717315673828e+00
4.999522686004638672e+00
5.010735988616943359e+00
5.013388633728027344e+00
5.019323348999023438e+00
5.019647598266601562e+00
4.998321533203125000e+00
4.994635581970214844e+00
5.003704071044921875e+00
4.992695808410644531e+00
4.986956119537353516e+00
4.978783607482910156e+00
4.983238220214843750e+00
5.007496356964111328e+00
4.991621017456054688e+00
4.995782375335693359e+00
5.010083198547363281e+00
4.994370460510253906e+00
5.016290664672851562e+00
4.989040851593017578e+00
5.013245105743408203e+00
4.999777793884277344e+00
4.987613677978515625e+00
4.990112304687500000e+00
4.999943256378173828e+00
4.996524333953857422e+00
5.011188507080078125e+00
4.985560417175292969e+00
5.040121555328369141e+00
4.998449325561523438e+00
4.990141391754150391e+00
4.997971534729003906e+00
4.986717224121093750e+00
4.995229721069335938e+00
4.983396053314208984e+00
4.991091251373291016e+00
5.000643730163574219e+00
4.986353397369384766e+00
4.997602462768554688e+00
4.995713710784912109e+00
4.994698524475097656e+00
4.995039463043212891e+00
5.005000114440917969e+00
4.987476825714111328e+00
4.983907699584960938e+00
5.001449108123779297e+00
5.011610507965087891e+00
4.998315811157226562e+00
5.008310794830322266e+00
4.993383884429931641e+00
4.983750820159912109e+00
4.997314453125000000e+00
5.037319660186767578e+00
5.000240325927734375e+00
5.004170417785644531e+00
4.988079547882080078e+00
5.015373706817626953e+00
5.005108833312988281e+00
4.982039451599121094e+00
4.984438896179199219e+00
5.014180183410644531e+00
5.006862163543701172e+00
5.007900238037109375e+00
4.986823081970214844e+00
5.009222984313964844e+00
4.990360736846923828e+00
4.984687328338623047e+00
5.007925987243652344e+00
4.974809646606445312e+00
4.982397556304931641e+00
5.005112648010253906e+00
4.996170043945312500e+00
5.015899658203125000e+00
4.992282390594482422e+00
4.985659599304199219e+00
4.997705936431884766e+00
4.989151954650878906e+00
4.981595516204833984e+00
4.987551212310791016e+00
5.004555225372314453e+00
4.992624282836914062e+00
4.986172676086425781e+00
4.976765632629394531e+00
4.988559246063232422e+00
5.023751258850097656e+00
5.013057708740234375e+00
5.014338493347167969e+00
4.984070301055908203e+00
4.999315738677978516e+00
4.987017154693603516e+00
4.986991405487060547e+00
4.989821434020996094e+00
4.990631580352783203e+00
4.976805686950683594e+00
4.987278938293457031e+00
5.001011371612548828e+00
4.972126960754394531e+00
4.991885185241699219e+00
5.003487110137939453e+00
4.997520446777343750e+00
4.983352661132812500e+00
5.001628875732421875e+00
5.004692077636718750e+00
4.989659309387207031e+00
4.984274387359619141e+00
4.998519420623779297e+00
4.999858856201171875e+00
4.997890472412109375e+00
4.999491214752197266e+00
4.974399089813232422e+00
4.992234230041503906e+00
4.996347904205322266e+00
4.993419170379638672e+00
4.995519638061523438e+00
5.000027179718017578e+00
5.007072448730468750e+00
4.986204624176025391e+00
4.981055259704589844e+00
4.995754241943359375e+00
5.005668640136718750e+00
5.046198844909667969e+00
5.002079963684082031e+00
5.001619815826416016e+00
5.015603065490722656e+00
5.001572132110595703e+00
4.998309135437011719e+00
4.998207092285156250e+00
4.989992141723632812e+00
5.028512954711914062e+00
5.000811576843261719e+00
4.995613574981689453e+00
4.990661621093750000e+00
4.993119239807128906e+00
5.008002281188964844e+00
4.980851173400878906e+00
5.003780364990234375e+00
5.011703491210937500e+00
5.007182121276855469e+00
5.012814044952392578e+00
4.980314731597900391e+00
4.976872444152832031e+00
5.001377582550048828e+00
5.011786937713623047e+00
5.003065586090087891e+00
4.973914623260498047e+00
5.000945568084716797e+00
4.994291782379150391e+00
4.980433464050292969e+00
4.998425006866455078e+00
4.989442825317382812e+00
4.985717773437500000e+00
5.015495300292968750e+00
4.983060836791992188e+00
5.052484035491943359e+00
4.989482879638671875e+00
4.990601539611816406e+00
4.996122360229492188e+00
4.992771625518798828e+00
4.987725257873535156e+00
4.974363327026367188e+00
4.989757537841796875e+00
5.008893966674804688e+00
4.983981609344482422e+00
5.028608322143554688e+00
4.971053123474121094e+00
4.999309539794921875e+00
5.001750946044921875e+00
4.999491214752197266e+00
5.005282402038574219e+00
5.020883560180664062e+00
4.980799198150634766e+00
5.010045051574707031e+00
4.991199493408203125e+00
4.990150451660156250e+00
4.982510566711425781e+00
4.999066352844238281e+00
4.975537300109863281e+00
4.984257698059082031e+00
4.979393005371093750e+00
5.001605033874511719e+00
4.989132881164550781e+00
4.981245994567871094e+00
5.009025573730468750e+00
4.994517803192138672e+00
4.983211517333984375e+00
4.991297721862792969e+00
4.983883380889892578e+00
4.992986679077148438e+00
5.013277053833007812e+00
5.003445148468017578e+00
4.985590934753417969e+00
5.020336151123046875e+00
5.025737285614013672e+00
5.010722160339355469e+00
5.011876583099365234e+00
4.978853225708007812e+00
4.996946811676025391e+00
4.999293327331542969e+00
5.000059127807617188e+00
4.998516082763671875e+00
4.980002403259277344e+00
4.994878292083740234e+00
4.985755443572998047e+00
4.998502254486083984e+00
4.991036891937255859e+00
5.001777648925781250e+00
4.998974800109863281e+00
5.009001731872558594e+00
4.990623474121093750e+00
5.008259296417236328e+00
4.992753505706787109e+00
5.002629756927490234e+00
4.984089851379394531e+00
4.996225357055664062e+00
4.987351417541503906e+00
5.010831832885742188e+00
4.989915370941162109e+00
4.985713481903076172e+00
4.998007774353027344e+00
4.986756324768066406e+00
5.011606693267822266e+00
5.034533977508544922e+00
4.998946189880371094e+00
4.980706691741943359e+00
4.978303432464599609e+00
4.965011119842529297e+00
4.995163917541503906e+00
4.987317562103271484e+00
5.008499145507812500e+00
5.000882148742675781e+00
4.983324527740478516e+00
4.973684310913085938e+00
4.989769935607910156e+00
5.010101795196533203e+00
5.015435218811035156e+00
4.990522384643554688e+00
5.002222061157226562e+00
5.002793312072753906e+00
5.026445388793945312e+00
4.983133316040039062e+00
4.978896617889404297e+00
4.990034103393554688e+00
4.979154109954833984e+00
4.996383190155029297e+00
4.998360633850097656e+00
4.985256195068359375e+00
4.983749389648437500e+00
5.015005111694335938e+00
4.990786552429199219e+00
5.000033855438232422e+00
4.979270458221435547e+00
4.975231170654296875e+00
4.986814022064208984e+00
4.992015361785888672e+00
4.982232093811035156e+00
4.987183570861816406e+00
4.988558769226074219e+00
4.990084171295166016e+00
4.985573768615722656e+00
5.006098270416259766e+00
4.976634979248046875e+00
5.005008697509765625e+00
4.984178066253662109e+00
4.973363876342773438e+00
4.974955558776855469e+00
4.974573612213134766e+00
5.007209777832031250e+00
4.994231224060058594e+00
5.007532596588134766e+00
4.980751991271972656e+00
4.991344451904296875e+00
5.013432502746582031e+00
4.976657867431640625e+00
4.985493183135986328e+00
4.982093811035156250e+00
4.993327140808105469e+00
4.995210647583007812e+00
4.974880218505859375e+00
5.000955581665039062e+00
4.988418579101562500e+00
4.997968196868896484e+00
4.986236095428466797e+00
4.984209060668945312e+00
5.004273414611816406e+00
5.038030147552490234e+00
5.003734111785888672e+00
4.993596553802490234e+00
5.004056453704833984e+00
5.000484466552734375e+00
4.982822418212890625e+00
4.999154567718505859e+00
4.991363048553466797e+00
4.997862815856933594e+00
4.987829685211181641e+00
4.996953010559082031e+00
4.990873336791992188e+00
4.986882686614990234e+00
5.008337974548339844e+00
4.989989280700683594e+00
4.985564231872558594e+00
4.984604358673095703e+00
4.981583595275878906e+00
5.001229286193847656e+00
4.984883308410644531e+00
4.984901905059814453e+00
4.998272895812988281e+00
4.978416442871093750e+00
4.990175247192382812e+00
4.999502658843994141e+00
4.990107059478759766e+00
5.018282413482666016e+00
4.977125167846679688e+00
4.987501144409179688e+00
4.981062889099121094e+00
5.012090682983398438e+00
4.987649440765380859e+00
4.982088088989257812e+00
4.997025489807128906e+00
4.998324394226074219e+00
4.984171390533447266e+00
4.998312950134277344e+00
4.979080677032470703e+00
4.991650581359863281e+00
4.996048450469970703e+00
4.988452434539794922e+00
4.994335174560546875e+00
4.984666824340820312e+00
4.999187469482421875e+00
4.986510276794433594e+00
4.997334480285644531e+00
4.986777782440185547e+00
4.987528800964355469e+00
4.984914779663085938e+00
4.982592582702636719e+00
4.985413074493408203e+00
4.977883338928222656e+00
4.991596221923828125e+00
4.973246574401855469e+00
4.985576629638671875e+00
5.005073070526123047e+00
5.008962154388427734e+00
4.999657630920410156e+00
5.001155853271484375e+00
4.993056297302246094e+00
5.013595581054687500e+00
4.993698120117187500e+00
4.981393814086914062e+00
5.000759124755859375e+00
4.990705490112304688e+00
4.982273101806640625e+00
4.980654716491699219e+00
5.003418922424316406e+00
4.972303390502929688e+00
4.973609447479248047e+00
4.995333194732666016e+00
4.972621917724609375e+00
4.961229801177978516e+00
4.981437683105468750e+00
4.993578433990478516e+00
4.967689037322998047e+00
4.996953487396240234e+00
5.046746253967285156e+00
4.984924793243408203e+00
4.990482807159423828e+00
4.976625919342041016e+00
4.983912944793701172e+00
4.971978187561035156e+00
4.967007637023925781e+00
4.980072021484375000e+00
5.001215934753417969e+00
4.990870475769042969e+00
4.989338874816894531e+00
4.974566459655761719e+00
4.980096340179443359e+00
4.989984512329101562e+00
5.024387359619140625e+00
5.020537853240966797e+00
4.980395317077636719e+00
4.991033077239990234e+00
4.990666389465332031e+00
4.988838672637939453e+00
5.002949714660644531e+00
4.977158546447753906e+00
5.005562782287597656e+00
4.982079505920410156e+00
5.010780334472656250e+00
4.997482299804687500e+00
4.975893020629882812e+00
4.984498023986816406e+00
5.004420280456542969e+00
4.977398872375488281e+00
4.992441177368164062e+00
5.022934913635253906e+00
4.980938434600830078e+00
4.985776424407958984e+00
4.990244865417480469e+00
4.999966621398925781e+00
5.010857105255126953e+00
4.993053436279296875e+00
4.979238033294677734e+00
4.983777046203613281e+00
4.975655555725097656e+00
5.019492149353027344e+00
4.988361358642578125e+00
5.008718967437744141e+00
4.991207122802734375e+00
4.990786075592041016e+00
5.015223026275634766e+00
4.974049091339111328e+00
5.002111434936523438e+00
4.987069129943847656e+00
4.971672058105468750e+00
4.968915939331054688e+00
5.001428604125976562e+00
4.983804702758789062e+00
4.988291740417480469e+00
4.974378585815429688e+00
4.979486465454101562e+00
4.996656894683837891e+00
4.977089881896972656e+00
4.977124691009521484e+00
5.007499217987060547e+00
4.987169265747070312e+00
4.973864555358886719e+00
5.006296634674072266e+00
5.001447200775146484e+00
4.987065315246582031e+00
4.971200942993164062e+00
4.995100021362304688e+00
4.981219768524169922e+00
4.999545574188232422e+00
5.000354766845703125e+00
4.988829612731933594e+00
4.980488300323486328e+00
4.983191490173339844e+00
