6.820372581481933594e+00
6.668708801269531250e+00
6.565117359161376953e+00
6.297708988189697266e+00
6.274204254150390625e+00
6.200530529022216797e+00
6.132627964019775391e+00
6.189341545104980469e+00
6.189512252807617188e+00
6.167558670043945312e+00
6.115493297576904297e+00
6.121255874633789062e+00
6.044376373291015625e+00
6.194825172424316406e+00
6.022538185119628906e+00
5.991907596588134766e+00
6.108126640319824219e+00
6.035296916961669922e+00
6.091832160949707031e+00
5.968088150024414062e+00
6.332157135009765625e+00
5.919239044189453125e+00
6.043186187744140625e+00
6.017422676086425781e+00
5.950268268585205078e+00
6.013294696807861328e+00
6.004024028778076172e+00
5.989399909973144531e+00
5.882186889648437500e+00
5.978535652160644531e+00
5.845266342163085938e+00
5.903790473937988281e+00
5.815599441528320312e+00
5.968936920166015625e+00
6.170839309692382812e+00
6.059623718261718750e+00
5.987788200378417969e+00
5.966234683990478516e+00
5.958145618438720703e+00
5.877734661102294922e+00
5.860879898071289062e+00
5.844271659851074219e+00
5.872868537902832031e+00
5.927000999450683594e+00
6.059076309204101562e+00
5.938518524169921875e+00
6.006096363067626953e+00
5.818521022796630859e+00
5.960498332977294922e+00
5.754821777343750000e+00
5.934139251708984375e+00
5.837813377380371094e+00
6.109401702880859375e+00
5.848882198333740234e+00
5.889662265777587891e+00
5.893406391143798828e+00
5.929365634918212891e+00
5.821173191070556641e+00
5.853760719299316406e+00
5.811834812164306641e+00
5.864802360534667969e+00
5.849529266357421875e+00
5.898261547088623047e+00
6.022508621215820312e+00
5.873252391815185547e+00
5.984279632568359375e+00
6.081589698791503906e+00
5.896800994873046875e+00
5.781101703643798828e+00
5.733539104461669922e+00
5.971580028533935547e+00
5.838344573974609375e+00
5.790140151977539062e+00
5.820684432983398438e+00
5.948552131652832031e+00
5.803318977355957031e+00
5.792402267456054688e+00
5.756452560424804688e+00
5.960274219512939453e+00
5.742513656616210938e+00
5.790916919708251953e+00
6.039622783660888672e+00
5.801442146301269531e+00
5.709424018859863281e+00
5.805214881896972656e+00
5.865394115447998047e+00
5.756361961364746094e+00
5.814482212066650391e+00
5.880487918853759766e+00
5.887024402618408203e+00
5.824768066406250000e+00
5.844453334808349609e+00
5.790490150451660156e+00
5.756114959716796875e+00
5.715348243713378906e+00
5.765139579772949219e+00
5.766460895538330078e+00
5.804154396057128906e+00
5.663103103637695312e+00
5.915952205657958984e+00
5.813124179840087891e+00
5.747756481170654297e+00
5.847298622131347656e+00
5.729622840881347656e+00
5.697157859802246094e+00
5.819594383239746094e+00
5.747051715850830078e+00
5.756150245666503906e+00
5.685473442077636719e+00
5.767034530639648438e+00
5.716730117797851562e+00
5.761936664581298828e+00
5.657229423522949219e+00
5.846873283386230469e+00
5.821025848388671875e+00
5.709356784820556641e+00
5.891953468322753906e+00
5.724665641784667969e+00
5.723247528076171875e+00
5.763053417205810547e+00
5.651618003845214844e+00
5.646716594696044922e+00
5.887769222259521484e+00
5.683808803558349609e+00
5.965525627136230469e+00
5.700094223022460938e+00
5.835186004638671875e+00
5.752736568450927734e+00
5.684957027435302734e+00
5.626669406890869141e+00
5.753159523010253906e+00
5.672780036926269531e+00
5.718781471252441406e+00
5.721240997314453125e+00
5.684192657470703125e+00
5.665966510772705078e+00
5.611490726470947266e+00
5.826424598693847656e+00
5.747492790222167969e+00
5.654897689819335938e+00
5.643265724182128906e+00
5.723856449127197266e+00
5.754426002502441406e+00
5.664903640747070312e+00
5.605658531188964844e+00
5.686934947967529297e+00
5.821690559387207031e+00
5.713196754455566406e+00
5.645213127136230469e+00
5.755960941314697266e+00
5.791031360626220703e+00
5.675915718078613281e+00
5.821973323822021484e+00
5.898287773132324219e+00
5.747393608093261719e+00
5.752247333526611328e+00
5.744967460632324219e+00
5.789431095123291016e+00
5.685666561126708984e+00
5.861444473266601562e+00
5.692483901977539062e+00
5.711471080780029297e+00
5.741494655609130859e+00
5.679888725280761719e+00
5.685619831085205078e+00
5.694890022277832031e+00
5.716001510620117188e+00
5.720234870910644531e+00
5.666079521179199219e+00
5.827843189239501953e+00
5.709575653076171875e+00
5.633366584777832031e+00
5.670493602752685547e+00
5.725472450256347656e+00
5.577707290649414062e+00
5.769943237304687500e+00
5.618835449218750000e+00
5.676126003265380859e+00
5.657255649566650391e+00
5.736686229705810547e+00
5.623226642608642578e+00
5.657372474670410156e+00
5.563912868499755859e+00
5.629188060760498047e+00
5.761079788208007812e+00
5.814180850982666016e+00
5.894797801971435547e+00
5.747762203216552734e+00
5.679072380065917969e+00
5.660612583160400391e+00
5.712114334106445312e+00
5.720897197723388672e+00
5.677257537841796875e+00
5.760511875152587891e+00
5.757826805114746094e+00
5.656368255615234375e+00
5.678098678588867188e+00
5.655865669250488281e+00
5.743716716766357422e+00
5.761936664581298828e+00
5.636845588684082031e+00
5.669528961181640625e+00
5.763583660125732422e+00
5.641440868377685547e+00
5.587595939636230469e+00
5.668512344360351562e+00
5.689892768859863281e+00
5.734631538391113281e+00
5.752830505371093750e+00
5.675698280334472656e+00
5.673114776611328125e+00
5.844300270080566406e+00
5.659423828125000000e+00
5.688102722167968750e+00
5.824596405029296875e+00
5.699416160583496094e+00
5.641665458679199219e+00
5.644636631011962891e+00
5.840909957885742188e+00
5.627513885498046875e+00
5.654457569122314453e+00
5.732349872589111328e+00
5.677137851715087891e+00
5.657570838928222656e+00
5.676932334899902344e+00
5.649054527282714844e+00
5.800189971923828125e+00
5.726629257202148438e+00
5.628868579864501953e+00
5.683668136596679688e+00
5.680868148803710938e+00
5.918011188507080078e+00
5.700319290161132812e+00
5.649842739105224609e+00
5.718131542205810547e+00
5.710168838500976562e+00
5.807449340820312500e+00
5.589642047882080078e+00
5.636241912841796875e+00
5.751336097717285156e+00
5.682596206665039062e+00
5.657153129577636719e+00
5.671270847320556641e+00
5.671555519104003906e+00
5.709647655487060547e+00
5.690881252288818359e+00
5.663444042205810547e+00
5.587203979492187500e+00
5.759364128112792969e+00
5.602531433105468750e+00
5.657680034637451172e+00
5.760219573974609375e+00
5.554531574249267578e+00
5.790798664093017578e+00
5.552458286285400391e+00
5.658491611480712891e+00
5.606409072875976562e+00
5.607047080993652344e+00
5.806318283081054688e+00
5.622453689575195312e+00
5.770659923553466797e+00
5.665676116943359375e+00
5.706528663635253906e+00
5.689244747161865234e+00
5.693149566650390625e+00
5.732256412506103516e+00
5.702536582946777344e+00
5.631041526794433594e+00
5.652190685272216797e+00
5.699473381042480469e+00
5.629241943359375000e+00
5.612425804138183594e+00
5.704418659210205078e+00
5.887054920196533203e+00
5.835798740386962891e+00
5.657287597656250000e+00
5.614952087402343750e+00
5.882270812988281250e+00
5.805123329162597656e+00
5.643140792846679688e+00
5.639103412628173828e+00
5.754491329193115234e+00
5.615197658538818359e+00
5.660512447357177734e+00
5.602568626403808594e+00
5.639165401458740234e+00
5.649878501892089844e+00
5.636200904846191406e+00
5.664802551269531250e+00
5.689285278320312500e+00
5.734457492828369141e+00
5.745985031127929688e+00
5.649801254272460938e+00
5.643209457397460938e+00
5.543319702148437500e+00
5.598494052886962891e+00
5.678029537200927734e+00
5.841211795806884766e+00
5.625468254089355469e+00
5.739866733551025391e+00
5.609879493713378906e+00
5.632246494293212891e+00
5.625958919525146484e+00
5.688983440399169922e+00
5.610415935516357422e+00
5.703043937683105469e+00
5.647541999816894531e+00
5.523867607116699219e+00
5.630012035369873047e+00
5.537756443023681641e+00
5.564643383026123047e+00
5.719763755798339844e+00
5.612579822540283203e+00
5.579813957214355469e+00
5.726832389831542969e+00
5.565484046936035156e+00
5.575240612030029297e+00
5.639522552490234375e+00
5.580574512481689453e+00
5.634960651397705078e+00
5.703656196594238281e+00
5.547733306884765625e+00
5.627135276794433594e+00
5.665144920349121094e+00
5.642540454864501953e+00
5.564709663391113281e+00
5.696400165557861328e+00
5.742015838623046875e+00
5.632449150085449219e+00
5.606120109558105469e+00
5.746753215789794922e+00
5.629114151000976562e+00
5.845465183258056641e+00
5.662332534790039062e+00
5.680253028869628906e+00
5.623186588287353516e+00
5.685181617736816406e+00
5.630696296691894531e+00
5.616521358489990234e+00
5.877993106842041016e+00
5.678825855255126953e+00
5.742609977722167969e+00
5.703459739685058594e+00
5.565364360809326172e+00
5.552918910980224609e+00
5.630603313446044922e+00
5.613308906555175781e+00
5.579690933227539062e+00
5.777552604675292969e+00
5.618413448333740234e+00
5.558609962463378906e+00
5.597189903259277344e+00
5.697096824645996094e+00
5.736943721771240234e+00
5.589031696319580078e+00
5.648376464843750000e+00
5.634913444519042969e+00
5.673120498657226562e+00
5.584825515747070312e+00
5.560564517974853516e+00
5.680866241455078125e+00
5.580924510955810547e+00
5.633908271789550781e+00
5.760056495666503906e+00
5.598196983337402344e+00
5.556284427642822266e+00
5.666850090026855469e+00
5.674833297729492188e+00
5.614172935485839844e+00
5.612693786621093750e+00
5.639586448669433594e+00
5.753710269927978516e+00
5.484799385070800781e+00
5.625496864318847656e+00
5.626921176910400391e+00
5.656953334808349609e+00
5.807622909545898438e+00
5.573476314544677734e+00
5.556039810180664062e+00
5.720012664794921875e+00
5.565359592437744141e+00
5.518586635589599609e+00
5.782639980316162109e+00
5.526579856872558594e+00
5.635663032531738281e+00
5.646500110626220703e+00
5.568351268768310547e+00
5.554419040679931641e+00
5.542791366577148438e+00
5.531081676483154297e+00
5.594108104705810547e+00
5.574061393737792969e+00
5.639361381530761719e+00
5.558574676513671875e+00
5.650441646575927734e+00
5.544522285461425781e+00
5.760321617126464844e+00
5.513401508331298828e+00
5.743714332580566406e+00
5.662307262420654297e+00
5.562562942504882812e+00
5.588593482971191406e+00
5.631758689880371094e+00
5.667409896850585938e+00
5.705133438110351562e+00
5.736248493194580078e+00
5.713158607482910156e+00
5.630166053771972656e+00
5.603691577911376953e+00
5.617025852203369141e+00
5.654313087463378906e+00
5.632905006408691406e+00
5.568256855010986328e+00
5.784838199615478516e+00
5.687194824218750000e+00
5.677366733551025391e+00
5.583885192871093750e+00
5.455175399780273438e+00
5.651586055755615234e+00
5.802193641662597656e+00
5.657118320465087891e+00
5.564538955688476562e+00
5.637243270874023438e+00
5.673298835754394531e+00
5.598259449005126953e+00
5.710675239562988281e+00
5.609126567840576172e+00
5.808537483215332031e+00
5.646749496459960938e+00
5.598452568054199219e+00
5.670330524444580078e+00
5.554594993591308594e+00
5.617553710937500000e+00
5.636147499084472656e+00
5.678367614746093750e+00
5.548667907714843750e+00
5.799567222595214844e+00
5.580442428588867188e+00
5.578684806823730469e+00
5.879118919372558594e+00
5.727616310119628906e+00
5.705966949462890625e+00
5.626359939575195312e+00
5.608275413513183594e+00
5.559369087219238281e+00
5.657779693603515625e+00
5.587638854980468750e+00
5.577412605285644531e+00
5.722743034362792969e+00
5.553197860717773438e+00
5.561117649078369141e+00
5.589582920074462891e+00
5.611074447631835938e+00
5.776397705078125000e+00
5.646553039550781250e+00
5.691590785980224609e+00
5.567521572113037109e+00
5.588857173919677734e+00
5.730076313018798828e+00
5.668778896331787109e+00
5.676424503326416016e+00
5.572292804718017578e+00
5.555562973022460938e+00
5.607622623443603516e+00
5.560667991638183594e+00
5.755075931549072266e+00
5.631143569946289062e+00
5.577489852905273438e+00
5.519255161285400391e+00
5.526153564453125000e+00
5.580975532531738281e+00
5.591703414916992188e+00
5.616528034210205078e+00
5.660630226135253906e+00
5.562248229980468750e+00
5.845047950744628906e+00
5.512063503265380859e+00
5.609979629516601562e+00
5.558172702789306641e+00
5.587872982025146484e+00
5.663632869720458984e+00
5.547786712646484375e+00
5.626157283782958984e+00
5.602894306182861328e+00
5.648029327392578125e+00
5.606688499450683594e+00
5.883365154266357422e+00
5.646437644958496094e+00
5.899595737457275391e+00
5.550797462463378906e+00
5.770109176635742188e+00
5.564046859741210938e+00
5.538815975189208984e+00
5.676626682281494141e+00
5.516066074371337891e+00
5.593919277191162109e+00
5.713531494140625000e+00
5.572668075561523438e+00
5.514451980590820312e+00
5.606176376342773438e+00
5.753661155700683594e+00
5.770450115203857422e+00
5.598723411560058594e+00
5.537655353546142578e+00
5.623573303222656250e+00
5.702133178710937500e+00
5.590526580810546875e+00
5.573358058929443359e+00
5.612688064575195312e+00
5.530423641204833984e+00
5.644409179687500000e+00
5.565653800964355469e+00
5.679575920104980469e+00
5.675566673278808594e+00
5.601393699645996094e+00
5.608087539672851562e+00
5.542757034301757812e+00
5.843566417694091797e+00
5.562927246093750000e+00
5.626513957977294922e+00
5.649411678314208984e+00
5.712471961975097656e+00
5.590156555175781250e+00
5.560189723968505859e+00
5.582435131072998047e+00
5.660035133361816406e+00
5.695106983184814453e+00
5.597357273101806641e+00
5.960355758666992188e+00
5.717963218688964844e+00
5.632570266723632812e+00
5.573849201202392578e+00
5.640855312347412109e+00
5.754647731781005859e+00
5.571225166320800781e+00
5.739102363586425781e+00
5.695386409759521484e+00
5.511647224426269531e+00
5.586303234100341797e+00
5.551473617553710938e+00
5.535718917846679688e+00
5.653210639953613281e+00
5.656322956085205078e+00
5.539165973663330078e+00
5.650668144226074219e+00
5.532907485961914062e+00
5.643543243408203125e+00
5.634479045867919922e+00
5.733707904815673828e+00
5.790384292602539062e+00
5.759702682495117188e+00
5.624369621276855469e+00
5.618402004241943359e+00
5.714189529418945312e+00
5.558683395385742188e+00
5.511353969573974609e+00
5.640419006347656250e+00
5.714533805847167969e+00
5.627246379852294922e+00
5.523962974548339844e+00
5.651842117309570312e+00
5.553499698638916016e+00
5.563204765319824219e+00
5.543527603149414062e+00
5.546502113342285156e+00
5.675357818603515625e+00
5.669570922851562500e+00
5.599158287048339844e+00
5.618809700012207031e+00
5.496583938598632812e+00
5.592838287353515625e+00
5.536451339721679688e+00
5.546635150909423828e+00
5.579466819763183594e+00
5.490036010742187500e+00
5.578751564025878906e+00
5.480232715606689453e+00
5.630661010742187500e+00
5.583057403564453125e+00
5.504960060119628906e+00
5.597127437591552734e+00
5.549340248107910156e+00
5.527941226959228516e+00
5.520507812500000000e+00
5.534944534301757812e+00
5.572502613067626953e+00
5.557464599609375000e+00
5.596688270568847656e+00
5.577776908874511719e+00
5.669640541076660156e+00
5.588159084320068359e+00
5.496666431427001953e+00
5.485466003417968750e+00
5.496547698974609375e+00
5.931732177734375000e+00
5.652757644653320312e+00
5.575607299804687500e+00
5.612787246704101562e+00
5.632969379425048828e+00
5.614638328552246094e+00
5.661925315856933594e+00
5.654598236083984375e+00
5.714334487915039062e+00
5.563109874725341797e+00
5.562499046325683594e+00
5.595445632934570312e+00
5.521967887878417969e+00
5.459305763244628906e+00
5.625935077667236328e+00
5.718019485473632812e+00
5.635406017303466797e+00
5.598912239074707031e+00
5.631236076354980469e+00
5.494605064392089844e+00
5.596808910369873047e+00
6.004326820373535156e+00
5.476564407348632812e+00
5.765850067138671875e+00
5.532277107238769531e+00
5.647830963134765625e+00
5.576515197753906250e+00
5.673922538757324219e+00
5.522345542907714844e+00
5.517242908477783203e+00
5.542749881744384766e+00
5.496235847473144531e+00
5.599812507629394531e+00
5.494990348815917969e+00
5.633448123931884766e+00
5.593503952026367188e+00
5.732334613800048828e+00
5.580182552337646484e+00
5.594527244567871094e+00
5.554190158843994141e+00
5.568556308746337891e+00
5.594304561614990234e+00
5.606498718261718750e+00
5.604655265808105469e+00
5.582922458648681641e+00
5.500671863555908203e+00
5.644786834716796875e+00
5.568981170654296875e+00
5.607472419738769531e+00
5.585726261138916016e+00
5.587115287780761719e+00
5.616522312164306641e+00
5.628249168395996094e+00
5.542123317718505859e+00
5.675903320312500000e+00
5.626334190368652344e+00
5.564555168151855469e+00
5.612256050109863281e+00
5.597471237182617188e+00
5.551334381103515625e+00
5.623287200927734375e+00
5.552726745605468750e+00
5.586505889892578125e+00
5.569670677185058594e+00
5.529109954833984375e+00
5.482892036437988281e+00
5.614506721496582031e+00
5.770153045654296875e+00
5.560758113861083984e+00
5.526711940765380859e+00
5.465272903442382812e+00
5.523523330688476562e+00
5.660787105560302734e+00
5.669641494750976562e+00
5.531109809875488281e+00
5.567821502685546875e+00
5.554718971252441406e+00
5.550100326538085938e+00
5.574924945831298828e+00
5.573157787322998047e+00
5.573966979980468750e+00
5.524301528930664062e+00
5.701262474060058594e+00
5.582027912139892578e+00
5.556504249572753906e+00
5.560322761535644531e+00
5.560356616973876953e+00
5.492938995361328125e+00
5.500075817108154297e+00
5.532078742980957031e+00
5.575406551361083984e+00
5.588625907897949219e+00
5.680782318115234375e+00
5.717578887939453125e+00
5.492700099945068359e+00
5.676223278045654297e+00
5.552276134490966797e+00
5.598942756652832031e+00
5.600192546844482422e+00
5.583801269531250000e+00
5.623943328857421875e+00
5.499648571014404297e+00
5.582865238189697266e+00
5.643368244171142578e+00
5.633563041687011719e+00
5.566016197204589844e+00
5.553469181060791016e+00
5.618162155151367188e+00
5.545203208923339844e+00
5.542525291442871094e+00
5.617940425872802734e+00
5.608788490295410156e+00
5.583731174468994141e+00
5.607840061187744141e+00
5.710466384887695312e+00
5.572075843811035156e+00
5.647499084472656250e+00
5.512800216674804688e+00
5.617069244384765625e+00
5.674583435058593750e+00
5.587724208831787109e+00
5.519117355346679688e+00
5.496708869934082031e+00
5.685362339019775391e+00
5.676057815551757812e+00
5.831143379211425781e+00
5.593431472778320312e+00
5.656996726989746094e+00
5.616297721862792969e+00
5.580247402191162109e+00
5.505668163299560547e+00
5.797581672668457031e+00
5.614124774932861328e+00
5.484766006469726562e+00
5.677809238433837891e+00
5.814462661743164062e+00
5.527887344360351562e+00
5.643666267395019531e+00
5.552389621734619141e+00
5.598960876464843750e+00
5.542715072631835938e+00
5.568146705627441406e+00
5.663719177246093750e+00
5.556481838226318359e+00
5.578708648681640625e+00
5.590597629547119141e+00
5.696957111358642578e+00
5.674185276031494141e+00
5.568457126617431641e+00
5.573734760284423828e+00
5.656192779541015625e+00
5.584841728210449219e+00
5.676293373107910156e+00
5.544051170349121094e+00
5.605110645294189453e+00
5.602985382080078125e+00
5.622166156768798828e+00
5.563396453857421875e+00
5.578955650329589844e+00
5.487846374511718750e+00
5.588612556457519531e+00
5.473337173461914062e+00
5.546311378479003906e+00
5.647224426269531250e+00
5.540420055389404297e+00
5.583387851715087891e+00
5.573032379150390625e+00
5.615538597106933594e+00
5.588910102844238281e+00
5.520998001098632812e+00
5.542371749877929688e+00
5.635122299194335938e+00
5.493795394897460938e+00
5.632388114929199219e+00
5.604271888732910156e+00
5.638840675354003906e+00
5.695652961730957031e+00
5.542740821838378906e+00
5.600849151611328125e+00
5.597153186798095703e+00
5.684182167053222656e+00
5.825926303863525391e+00
5.576329231262207031e+00
5.543496131896972656e+00
5.486548423767089844e+00
5.579230308532714844e+00
5.500364303588867188e+00
5.816994667053222656e+00
5.543476104736328125e+00
5.758274555206298828e+00
5.495887756347656250e+00
5.567555427551269531e+00
5.582379341125488281e+00
5.600235939025878906e+00
5.536163330078125000e+00
5.547779560089111328e+00
5.602295875549316406e+00
5.621988773345947266e+00
5.535238742828369141e+00
5.608802318572998047e+00
5.639565467834472656e+00
5.580106735229492188e+00
5.671059608459472656e+00
5.510722637176513672e+00
5.587593078613281250e+00
5.491677284240722656e+00
5.503330707550048828e+00
5.545248031616210938e+00
5.661377906799316406e+00
5.548038482666015625e+00
5.532666683197021484e+00
5.593846797943115234e+00
5.511606216430664062e+00
5.611011028289794922e+00
5.516666889190673828e+00
5.599224090576171875e+00
5.560891151428222656e+00
5.496288299560546875e+00
5.610764503479003906e+00
5.519484043121337891e+00
5.598992824554443359e+00
5.533177852630615234e+00
5.584236621856689453e+00
5.587368011474609375e+00
5.638091087341308594e+00
5.589112281799316406e+00
5.561176776885986328e+00
5.516353130340576172e+00
5.590313911437988281e+00
5.650366783142089844e+00
5.559711456298828125e+00
5.465460300445556641e+00
5.589083671569824219e+00
5.579578399658203125e+00
5.624068737030029297e+00
5.503819465637207031e+00
5.452851295471191406e+00
5.485691070556640625e+00
5.493722915649414062e+00
5.580142498016357422e+00
5.620117187500000000e+00
5.452280044555664062e+00
5.506481170654296875e+00
5.612987041473388672e+00
5.577479839324951172e+00
5.525989532470703125e+00
5.603431701660156250e+00
5.544476985931396484e+00
5.532536506652832031e+00
5.491067409515380859e+00
5.697240829467773438e+00
5.592733860015869141e+00
5.533367633819580078e+00
5.505732059478759766e+00
5.587219715118408203e+00
5.466259956359863281e+00
5.535977840423583984e+00
5.590027809143066406e+00
5.559415817260742188e+00
5.571139812469482422e+00
5.616818428039550781e+00
5.602978706359863281e+00
5.512466430664062500e+00
5.533565044403076172e+00
5.564888477325439453e+00
5.488013267517089844e+00
5.473061561584472656e+00
5.456563472747802734e+00
5.602455139160156250e+00
5.504277706146240234e+00
5.477203369140625000e+00
5.610625267028808594e+00
5.592751026153564453e+00
5.563490867614746094e+00
5.558332920074462891e+00
5.592741012573242188e+00
5.568464279174804688e+00
5.503883361816406250e+00
5.503082275390625000e+00
5.671520233154296875e+00
5.535322189331054688e+00
5.575518608093261719e+00
5.509199142456054688e+00
5.526640892028808594e+00
5.619668960571289062e+00
5.619922637939453125e+00
5.631814002990722656e+00
5.624461174011230469e+00
5.632754802703857422e+00
5.573680400848388672e+00
5.598826408386230469e+00
5.616906642913818359e+00
5.545529365539550781e+00
5.601671218872070312e+00
5.590789794921875000e+00
5.660764694213867188e+00
5.572024345397949219e+00
5.464756011962890625e+00
5.510884761810302734e+00
5.506412029266357422e+00
5.467760086059570312e+00
5.529359817504882812e+00
5.510273933410644531e+00
5.552973270416259766e+00
5.622315883636474609e+00
5.631824493408203125e+00
5.581262588500976562e+00
5.518808841705322266e+00
5.549160003662109375e+00
5.566953659057617188e+00
5.582182884216308594e+00
5.611916542053222656e+00
5.528625965118408203e+00
5.531299114227294922e+00
5.624067783355712891e+00
5.933921813964843750e+00
5.537220954895019531e+00
5.516157150268554688e+00
5.532658576965332031e+00
5.579861640930175781e+00
5.599196434020996094e+00
5.575914859771728516e+00
5.516765594482421875e+00
5.600231647491455078e+00
5.551470756530761719e+00
5.519292354583740234e+00
5.549439907073974609e+00
5.501415729522705078e+00
5.481489658355712891e+00
5.506948471069335938e+00
5.498867988586425781e+00
5.527480602264404297e+00
5.750451564788818359e+00
5.537408828735351562e+00
5.625341415405273438e+00
5.636587142944335938e+00
5.667812824249267578e+00
5.525518417358398438e+00
5.555774688720703125e+00
5.565174102783203125e+00
5.512990951538085938e+00
5.564784049987792969e+00
5.538050174713134766e+00
5.569817066192626953e+00
5.604403972625732422e+00
5.524066925048828125e+00
5.566238403320312500e+00
5.511471748352050781e+00
5.717062473297119141e+00
5.601891994476318359e+00
5.530249595642089844e+00
5.490688323974609375e+00
5.497250080108642578e+00
5.483476161956787109e+00
5.774191379547119141e+00
5.572836875915527344e+00
5.476775646209716797e+00
5.535324573516845703e+00
5.606664657592773438e+00
5.519690513610839844e+00
5.474411964416503906e+00
5.554171562194824219e+00
5.577782630920410156e+00
5.469010353088378906e+00
5.512596607208251953e+00
5.566213607788085938e+00
5.768155097961425781e+00
5.562160015106201172e+00
5.562391281127929688e+00
5.531685352325439453e+00
5.531438350677490234e+00
5.465581893920898438e+00
5.462293148040771484e+00
5.562015533447265625e+00
5.542119979858398438e+00
5.545995712280273438e+00
