6.536437571048736572e-02
4.597472026944160461e-02
-3.285038471221923828e-02
-8.193150907754898071e-02
-1.165320053696632385e-01
-1.632547527551651001e-01
-2.052659094333648682e-01
-2.468000650405883789e-01
-3.171995878219604492e-01
-3.674634099006652832e-01
-4.280880391597747803e-01
-4.640684425830841064e-01
-5.316524505615234375e-01
-5.513137578964233398e-01
-5.837117433547973633e-01
-6.119223237037658691e-01
-6.351824402809143066e-01
-5.898434519767761230e-01
-6.469041109085083008e-01
-6.502866148948669434e-01
-6.840291619300842285e-01
-6.949447393417358398e-01
-6.458296775817871094e-01
-6.884151697158813477e-01
-6.871498823165893555e-01
-6.766080856323242188e-01
-7.148917913436889648e-01
-7.360624670982360840e-01
-6.956116557121276855e-01
-6.778378486633300781e-01
-6.807312369346618652e-01
-6.951981782913208008e-01
-7.259290814399719238e-01
-7.024202942848205566e-01
-7.704632878303527832e-01
-7.701148390769958496e-01
-7.654591798782348633e-01
-7.564479112625122070e-01
-7.544990181922912598e-01
-7.436855435371398926e-01
-7.939670681953430176e-01
-7.929085493087768555e-01
-7.428814172744750977e-01
-7.740697860717773438e-01
-7.934212088584899902e-01
-7.836066484451293945e-01
-8.366370797157287598e-01
-7.857754826545715332e-01
-8.017241954803466797e-01
-8.004949092864990234e-01
-8.151431083679199219e-01
-8.513340353965759277e-01
-8.398069143295288086e-01
-7.963796257972717285e-01
-8.476579785346984863e-01
-8.297408819198608398e-01
-8.480394482612609863e-01
-8.211959600448608398e-01
-7.960153222084045410e-01
-7.965894341468811035e-01
-8.074611425399780273e-01
-8.573185205459594727e-01
-8.271163105964660645e-01
-8.588162064552307129e-01
-8.332486152648925781e-01
-8.591175675392150879e-01
-8.510116934776306152e-01
-8.752816915512084961e-01
-8.704503774642944336e-01
-8.758031129837036133e-01
-8.576509356498718262e-01
-8.572169542312622070e-01
-8.272109031677246094e-01
-8.820304274559020996e-01
-8.936343789100646973e-01
-8.645818829536437988e-01
-8.799753785133361816e-01
-8.703495860099792480e-01
-8.407196998596191406e-01
-9.021741747856140137e-01
-8.617722392082214355e-01
-8.846149444580078125e-01
-9.000203013420104980e-01
-8.945229053497314453e-01
-9.261430501937866211e-01
-9.034827947616577148e-01
-9.207874536514282227e-01
-8.794800639152526855e-01
-8.919518589973449707e-01
-9.188337922096252441e-01
-9.242935180664062500e-01
-9.203910827636718750e-01
-9.001556634902954102e-01
-9.136030077934265137e-01
-9.222675561904907227e-01
-9.331554174423217773e-01
-9.190158247947692871e-01
-9.052314162254333496e-01
-9.198261499404907227e-01
-9.364396333694458008e-01
-9.186181426048278809e-01
-9.384423494338989258e-01
-9.581210613250732422e-01
-9.311491847038269043e-01
-9.337974190711975098e-01
-9.569751620292663574e-01
-9.356778860092163086e-01
-9.108449816703796387e-01
-9.277454614639282227e-01
-9.091540575027465820e-01
-9.512987136840820312e-01
-9.428697824478149414e-01
-9.463195204734802246e-01
-9.285575747489929199e-01
-9.743769168853759766e-01
-9.556846618652343750e-01
-9.568763375282287598e-01
-9.193712472915649414e-01
-9.222965836524963379e-01
-9.698775410652160645e-01
-9.798908233642578125e-01
-9.750387668609619141e-01
-9.572831988334655762e-01
-9.384302496910095215e-01
-9.767332673072814941e-01
-9.741174578666687012e-01
-9.894950985908508301e-01
-9.411089420318603516e-01
-1.006378293037414551e+00
-9.101737141609191895e-01
-9.779720306396484375e-01
-9.793304204940795898e-01
-9.859300255775451660e-01
-9.650195240974426270e-01
-1.035030603408813477e+00
-9.878343343734741211e-01
-9.580435156822204590e-01
-1.022058606147766113e+00
-9.706822037696838379e-01
-9.894974231719970703e-01
-9.830724596977233887e-01
-9.838081598281860352e-01
-9.617259502410888672e-01
-9.646155238151550293e-01
-9.961884617805480957e-01
-1.014478683471679688e+00
-9.882081747055053711e-01
-1.001595139503479004e+00
-9.685400128364562988e-01
-1.007330417633056641e+00
-1.007237792015075684e+00
-9.904144406318664551e-01
-1.023600220680236816e+00
-1.018018960952758789e+00
-9.819657206535339355e-01
-1.013031840324401855e+00
-1.018684148788452148e+00
-1.016020774841308594e+00
-1.006477475166320801e+00
-1.028625845909118652e+00
-1.044954419136047363e+00
-1.029460072517395020e+00
-9.930432438850402832e-01
-1.028262138366699219e+00
-1.019751310348510742e+00
-1.041132330894470215e+00
-1.037287116050720215e+00
-1.033816576004028320e+00
-9.942619800567626953e-01
-1.051834464073181152e+00
-1.024946093559265137e+00
-1.054408431053161621e+00
-1.051652908325195312e+00
-1.034710288047790527e+00
-1.048544526100158691e+00
-1.059320330619812012e+00
-1.043224930763244629e+00
-1.045025229454040527e+00
-1.063327074050903320e+00
-1.099105954170227051e+00
-1.014323353767395020e+00
-9.979034662246704102e-01
-1.035424828529357910e+00
-1.005860090255737305e+00
-1.018157243728637695e+00
-1.035765409469604492e+00
-9.887322783470153809e-01
-1.054608821868896484e+00
-1.046476125717163086e+00
-1.071464180946350098e+00
-1.080430865287780762e+00
-1.057118415832519531e+00
-1.061932444572448730e+00
-1.034579753875732422e+00
-1.039028406143188477e+00
-1.056411504745483398e+00
-1.124320149421691895e+00
-1.109965443611145020e+00
-1.035835742950439453e+00
-1.027847647666931152e+00
-1.022241830825805664e+00
-1.092658638954162598e+00
-1.116669058799743652e+00
-1.129914760589599609e+00
-1.024834394454956055e+00
-1.093683481216430664e+00
-1.045374393463134766e+00
-1.091230630874633789e+00
-1.145883560180664062e+00
-1.125665187835693359e+00
-1.109767794609069824e+00
-1.137255668640136719e+00
-1.163427472114562988e+00
-1.083344697952270508e+00
-1.116406202316284180e+00
-1.075147867202758789e+00
-1.115053296089172363e+00
-1.174379825592041016e+00
-1.064240217208862305e+00
-1.094972252845764160e+00
-1.051900625228881836e+00
-1.104177355766296387e+00
-1.117747664451599121e+00
-1.082049012184143066e+00
-1.066907048225402832e+00
-1.164852976799011230e+00
-1.171318173408508301e+00
-1.155833005905151367e+00
-1.069597482681274414e+00
-1.074401497840881348e+00
-1.140914201736450195e+00
-1.151696681976318359e+00
-1.121625304222106934e+00
-1.152430176734924316e+00
-1.194207906723022461e+00
-1.106647610664367676e+00
-1.120673656463623047e+00
-1.106032848358154297e+00
-1.141432762145996094e+00
-1.114873766899108887e+00
-1.031938076019287109e+00
-1.207712411880493164e+00
-1.114734530448913574e+00
-1.179597258567810059e+00
-1.170930385589599609e+00
-1.093590021133422852e+00
-1.171514868736267090e+00
-1.154309153556823730e+00
-1.190444469451904297e+00
-1.139331102371215820e+00
-1.143184185028076172e+00
-1.097185969352722168e+00
-1.147021889686584473e+00
-1.236076354980468750e+00
-1.156103491783142090e+00
-1.180932879447937012e+00
-1.148491382598876953e+00
-1.158455610275268555e+00
-1.187252163887023926e+00
-1.235361337661743164e+00
-1.181167483329772949e+00
-1.078773260116577148e+00
-1.149071097373962402e+00
-1.149169564247131348e+00
-1.241572260856628418e+00
-1.134991765022277832e+00
-1.216318726539611816e+00
-1.167688250541687012e+00
-1.247611284255981445e+00
-1.051875710487365723e+00
-1.237501144409179688e+00
-1.143017768859863281e+00
-1.158223390579223633e+00
-1.125527262687683105e+00
-1.094737410545349121e+00
-1.121604323387145996e+00
-1.225755810737609863e+00
-1.185907602310180664e+00
-1.176546216011047363e+00
-1.235045075416564941e+00
-1.235143542289733887e+00
-1.308033227920532227e+00
-1.272894501686096191e+00
-1.130062818527221680e+00
-1.174937963485717773e+00
-1.196405887603759766e+00
-1.173781514167785645e+00
-1.287987232208251953e+00
-1.200650334358215332e+00
-1.179498553276062012e+00
-1.202727675437927246e+00
-1.218780398368835449e+00
-1.283734679222106934e+00
-1.170257568359375000e+00
-1.263214230537414551e+00
-1.221356749534606934e+00
-1.124945402145385742e+00
-1.161594748497009277e+00
-1.125415205955505371e+00
-1.255406498908996582e+00
-1.248971581459045410e+00
-1.236246109008789062e+00
-1.133716225624084473e+00
-1.226343154907226562e+00
-1.192772388458251953e+00
-1.249301671981811523e+00
-1.226052761077880859e+00
-1.230186939239501953e+00
-1.131297588348388672e+00
-1.189742565155029297e+00
-1.197319507598876953e+00
-1.144726872444152832e+00
-1.228477239608764648e+00
-1.154934525489807129e+00
-1.148624777793884277e+00
-1.195008873939514160e+00
-1.126314640045166016e+00
-1.192944169044494629e+00
-1.152379035949707031e+00
-1.144861459732055664e+00
-1.274937033653259277e+00
-1.183288097381591797e+00
-1.189836502075195312e+00
-1.285399317741394043e+00
-1.205396771430969238e+00
-1.242542862892150879e+00
-1.259050369262695312e+00
-1.189706444740295410e+00
-1.298001527786254883e+00
-1.199443340301513672e+00
-1.228292465209960938e+00
-1.247457027435302734e+00
-1.261837601661682129e+00
-1.315953135490417480e+00
-1.209122657775878906e+00
-1.264295339584350586e+00
-1.274771213531494141e+00
-1.151868700981140137e+00
-1.244937419891357422e+00
-1.229599356651306152e+00
-1.229590892791748047e+00
-1.209177136421203613e+00
-1.284082412719726562e+00
-1.284246444702148438e+00
-1.267340540885925293e+00
-1.285011768341064453e+00
-1.200869083404541016e+00
-1.209092974662780762e+00
-1.212427258491516113e+00
-1.307357549667358398e+00
-1.260600686073303223e+00
-1.234646081924438477e+00
-1.201790452003479004e+00
-1.308867931365966797e+00
-1.214571952819824219e+00
-1.292480707168579102e+00
-1.237390995025634766e+00
-1.259016990661621094e+00
-1.284749031066894531e+00
-1.304113984107971191e+00
-1.190327167510986328e+00
-1.244328856468200684e+00
-1.241577148437500000e+00
-1.273341417312622070e+00
-1.284351587295532227e+00
-1.311628103256225586e+00
-1.261500358581542969e+00
-1.291122198104858398e+00
-1.324205040931701660e+00
-1.288985371589660645e+00
-1.321732401847839355e+00
-1.220958709716796875e+00
-1.280515789985656738e+00
-1.267336726188659668e+00
-1.219256401062011719e+00
-1.209209561347961426e+00
-1.277006745338439941e+00
-1.308363676071166992e+00
-1.290209054946899414e+00
-1.179276704788208008e+00
-1.334671616554260254e+00
-1.282579421997070312e+00
-1.288040757179260254e+00
-1.273456096649169922e+00
-1.204606175422668457e+00
-1.204764962196350098e+00
-1.276876568794250488e+00
-1.318758964538574219e+00
-1.303665757179260254e+00
-1.276414752006530762e+00
-1.242180109024047852e+00
-1.261940002441406250e+00
-1.191992998123168945e+00
-1.218540549278259277e+00
-1.333083391189575195e+00
-1.341847538948059082e+00
-1.338383316993713379e+00
-1.253753900527954102e+00
-1.280121445655822754e+00
-1.249783396720886230e+00
-1.442421197891235352e+00
-1.208303451538085938e+00
-1.244787693023681641e+00
-1.196929574012756348e+00
-1.262126445770263672e+00
-1.382958412170410156e+00
-1.257370710372924805e+00
-1.383517742156982422e+00
-1.482167124748229980e+00
-1.154437780380249023e+00
-1.199994444847106934e+00
-1.317453503608703613e+00
-1.193489432334899902e+00
-1.217224240303039551e+00
-1.130100011825561523e+00
-1.252956032752990723e+00
-1.251487612724304199e+00
-1.248498201370239258e+00
-1.285125970840454102e+00
-1.345981240272521973e+00
-1.252626895904541016e+00
-1.265775442123413086e+00
-1.237232685089111328e+00
-1.256671428680419922e+00
-1.120901584625244141e+00
-1.212376475334167480e+00
-1.243427634239196777e+00
-1.252622127532958984e+00
-1.274783968925476074e+00
-1.300408363342285156e+00
-1.322564363479614258e+00
-1.299093723297119141e+00
-1.377930283546447754e+00
-1.288218140602111816e+00
-1.386010408401489258e+00
-1.443300247192382812e+00
-1.246912837028503418e+00
-1.328821539878845215e+00
-1.343377947807312012e+00
-1.366988658905029297e+00
-1.274690389633178711e+00
-1.209010124206542969e+00
-1.249620437622070312e+00
-1.315906405448913574e+00
-1.288223385810852051e+00
-1.359705209732055664e+00
-1.412270665168762207e+00
-1.311493873596191406e+00
-1.174579620361328125e+00
-1.336238980293273926e+00
-1.331287503242492676e+00
-1.281520247459411621e+00
-1.227647781372070312e+00
-1.347772121429443359e+00
-1.417090535163879395e+00
-1.280394077301025391e+00
-1.350758314132690430e+00
-1.292268872261047363e+00
-1.283214330673217773e+00
-1.334003329277038574e+00
-1.299141645431518555e+00
-1.380004525184631348e+00
-1.395714163780212402e+00
-1.395015597343444824e+00
-1.268413066864013672e+00
-1.267207503318786621e+00
-1.252722024917602539e+00
-1.322744131088256836e+00
-1.359207510948181152e+00
-1.292392134666442871e+00
-1.270243287086486816e+00
-1.287902474403381348e+00
-1.320531368255615234e+00
-1.297885775566101074e+00
-1.232102870941162109e+00
-1.213470458984375000e+00
-1.244506239891052246e+00
-1.258029222488403320e+00
-1.283069252967834473e+00
-1.239468932151794434e+00
-1.442659735679626465e+00
-1.277026534080505371e+00
-1.312483310699462891e+00
-1.286381244659423828e+00
-1.368017554283142090e+00
-1.346130847930908203e+00
-1.308956623077392578e+00
-1.405527114868164062e+00
-1.328167200088500977e+00
-1.321837067604064941e+00
-1.345101118087768555e+00
-1.363969445228576660e+00
-1.352515101432800293e+00
-1.239291429519653320e+00
-1.231219053268432617e+00
-1.306821465492248535e+00
-1.195282578468322754e+00
-1.289825677871704102e+00
-1.284352302551269531e+00
-1.379272341728210449e+00
-1.305527210235595703e+00
-1.371734738349914551e+00
-1.337576150894165039e+00
-1.195167779922485352e+00
-1.342180132865905762e+00
-1.236659407615661621e+00
-1.243336439132690430e+00
-1.346710562705993652e+00
-1.238640904426574707e+00
-1.238803267478942871e+00
-1.338870644569396973e+00
-1.301408529281616211e+00
-1.248206257820129395e+00
-1.301803946495056152e+00
-1.183924913406372070e+00
-1.268124222755432129e+00
-1.360789775848388672e+00
-1.344696283340454102e+00
-1.270156741142272949e+00
-1.385967969894409180e+00
-1.204047203063964844e+00
-1.341782331466674805e+00
-1.143724560737609863e+00
-1.261639833450317383e+00
-1.281563043594360352e+00
-1.234367370605468750e+00
-1.229497909545898438e+00
-1.209941387176513672e+00
-1.308121919631958008e+00
-1.299391746520996094e+00
-1.163088202476501465e+00
-1.339054703712463379e+00
-1.253107786178588867e+00
-1.347397685050964355e+00
-1.345564365386962891e+00
-1.279601693153381348e+00
-1.261290788650512695e+00
-1.321608424186706543e+00
-1.377031445503234863e+00
-1.158797025680541992e+00
-1.248315453529357910e+00
-1.364474177360534668e+00
-1.384986758232116699e+00
-1.315441131591796875e+00
-1.318627238273620605e+00
-1.305695891380310059e+00
-1.252897262573242188e+00
-1.329449534416198730e+00
-1.371214389801025391e+00
-1.280239462852478027e+00
-1.180402994155883789e+00
-1.339233994483947754e+00
-1.225769519805908203e+00
-1.330016016960144043e+00
-1.273395538330078125e+00
-1.326859116554260254e+00
-1.209040641784667969e+00
-1.310934185981750488e+00
-1.265882253646850586e+00
-1.194822430610656738e+00
-1.363279223442077637e+00
-1.375875353813171387e+00
-1.350591182708740234e+00
-1.271552085876464844e+00
-1.296754837036132812e+00
-1.480650424957275391e+00
-1.300320386886596680e+00
-1.296392560005187988e+00
-1.352436065673828125e+00
-1.394175648689270020e+00
-1.332920670509338379e+00
-1.469299554824829102e+00
-1.359875559806823730e+00
-1.368399143218994141e+00
-1.287167906761169434e+00
-1.330950021743774414e+00
-1.322373151779174805e+00
-1.237783789634704590e+00
-1.643111467361450195e+00
-1.308079123497009277e+00
-1.281367301940917969e+00
-1.324708700180053711e+00
-1.398188591003417969e+00
-1.378965377807617188e+00
-1.410218834877014160e+00
-1.387957811355590820e+00
-1.242167711257934570e+00
-1.404962658882141113e+00
-1.331693410873413086e+00
-1.424042940139770508e+00
-1.188589215278625488e+00
-1.360708713531494141e+00
-1.394637465476989746e+00
-1.353370666503906250e+00
-1.290335655212402344e+00
-1.323415875434875488e+00
-1.287831783294677734e+00
-1.289661407470703125e+00
-1.372944235801696777e+00
-1.360159516334533691e+00
-1.332442522048950195e+00
-1.274097084999084473e+00
-1.293944716453552246e+00
-1.282257437705993652e+00
-1.465281724929809570e+00
-1.317804336547851562e+00
-1.368594288825988770e+00
-1.347651481628417969e+00
-1.391880512237548828e+00
-1.430698990821838379e+00
-1.439713120460510254e+00
-1.205384731292724609e+00
-1.318047404289245605e+00
-1.342599630355834961e+00
-1.357993960380554199e+00
-1.357205390930175781e+00
-1.303855776786804199e+00
-1.398186564445495605e+00
-1.288719058036804199e+00
-1.243239164352416992e+00
-1.354900717735290527e+00
-1.300156593322753906e+00
-1.153404712677001953e+00
-1.361948013305664062e+00
-1.314571261405944824e+00
-1.361156940460205078e+00
-1.367540001869201660e+00
-1.353575944900512695e+00
-1.387911438941955566e+00
-1.342610716819763184e+00
-1.271291494369506836e+00
-1.422503471374511719e+00
-1.312623381614685059e+00
-1.317159295082092285e+00
-1.381091356277465820e+00
-1.404452919960021973e+00
-1.391793608665466309e+00
-1.339059114456176758e+00
-1.421765208244323730e+00
-1.374268412590026855e+00
-1.387384772300720215e+00
-1.400758385658264160e+00
-1.324822783470153809e+00
-1.236482739448547363e+00
-1.385487318038940430e+00
-1.435721039772033691e+00
-1.170359730720520020e+00
-1.320943117141723633e+00
-1.414084911346435547e+00
-1.227679610252380371e+00
-1.311107873916625977e+00
-1.307505965232849121e+00
-1.296648740768432617e+00
-1.260407567024230957e+00
-1.296890735626220703e+00
-1.366660594940185547e+00
-1.361784934997558594e+00
-1.425885558128356934e+00
-1.361060619354248047e+00
-1.271584391593933105e+00
-1.364312052726745605e+00
-1.280525326728820801e+00
-1.348757386207580566e+00
-1.308973670005798340e+00
-1.382385134696960449e+00
-1.400598406791687012e+00
-1.316997289657592773e+00
-1.346544742584228516e+00
-1.497694253921508789e+00
-1.473748564720153809e+00
-1.433883786201477051e+00
-1.379983544349670410e+00
-1.440638184547424316e+00
-1.282199382781982422e+00
-1.323193550109863281e+00
-1.444789886474609375e+00
-1.356422066688537598e+00
-1.388069748878479004e+00
-1.235196113586425781e+00
-1.351201772689819336e+00
-1.288644194602966309e+00
-1.338484287261962891e+00
-1.377026200294494629e+00
-1.362118244171142578e+00
-1.369884729385375977e+00
-1.318964004516601562e+00
-1.285644650459289551e+00
-1.282819151878356934e+00
-1.322713494300842285e+00
-1.464251875877380371e+00
-1.229046225547790527e+00
-1.372991681098937988e+00
-1.382566332817077637e+00
-1.280935764312744141e+00
-1.422075152397155762e+00
-1.288103580474853516e+00
-1.358135104179382324e+00
-1.448637962341308594e+00
-1.325262308120727539e+00
-1.288560748100280762e+00
-1.296125173568725586e+00
-1.364621043205261230e+00
-1.301033616065979004e+00
-1.283011078834533691e+00
-1.282287836074829102e+00
-1.368318796157836914e+00
-1.400840282440185547e+00
-1.333618521690368652e+00
-1.385302901268005371e+00
-1.256696343421936035e+00
-1.165743947029113770e+00
-1.380021452903747559e+00
-1.382950782775878906e+00
-1.448776125907897949e+00
-1.365124106407165527e+00
-1.271834969520568848e+00
-1.373866558074951172e+00
-1.299959182739257812e+00
-1.421530246734619141e+00
-1.314680457115173340e+00
-1.360548257827758789e+00
-1.274246573448181152e+00
-1.289368510246276855e+00
-1.419854879379272461e+00
-1.250073790550231934e+00
-1.380540370941162109e+00
-1.350801110267639160e+00
-1.320337653160095215e+00
-1.282814979553222656e+00
-1.281277894973754883e+00
-1.259348511695861816e+00
-1.456699132919311523e+00
-1.327149629592895508e+00
-1.234308600425720215e+00
-1.349990844726562500e+00
-1.414624333381652832e+00
-1.333540439605712891e+00
-1.318774819374084473e+00
-1.356031894683837891e+00
-1.242582798004150391e+00
-1.366542696952819824e+00
-1.410821437835693359e+00
-1.482374906539916992e+00
-1.278321266174316406e+00
-1.370719671249389648e+00
-1.262957215309143066e+00
-1.300917744636535645e+00
-1.290610074996948242e+00
-1.374133348464965820e+00
-1.343251347541809082e+00
-1.380593180656433105e+00
-1.424427509307861328e+00
-1.263173580169677734e+00
-1.391992688179016113e+00
-1.288415670394897461e+00
-1.349303245544433594e+00
-1.423998594284057617e+00
-1.327355265617370605e+00
-1.605895996093750000e+00
-1.413596391677856445e+00
-1.383519887924194336e+00
-1.402704954147338867e+00
-1.316225886344909668e+00
-1.357484698295593262e+00
-1.181986689567565918e+00
-1.344725966453552246e+00
-1.397586703300476074e+00
-1.307554721832275391e+00
-1.339274525642395020e+00
-1.315132379531860352e+00
-1.433946371078491211e+00
-1.389801859855651855e+00
-1.318945527076721191e+00
-1.389900684356689453e+00
-1.373849034309387207e+00
-1.228828668594360352e+00
-1.482386708259582520e+00
-1.393321871757507324e+00
-1.395307898521423340e+00
-1.420970320701599121e+00
-1.527566552162170410e+00
-1.494046211242675781e+00
-1.518241882324218750e+00
-1.377368807792663574e+00
-1.400967597961425781e+00
-1.380298376083374023e+00
-1.455311894416809082e+00
-1.399420499801635742e+00
-1.408494591712951660e+00
-1.335122823715209961e+00
-1.351696252822875977e+00
-1.344890236854553223e+00
-1.368238568305969238e+00
-1.276255369186401367e+00
-1.253778100013732910e+00
-1.525213241577148438e+00
-1.361908793449401855e+00
-1.468641281127929688e+00
-1.434834003448486328e+00
-1.397438287734985352e+00
-1.279231548309326172e+00
-1.492552280426025391e+00
-1.391522407531738281e+00
-1.505097746849060059e+00
-1.433591604232788086e+00
-1.368415594100952148e+00
-1.400629520416259766e+00
-1.336089134216308594e+00
-1.299865245819091797e+00
-1.398505568504333496e+00
-1.441285848617553711e+00
-1.425566911697387695e+00
-1.245875954627990723e+00
-1.296632885932922363e+00
-1.437062025070190430e+00
-1.327820301055908203e+00
-1.302309036254882812e+00
-1.341500401496887207e+00
-1.391244530677795410e+00
-1.432876348495483398e+00
-1.388078331947326660e+00
-1.468909621238708496e+00
-1.374819040298461914e+00
-1.343817234039306641e+00
-1.419104218482971191e+00
-1.261660218238830566e+00
-1.295625209808349609e+00
-1.369941830635070801e+00
-1.401214361190795898e+00
-1.448319196701049805e+00
-1.377509593963623047e+00
-1.446001410484313965e+00
-1.399972200393676758e+00
-1.368573546409606934e+00
-1.505879998207092285e+00
-1.402849912643432617e+00
-1.454435110092163086e+00
-1.314361453056335449e+00
-1.448299646377563477e+00
-1.355551123619079590e+00
-1.437567114830017090e+00
-1.437163949012756348e+00
-1.500781655311584473e+00
-1.543195605278015137e+00
-1.409377336502075195e+00
-1.441390633583068848e+00
-1.452523946762084961e+00
-1.378088831901550293e+00
-1.336499571800231934e+00
-1.461925268173217773e+00
-1.468081355094909668e+00
-1.339695692062377930e+00
-1.418209195137023926e+00
-1.347247004508972168e+00
-1.501971006393432617e+00
-1.378607153892517090e+00
-1.418623447418212891e+00
-1.342142105102539062e+00
-1.387755393981933594e+00
-1.429172396659851074e+00
-1.408781051635742188e+00
-1.333895921707153320e+00
-1.385602355003356934e+00
-1.420258998870849609e+00
-1.424200534820556641e+00
-1.431563615798950195e+00
-1.271980404853820801e+00
-1.362318873405456543e+00
-1.254665255546569824e+00
-1.393406629562377930e+00
-1.448250412940979004e+00
-1.403884768486022949e+00
-1.418458223342895508e+00
-1.442889571189880371e+00
-1.402804374694824219e+00
-1.391541004180908203e+00
-1.366442680358886719e+00
-1.255687952041625977e+00
-1.265067934989929199e+00
-1.334723949432373047e+00
-1.395989537239074707e+00
-1.340433001518249512e+00
-1.376991033554077148e+00
-1.347171783447265625e+00
-1.367130875587463379e+00
-1.347219347953796387e+00
-1.408778429031372070e+00
-1.338699221611022949e+00
-1.316257953643798828e+00
-1.380889415740966797e+00
-1.453520417213439941e+00
-1.365309000015258789e+00
-1.498302459716796875e+00
-1.435082435607910156e+00
-1.327096462249755859e+00
-1.399702310562133789e+00
-1.399194717407226562e+00
-1.287442445755004883e+00
-1.352678179740905762e+00
-1.435968995094299316e+00
-1.345595717430114746e+00
-1.316019892692565918e+00
-1.413548350334167480e+00
-1.216653943061828613e+00
-1.353388190269470215e+00
-1.416378617286682129e+00
-1.293067574501037598e+00
-1.411957621574401855e+00
-1.371925830841064453e+00
-1.347311019897460938e+00
-1.360592007637023926e+00
-1.565774559974670410e+00
-1.422250509262084961e+00
-1.357282519340515137e+00
-1.372793555259704590e+00
-1.377417206764221191e+00
-1.473254799842834473e+00
-1.316749930381774902e+00
-1.281962037086486816e+00
-1.424730300903320312e+00
-1.498445749282836914e+00
-1.483200192451477051e+00
-1.319395303726196289e+00
-1.536266207695007324e+00
-1.415757536888122559e+00
-1.257088303565979004e+00
-1.376822233200073242e+00
-1.431345462799072266e+00
-1.282319903373718262e+00
-1.539533495903015137e+00
-1.500772237777709961e+00
-1.344172954559326172e+00
-1.413325905799865723e+00
-1.378909111022949219e+00
-1.406890392303466797e+00
-1.506475567817687988e+00
-1.383607745170593262e+00
-1.517781615257263184e+00
-1.306499004364013672e+00
-1.332000732421875000e+00
-1.480540633201599121e+00
-1.421310067176818848e+00
-1.402277469635009766e+00
-1.440064311027526855e+00
-1.537491559982299805e+00
-1.447349667549133301e+00
-1.475206494331359863e+00
-1.340573430061340332e+00
-1.381764292716979980e+00
-1.395989060401916504e+00
-1.531848788261413574e+00
-1.500363469123840332e+00
-1.456948280334472656e+00
-1.347496867179870605e+00
-1.350583314895629883e+00
-1.437525153160095215e+00
-1.254082441329956055e+00
-1.406196236610412598e+00
-1.350006937980651855e+00
-1.339746356010437012e+00
-1.490296006202697754e+00
-1.362560272216796875e+00
-1.478250741958618164e+00
-1.328033208847045898e+00
-1.390244007110595703e+00
-1.423995018005371094e+00
-1.389649152755737305e+00
-1.396525502204895020e+00
-1.393320560455322266e+00
-1.550905823707580566e+00
