2.712120361328125000e+02
2.257657470703125000e+02
2.173972778320312500e+02
2.124630126953125000e+02
2.086116943359375000e+02
2.065199737548828125e+02
2.045621643066406250e+02
2.044624023437500000e+02
2.028535919189453125e+02
2.024562683105468750e+02
2.012145385742187500e+02
2.001961212158203125e+02
2.001973114013671875e+02
2.000206451416015625e+02
1.997963562011718750e+02
1.987405090332031250e+02
1.987075958251953125e+02
1.983081665039062500e+02
1.981453704833984375e+02
1.977160034179687500e+02
1.972024841308593750e+02
1.972129211425781250e+02
1.968543090820312500e+02
1.964739685058593750e+02
1.964549713134765625e+02
1.957087402343750000e+02
1.952512207031250000e+02
1.943320312500000000e+02
1.943072509765625000e+02
1.938478240966796875e+02
1.943144226074218750e+02
1.937104187011718750e+02
1.932242889404296875e+02
1.928542938232421875e+02
1.930226745605468750e+02
1.925376281738281250e+02
1.917165679931640625e+02
1.920467987060546875e+02
1.915630493164062500e+02
1.913027954101562500e+02
1.915268554687500000e+02
1.919384765625000000e+02
1.911678314208984375e+02
1.906542663574218750e+02
1.913178710937500000e+02
1.907223205566406250e+02
1.904871673583984375e+02
1.899503173828125000e+02
1.907221984863281250e+02
1.903229980468750000e+02
1.897525634765625000e+02
1.900628967285156250e+02
1.900022583007812500e+02
1.899322204589843750e+02
1.896437683105468750e+02
1.898226318359375000e+02
1.894350280761718750e+02
1.899797668457031250e+02
1.893364257812500000e+02
1.890757751464843750e+02
1.892408447265625000e+02
1.894870605468750000e+02
1.886561279296875000e+02
1.898317413330078125e+02
1.887334289550781250e+02
1.887789916992187500e+02
1.886273651123046875e+02
1.893227844238281250e+02
1.888583984375000000e+02
1.887161712646484375e+02
1.880781097412109375e+02
1.882102203369140625e+02
1.885773925781250000e+02
1.879400634765625000e+02
1.878307495117187500e+02
1.889444274902343750e+02
1.885589904785156250e+02
1.875152282714843750e+02
1.879607849121093750e+02
1.882990112304687500e+02
1.874655456542968750e+02
1.884559936523437500e+02
1.881257781982421875e+02
1.875788574218750000e+02
1.882065582275390625e+02
1.885621185302734375e+02
1.877879333496093750e+02
1.869343872070312500e+02
1.874431762695312500e+02
1.883708190917968750e+02
1.878974456787109375e+02
1.876347045898437500e+02
1.865010528564453125e+02
1.873120574951171875e+02
1.874934997558593750e+02
1.866385192871093750e+02
1.871680603027343750e+02
1.873082275390625000e+02
1.874352111816406250e+02
1.870051269531250000e+02
1.866924133300781250e+02
1.871027374267578125e+02
1.879904174804687500e+02
1.865616760253906250e+02
1.871013183593750000e+02
1.865431365966796875e+02
1.864860839843750000e+02
1.868164978027343750e+02
1.873906250000000000e+02
1.863115844726562500e+02
1.865963592529296875e+02
1.874524993896484375e+02
1.862661895751953125e+02
1.860050964355468750e+02
1.854943695068359375e+02
1.855327453613281250e+02
1.864344940185546875e+02
1.863766784667968750e+02
1.860479736328125000e+02
1.856014404296875000e+02
1.862284545898437500e+02
1.858363037109375000e+02
1.864906005859375000e+02
1.859330902099609375e+02
1.847897796630859375e+02
1.865300903320312500e+02
1.865905151367187500e+02
1.865746002197265625e+02
1.860072326660156250e+02
1.860301666259765625e+02
1.850092468261718750e+02
1.861695556640625000e+02
1.859541625976562500e+02
1.861597595214843750e+02
1.859701232910156250e+02
1.868608703613281250e+02
1.855081329345703125e+02
1.857266693115234375e+02
1.854757080078125000e+02
1.859762878417968750e+02
1.855039520263671875e+02
1.863928222656250000e+02
1.861606140136718750e+02
1.852502441406250000e+02
1.857942504882812500e+02
1.863808746337890625e+02
1.858681488037109375e+02
1.850233154296875000e+02
1.859651489257812500e+02
1.851959075927734375e+02
1.856244812011718750e+02
1.852997894287109375e+02
1.853703918457031250e+02
1.853964996337890625e+02
1.852878723144531250e+02
1.853552856445312500e+02
1.849357757568359375e+02
1.856600952148437500e+02
1.857665863037109375e+02
1.849102325439453125e+02
1.845030212402343750e+02
1.846925506591796875e+02
1.846755218505859375e+02
1.841572570800781250e+02
1.850551757812500000e+02
1.857687683105468750e+02
1.849917144775390625e+02
1.843209838867187500e+02
1.852093658447265625e+02
1.849061889648437500e+02
1.852599182128906250e+02
1.849120788574218750e+02
1.855893554687500000e+02
1.846511230468750000e+02
1.848227996826171875e+02
1.852711029052734375e+02
1.861744232177734375e+02
1.846218872070312500e+02
1.858591613769531250e+02
1.853128662109375000e+02
1.855648193359375000e+02
1.853306579589843750e+02
1.847668609619140625e+02
1.856076049804687500e+02
1.848162078857421875e+02
1.845885620117187500e+02
1.846813049316406250e+02
1.849742889404296875e+02
1.849983062744140625e+02
1.851177673339843750e+02
1.854186248779296875e+02
1.857330474853515625e+02
1.841946563720703125e+02
1.843469085693359375e+02
1.843708648681640625e+02
1.847266540527343750e+02
1.847893524169921875e+02
1.849888610839843750e+02
1.852063903808593750e+02
1.842937011718750000e+02
1.847137451171875000e+02
1.845424804687500000e+02
1.846752471923828125e+02
1.849803314208984375e+02
1.850458984375000000e+02
1.844120635986328125e+02
1.852168579101562500e+02
1.842020263671875000e+02
1.839573364257812500e+02
1.850071563720703125e+02
1.843764953613281250e+02
1.845271911621093750e+02
1.846460266113281250e+02
1.845728912353515625e+02
1.842318420410156250e+02
1.843697509765625000e+02
1.855893859863281250e+02
1.842174530029296875e+02
1.846213989257812500e+02
1.839305877685546875e+02
1.846901397705078125e+02
1.840581054687500000e+02
1.843903198242187500e+02
1.856932373046875000e+02
1.841741943359375000e+02
1.838227386474609375e+02
1.837388610839843750e+02
1.845973510742187500e+02
1.844913024902343750e+02
1.844116668701171875e+02
1.838534545898437500e+02
1.842100524902343750e+02
1.836527862548828125e+02
1.837247772216796875e+02
1.841724090576171875e+02
1.841034393310546875e+02
1.843996734619140625e+02
1.839421997070312500e+02
1.837986145019531250e+02
1.837509765625000000e+02
1.837068786621093750e+02
1.837565155029296875e+02
1.844298248291015625e+02
1.839080505371093750e+02
1.846370086669921875e+02
1.835553588867187500e+02
1.838675842285156250e+02
1.843689880371093750e+02
1.842329559326171875e+02
1.841195526123046875e+02
1.841610260009765625e+02
1.847408142089843750e+02
1.844958496093750000e+02
1.841316986083984375e+02
1.838501739501953125e+02
1.836816864013671875e+02
1.834733734130859375e+02
1.845030975341796875e+02
1.844931793212890625e+02
1.839708099365234375e+02
1.843287200927734375e+02
1.838402709960937500e+02
1.843147735595703125e+02
1.836141052246093750e+02
1.834140930175781250e+02
1.834322967529296875e+02
1.839928588867187500e+02
1.836732940673828125e+02
1.835834503173828125e+02
1.833448486328125000e+02
1.841006011962890625e+02
1.836767120361328125e+02
1.835576019287109375e+02
1.835543212890625000e+02
1.843065490722656250e+02
1.832799530029296875e+02
1.829350433349609375e+02
1.847694702148437500e+02
1.829479064941406250e+02
1.842944641113281250e+02
1.841376800537109375e+02
1.836954956054687500e+02
1.838680114746093750e+02
1.842843322753906250e+02
1.839411315917968750e+02
1.833366851806640625e+02
1.840055847167968750e+02
1.838496093750000000e+02
1.828897399902343750e+02
1.837340087890625000e+02
1.835707855224609375e+02
1.837404327392578125e+02
1.832883911132812500e+02
1.834895629882812500e+02
1.830234832763671875e+02
1.839108886718750000e+02
1.833863830566406250e+02
1.833519287109375000e+02
1.831743927001953125e+02
1.836871337890625000e+02
1.837631225585937500e+02
1.838385009765625000e+02
1.839626770019531250e+02
1.836664733886718750e+02
1.839400177001953125e+02
1.835835876464843750e+02
1.833824615478515625e+02
1.830954589843750000e+02
1.832177124023437500e+02
1.824711303710937500e+02
1.833782043457031250e+02
1.837916717529296875e+02
1.837337951660156250e+02
1.838641815185546875e+02
1.827468109130859375e+02
1.843723144531250000e+02
1.832419738769531250e+02
1.832859497070312500e+02
1.835851287841796875e+02
1.838158416748046875e+02
1.837087097167968750e+02
1.824077148437500000e+02
1.834155731201171875e+02
1.841768798828125000e+02
1.835478973388671875e+02
1.834907073974609375e+02
1.835309600830078125e+02
1.833383789062500000e+02
1.827918090820312500e+02
1.836385498046875000e+02
1.834697875976562500e+02
1.834938964843750000e+02
1.830465393066406250e+02
1.832325286865234375e+02
1.834475250244140625e+02
1.837745208740234375e+02
1.842159423828125000e+02
1.830482177734375000e+02
1.824717712402343750e+02
1.839167938232421875e+02
1.827231445312500000e+02
1.829684753417968750e+02
1.832123413085937500e+02
1.831475524902343750e+02
1.841164245605468750e+02
1.831701507568359375e+02
1.834027404785156250e+02
1.840567626953125000e+02
1.826458129882812500e+02
1.835685729980468750e+02
1.836525268554687500e+02
1.838955841064453125e+02
1.834489135742187500e+02
1.827314758300781250e+02
1.831446228027343750e+02
1.835665588378906250e+02
1.836307373046875000e+02
1.836511840820312500e+02
1.834208374023437500e+02
1.835044555664062500e+02
1.835937194824218750e+02
1.836326599121093750e+02
1.836377105712890625e+02
1.834029541015625000e+02
1.829486541748046875e+02
1.837782287597656250e+02
1.823526916503906250e+02
1.827367858886718750e+02
1.830382080078125000e+02
1.824623107910156250e+02
1.830649719238281250e+02
1.822581787109375000e+02
1.826219635009765625e+02
1.833602447509765625e+02
1.830357818603515625e+02
1.836312866210937500e+02
1.835650787353515625e+02
1.832236785888671875e+02
1.828000030517578125e+02
1.838909301757812500e+02
1.835137329101562500e+02
1.833382568359375000e+02
1.836719665527343750e+02
1.830059509277343750e+02
1.825696716308593750e+02
1.825869750976562500e+02
1.830669250488281250e+02
1.830221252441406250e+02
1.828704223632812500e+02
1.827117919921875000e+02
1.831016693115234375e+02
1.828832702636718750e+02
1.836308288574218750e+02
1.821523284912109375e+02
1.832795562744140625e+02
1.832640838623046875e+02
1.824871673583984375e+02
1.826003417968750000e+02
1.835761566162109375e+02
1.828933258056640625e+02
1.835041351318359375e+02
1.827225189208984375e+02
1.836750488281250000e+02
1.827230224609375000e+02
1.829752960205078125e+02
1.833135070800781250e+02
1.832035522460937500e+02
1.836721954345703125e+02
1.838298645019531250e+02
1.829323883056640625e+02
1.833883361816406250e+02
1.829632263183593750e+02
1.831489715576171875e+02
1.835707702636718750e+02
1.834010620117187500e+02
1.832179718017578125e+02
1.828153839111328125e+02
1.837338409423828125e+02
1.828871765136718750e+02
1.836403503417968750e+02
1.827229766845703125e+02
1.822880706787109375e+02
1.834543457031250000e+02
1.826585693359375000e+02
1.835824890136718750e+02
1.822502746582031250e+02
1.833229522705078125e+02
1.840279693603515625e+02
1.830399169921875000e+02
1.827488708496093750e+02
1.837412261962890625e+02
1.827269592285156250e+02
1.841696472167968750e+02
1.827530975341796875e+02
1.835595703125000000e+02
1.828367004394531250e+02
1.827370910644531250e+02
1.824867858886718750e+02
1.829211273193359375e+02
1.835507812500000000e+02
1.833988952636718750e+02
1.831153717041015625e+02
1.824769897460937500e+02
1.826625366210937500e+02
1.828402557373046875e+02
1.833522338867187500e+02
1.828515319824218750e+02
1.830069427490234375e+02
1.830200805664062500e+02
1.829440002441406250e+02
1.826471252441406250e+02
1.837193145751953125e+02
1.832503051757812500e+02
1.832249755859375000e+02
1.835268249511718750e+02
1.833680267333984375e+02
1.833604431152343750e+02
1.829155731201171875e+02
1.833934326171875000e+02
1.828680877685546875e+02
1.823233337402343750e+02
1.834158630371093750e+02
1.824906158447265625e+02
1.836731567382812500e+02
1.838334808349609375e+02
1.838096008300781250e+02
1.826029815673828125e+02
1.822197113037109375e+02
1.826138763427734375e+02
1.829577331542968750e+02
1.818992919921875000e+02
1.828491821289062500e+02
1.828929443359375000e+02
1.827154083251953125e+02
1.828664550781250000e+02
1.831274261474609375e+02
1.835633239746093750e+02
1.832194061279296875e+02
1.834736938476562500e+02
1.831161956787109375e+02
1.827276000976562500e+02
1.824920196533203125e+02
1.831836090087890625e+02
1.831037902832031250e+02
1.829054565429687500e+02
1.832545166015625000e+02
1.824684448242187500e+02
1.828244171142578125e+02
1.828475646972656250e+02
1.827786865234375000e+02
1.830249786376953125e+02
1.828648071289062500e+02
1.835949707031250000e+02
1.829720916748046875e+02
1.821553497314453125e+02
1.823631896972656250e+02
1.829471740722656250e+02
1.832471313476562500e+02
1.828574066162109375e+02
1.832963409423828125e+02
1.837554626464843750e+02
1.838351593017578125e+02
1.831319427490234375e+02
1.834232482910156250e+02
1.829904785156250000e+02
1.829255371093750000e+02
1.828954925537109375e+02
1.831565551757812500e+02
1.839501342773437500e+02
1.831632995605468750e+02
1.835913696289062500e+02
1.829815368652343750e+02
1.828715515136718750e+02
1.828514404296875000e+02
1.831486816406250000e+02
1.828765563964843750e+02
1.828303833007812500e+02
1.835022735595703125e+02
1.834319000244140625e+02
1.828435668945312500e+02
1.838601226806640625e+02
1.828377380371093750e+02
1.829485626220703125e+02
1.825567932128906250e+02
1.826178283691406250e+02
1.831779479980468750e+02
1.830039672851562500e+02
1.835480041503906250e+02
1.834745941162109375e+02
1.827155151367187500e+02
1.837509002685546875e+02
1.827390289306640625e+02
1.822304534912109375e+02
1.825388488769531250e+02
1.831792602539062500e+02
1.829391021728515625e+02
1.835602874755859375e+02
1.821613616943359375e+02
1.824937133789062500e+02
1.831578979492187500e+02
1.822313842773437500e+02
1.831697692871093750e+02
1.824390716552734375e+02
1.829496612548828125e+02
1.819419555664062500e+02
1.827811584472656250e+02
1.829068756103515625e+02
1.831308898925781250e+02
1.837595367431640625e+02
1.825678405761718750e+02
1.824052734375000000e+02
1.824120178222656250e+02
1.834408721923828125e+02
1.829752807617187500e+02
1.823350524902343750e+02
1.828718719482421875e+02
1.825870361328125000e+02
1.821027526855468750e+02
1.826002197265625000e+02
1.824605560302734375e+02
1.834125976562500000e+02
1.830195312500000000e+02
1.827856750488281250e+02
1.835789947509765625e+02
1.840315856933593750e+02
1.835223083496093750e+02
1.831855316162109375e+02
1.827579345703125000e+02
1.823808746337890625e+02
1.837443847656250000e+02
1.827932739257812500e+02
1.833945617675781250e+02
1.824260253906250000e+02
1.824980010986328125e+02
1.830907440185546875e+02
1.832969665527343750e+02
1.822390136718750000e+02
1.830840148925781250e+02
1.818765563964843750e+02
1.833054962158203125e+02
1.831392059326171875e+02
1.825184020996093750e+02
1.830899200439453125e+02
1.829914398193359375e+02
1.830833740234375000e+02
1.826255340576171875e+02
1.829860839843750000e+02
1.812563171386718750e+02
1.819061889648437500e+02
1.819833831787109375e+02
1.827713775634765625e+02
1.823725128173828125e+02
1.830622406005859375e+02
1.834524841308593750e+02
1.830431823730468750e+02
1.827012023925781250e+02
1.823112335205078125e+02
1.825556793212890625e+02
1.835033264160156250e+02
1.824137268066406250e+02
1.847504577636718750e+02
1.821200408935546875e+02
1.834725799560546875e+02
1.842597198486328125e+02
1.833026123046875000e+02
1.827279205322265625e+02
1.819283905029296875e+02
1.831453552246093750e+02
1.830042877197265625e+02
1.830149383544921875e+02
1.831172485351562500e+02
1.835502166748046875e+02
1.831658782958984375e+02
1.827515563964843750e+02
1.821906127929687500e+02
1.828176116943359375e+02
1.821781616210937500e+02
1.819834594726562500e+02
1.821271362304687500e+02
1.828257446289062500e+02
1.827951202392578125e+02
1.828405303955078125e+02
1.827980346679687500e+02
1.828598175048828125e+02
1.835748596191406250e+02
1.830100555419921875e+02
1.837291564941406250e+02
1.828690032958984375e+02
1.825130157470703125e+02
1.822663574218750000e+02
1.835709075927734375e+02
1.830401611328125000e+02
1.830702667236328125e+02
1.826999206542968750e+02
1.830547790527343750e+02
1.828410034179687500e+02
1.838723602294921875e+02
1.834866180419921875e+02
1.827540588378906250e+02
1.822387390136718750e+02
1.828546752929687500e+02
1.826883850097656250e+02
1.824323425292968750e+02
1.827323913574218750e+02
1.830993652343750000e+02
1.832514038085937500e+02
1.830554351806640625e+02
1.829907836914062500e+02
1.825653991699218750e+02
1.825620117187500000e+02
1.832108306884765625e+02
1.818959350585937500e+02
1.823498229980468750e+02
1.827779846191406250e+02
1.833639373779296875e+02
1.825512695312500000e+02
1.831849517822265625e+02
1.824355010986328125e+02
1.826396484375000000e+02
1.822582397460937500e+02
1.826232147216796875e+02
1.830441284179687500e+02
1.830519714355468750e+02
1.827192382812500000e+02
1.826733703613281250e+02
1.831730041503906250e+02
1.826762695312500000e+02
1.822558898925781250e+02
1.827611541748046875e+02
1.826268463134765625e+02
1.831219940185546875e+02
1.837743988037109375e+02
1.827389831542968750e+02
1.822448272705078125e+02
1.832339019775390625e+02
1.826308135986328125e+02
1.830706939697265625e+02
1.833882751464843750e+02
1.828938903808593750e+02
1.831899414062500000e+02
1.830194091796875000e+02
1.830592346191406250e+02
1.829196014404296875e+02
1.836492004394531250e+02
1.829089965820312500e+02
1.825360260009765625e+02
1.834028015136718750e+02
1.824980163574218750e+02
1.823665771484375000e+02
1.834854431152343750e+02
1.831222076416015625e+02
1.831134643554687500e+02
1.827888488769531250e+02
1.830183410644531250e+02
1.831963043212890625e+02
1.836748657226562500e+02
1.824708862304687500e+02
1.826668853759765625e+02
1.834105682373046875e+02
1.822627258300781250e+02
1.822532043457031250e+02
1.819052124023437500e+02
1.835089874267578125e+02
1.824880828857421875e+02
1.829634246826171875e+02
1.820211181640625000e+02
1.825135345458984375e+02
1.832645111083984375e+02
1.822009429931640625e+02
1.831272735595703125e+02
1.833808898925781250e+02
1.821772766113281250e+02
1.836444091796875000e+02
1.830287780761718750e+02
1.829116210937500000e+02
1.819650878906250000e+02
1.826136474609375000e+02
1.833537597656250000e+02
1.826517333984375000e+02
1.824542846679687500e+02
1.828000183105468750e+02
1.825476684570312500e+02
1.831084899902343750e+02
1.830299072265625000e+02
1.831401519775390625e+02
1.829622497558593750e+02
1.827028503417968750e+02
1.817552337646484375e+02
1.829225463867187500e+02
1.825769195556640625e+02
1.819880981445312500e+02
1.827948760986328125e+02
1.822674407958984375e+02
1.822150726318359375e+02
1.830903930664062500e+02
1.821140747070312500e+02
1.823158111572265625e+02
1.830630493164062500e+02
1.816069030761718750e+02
1.825935363769531250e+02
1.830460205078125000e+02
1.827245941162109375e+02
1.835466613769531250e+02
1.831404113769531250e+02
1.829876098632812500e+02
1.819161834716796875e+02
1.834727172851562500e+02
1.819303131103515625e+02
1.829086608886718750e+02
1.830458068847656250e+02
1.826408843994140625e+02
1.833706359863281250e+02
1.823680267333984375e+02
1.826378631591796875e+02
1.833708496093750000e+02
1.826210937500000000e+02
1.820546264648437500e+02
1.824048309326171875e+02
1.824844970703125000e+02
1.826151275634765625e+02
1.822933959960937500e+02
1.829842681884765625e+02
1.834841918945312500e+02
1.835988159179687500e+02
1.826588592529296875e+02
1.831518859863281250e+02
1.824234008789062500e+02
1.824508209228515625e+02
1.831716613769531250e+02
1.828110351562500000e+02
1.820825042724609375e+02
1.824023590087890625e+02
1.831873931884765625e+02
1.846306152343750000e+02
1.831143798828125000e+02
1.824504699707031250e+02
1.826398315429687500e+02
1.823057250976562500e+02
1.829544525146484375e+02
1.823164367675781250e+02
1.832503051757812500e+02
1.831690826416015625e+02
1.821772155761718750e+02
1.830356903076171875e+02
1.827967376708984375e+02
1.827695617675781250e+02
1.824177551269531250e+02
1.829259185791015625e+02
1.829506378173828125e+02
1.822307434082031250e+02
1.821117553710937500e+02
1.833266754150390625e+02
1.825618591308593750e+02
1.825367736816406250e+02
1.834316711425781250e+02
1.829914703369140625e+02
1.833206329345703125e+02
1.825169219970703125e+02
1.827327880859375000e+02
1.828026733398437500e+02
1.823362121582031250e+02
1.827692871093750000e+02
1.821753540039062500e+02
1.816982421875000000e+02
1.827062377929687500e+02
1.824900207519531250e+02
1.825370635986328125e+02
1.823966674804687500e+02
1.841007080078125000e+02
1.827807922363281250e+02
1.832346343994140625e+02
1.835589447021484375e+02
1.818154602050781250e+02
1.827095947265625000e+02
1.824898376464843750e+02
1.827929840087890625e+02
1.830336914062500000e+02
1.831186981201171875e+02
1.823882751464843750e+02
1.833099060058593750e+02
1.824201202392578125e+02
1.824551239013671875e+02
1.829111938476562500e+02
1.832251281738281250e+02
1.821102294921875000e+02
1.825305480957031250e+02
1.835789947509765625e+02
1.831196289062500000e+02
1.822414550781250000e+02
1.839354553222656250e+02
1.826551208496093750e+02
1.822218322753906250e+02
1.825611877441406250e+02
1.824354248046875000e+02
1.831284179687500000e+02
1.827441253662109375e+02
1.819646606445312500e+02
1.830826721191406250e+02
1.825530700683593750e+02
1.830798645019531250e+02
1.826545257568359375e+02
1.825809020996093750e+02
1.832497558593750000e+02
1.826455383300781250e+02
1.818694915771484375e+02
1.833489685058593750e+02
1.823293762207031250e+02
1.824272613525390625e+02
1.825454864501953125e+02
1.834903564453125000e+02
1.817028656005859375e+02
1.830984802246093750e+02
1.826566925048828125e+02
1.823483886718750000e+02
1.820228424072265625e+02
1.829768981933593750e+02
1.830168457031250000e+02
1.829566802978515625e+02
1.824218444824218750e+02
1.827300872802734375e+02
1.825106811523437500e+02
1.822252044677734375e+02
1.832405853271484375e+02
1.830839385986328125e+02
1.818422393798828125e+02
1.837487945556640625e+02
1.828681030273437500e+02
1.835072937011718750e+02
1.820860595703125000e+02
1.837210693359375000e+02
1.816366577148437500e+02
1.831217651367187500e+02
1.831613159179687500e+02
1.825462188720703125e+02
1.829942321777343750e+02
1.828283996582031250e+02
1.829994964599609375e+02
1.821628417968750000e+02
1.837443847656250000e+02
1.837129821777343750e+02
1.833843231201171875e+02
1.822055969238281250e+02
1.827607879638671875e+02
1.828892517089843750e+02
1.823558349609375000e+02
1.825067138671875000e+02
1.827445983886718750e+02
1.825149383544921875e+02
1.824699096679687500e+02
1.831328735351562500e+02
1.828437500000000000e+02
1.827252349853515625e+02
1.817585296630859375e+02
1.822895202636718750e+02
1.839063720703125000e+02
1.826750488281250000e+02
1.836203613281250000e+02
1.821538391113281250e+02
1.828002471923828125e+02
1.821716156005859375e+02
1.830474700927734375e+02
1.832291412353515625e+02
1.823994293212890625e+02
1.830774383544921875e+02
1.832348480224609375e+02
1.824385070800781250e+02
1.820751037597656250e+02
1.829776916503906250e+02
1.822547912597656250e+02
1.827447814941406250e+02
1.829675292968750000e+02
1.835781097412109375e+02
1.831786499023437500e+02
1.827849426269531250e+02
1.829714965820312500e+02
1.833097839355468750e+02
1.824500579833984375e+02
1.825931549072265625e+02
1.828864440917968750e+02
1.825307922363281250e+02
1.822398529052734375e+02
1.821313934326171875e+02
1.818185577392578125e+02
1.832070617675781250e+02
1.832836608886718750e+02
1.832003021240234375e+02
1.820232849121093750e+02
1.830847473144531250e+02
1.824557952880859375e+02
1.827755432128906250e+02
1.833019409179687500e+02
1.827727813720703125e+02
1.828908843994140625e+02
1.825363922119140625e+02
1.824159088134765625e+02
1.826743164062500000e+02
1.823992919921875000e+02
1.827441711425781250e+02
1.822694244384765625e+02
1.824578247070312500e+02
1.837297668457031250e+02
1.822431488037109375e+02
1.829077453613281250e+02
1.840227813720703125e+02
1.823033752441406250e+02
1.833643188476562500e+02
1.831955871582031250e+02
1.822853546142578125e+02
1.826961059570312500e+02
1.831473388671875000e+02
1.830020446777343750e+02
1.829854431152343750e+02
1.831190795898437500e+02
1.824947662353515625e+02
1.829540557861328125e+02
1.827174072265625000e+02
1.815156402587890625e+02
1.826131744384765625e+02
1.835787048339843750e+02
1.812216644287109375e+02
1.835321350097656250e+02
1.831592864990234375e+02
1.832167358398437500e+02
1.828627624511718750e+02
1.831627807617187500e+02
1.823648376464843750e+02
1.822032928466796875e+02
1.829390869140625000e+02
1.827866516113281250e+02
1.825983276367187500e+02
