6.870545864105224609e+00
6.639873027801513672e+00
6.452579498291015625e+00
6.328227996826171875e+00
6.267670631408691406e+00
6.199837207794189453e+00
6.149599075317382812e+00
6.197838306427001953e+00
6.251677513122558594e+00
6.218493461608886719e+00
6.131521224975585938e+00
6.046784400939941406e+00
6.085689544677734375e+00
6.299625396728515625e+00
6.007790088653564453e+00
5.998681545257568359e+00
6.118882179260253906e+00
6.217595100402832031e+00
6.056298255920410156e+00
6.112293720245361328e+00
6.064782142639160156e+00
6.159596443176269531e+00
6.067834854125976562e+00
6.024866104125976562e+00
6.160938739776611328e+00
5.995586872100830078e+00
6.029279708862304688e+00
6.036270141601562500e+00
5.884844303131103516e+00
6.069844722747802734e+00
5.864051342010498047e+00
5.898221969604492188e+00
6.096210479736328125e+00
5.825858116149902344e+00
5.973138809204101562e+00
5.991516113281250000e+00
5.876653671264648438e+00
5.871673583984375000e+00
6.124102115631103516e+00
5.947559356689453125e+00
5.946736812591552734e+00
5.836307525634765625e+00
5.963915824890136719e+00
5.964627265930175781e+00
5.867596149444580078e+00
5.901213169097900391e+00
5.806522369384765625e+00
5.896692276000976562e+00
5.925915718078613281e+00
5.940637111663818359e+00
5.834964752197265625e+00
5.883239746093750000e+00
5.923428535461425781e+00
5.774449348449707031e+00
5.900774955749511719e+00
5.804661750793457031e+00
6.180356979370117188e+00
5.820724487304687500e+00
5.833280563354492188e+00
5.837482452392578125e+00
5.744901180267333984e+00
5.969427108764648438e+00
5.837063789367675781e+00
5.916339874267578125e+00
5.828314781188964844e+00
5.868778228759765625e+00
5.824551582336425781e+00
5.774818420410156250e+00
5.860113620758056641e+00
5.968376159667968750e+00
5.779832839965820312e+00
5.849860668182373047e+00
5.863170146942138672e+00
5.935675621032714844e+00
5.955706119537353516e+00
5.828739166259765625e+00
5.909711360931396484e+00
5.753020763397216797e+00
5.884061336517333984e+00
5.812009811401367188e+00
5.878818988800048828e+00
5.731540679931640625e+00
5.776336193084716797e+00
5.783726215362548828e+00
5.801790237426757812e+00
5.685141086578369141e+00
5.869147300720214844e+00
5.711499691009521484e+00
5.876508235931396484e+00
5.844247817993164062e+00
5.733765125274658203e+00
6.006949424743652344e+00
5.808618068695068359e+00
5.863227367401123047e+00
5.740541934967041016e+00
5.841934204101562500e+00
5.843021392822265625e+00
5.723496913909912109e+00
5.746033191680908203e+00
5.733799457550048828e+00
5.823071479797363281e+00
5.737289428710937500e+00
5.721778869628906250e+00
5.710640907287597656e+00
5.769663810729980469e+00
5.782581329345703125e+00
5.930644035339355469e+00
5.725134372711181641e+00
5.791693210601806641e+00
5.774905204772949219e+00
5.736617088317871094e+00
5.673093795776367188e+00
5.693472385406494141e+00
5.681747436523437500e+00
5.742560386657714844e+00
5.671649932861328125e+00
5.817954540252685547e+00
5.727672100067138672e+00
5.739397525787353516e+00
5.693943500518798828e+00
5.717376232147216797e+00
5.733755111694335938e+00
6.035941123962402344e+00
5.633254051208496094e+00
5.684084415435791016e+00
5.851372241973876953e+00
5.920548915863037109e+00
5.718705177307128906e+00
5.655464172363281250e+00
5.654678821563720703e+00
5.810319423675537109e+00
5.727381706237792969e+00
5.672803878784179688e+00
5.632266044616699219e+00
5.842153549194335938e+00
5.924000263214111328e+00
5.718410491943359375e+00
5.802163600921630859e+00
5.722910404205322266e+00
5.677598476409912109e+00
5.641562461853027344e+00
5.878545761108398438e+00
5.947628021240234375e+00
5.712474346160888672e+00
5.810238361358642578e+00
5.950607299804687500e+00
5.816033363342285156e+00
5.805685520172119141e+00
5.819370269775390625e+00
5.910251617431640625e+00
5.789079189300537109e+00
5.727841854095458984e+00
5.898158550262451172e+00
5.759035587310791016e+00
5.752190589904785156e+00
5.862452030181884766e+00
5.769210338592529297e+00
5.741742134094238281e+00
5.690927982330322266e+00
5.767993450164794922e+00
5.860002517700195312e+00
5.760396003723144531e+00
5.714507579803466797e+00
5.674465656280517578e+00
5.846923351287841797e+00
5.877925872802734375e+00
5.752346038818359375e+00
5.642498970031738281e+00
5.698533058166503906e+00
5.614235401153564453e+00
5.787544727325439453e+00
5.820165634155273438e+00
5.633405685424804688e+00
5.822163581848144531e+00
5.782389640808105469e+00
5.595049858093261719e+00
5.719760417938232422e+00
5.660363674163818359e+00
5.927490711212158203e+00
5.754219055175781250e+00
5.760148525238037109e+00
5.661057472229003906e+00
5.729283332824707031e+00
5.710509777069091797e+00
5.741663455963134766e+00
5.797322750091552734e+00
5.679664611816406250e+00
5.757907867431640625e+00
5.793918609619140625e+00
5.748278141021728516e+00
5.761322975158691406e+00
5.624559879302978516e+00
5.824137210845947266e+00
5.671925544738769531e+00
5.652586936950683594e+00
5.758863925933837891e+00
5.687561988830566406e+00
5.780195713043212891e+00
5.773015975952148438e+00
5.687160491943359375e+00
5.651280879974365234e+00
5.660611152648925781e+00
5.749638557434082031e+00
5.610184669494628906e+00
5.681922435760498047e+00
5.769506454467773438e+00
5.703222751617431641e+00
5.744342327117919922e+00
5.674095153808593750e+00
5.745707511901855469e+00
5.730231285095214844e+00
5.735246658325195312e+00
5.642627716064453125e+00
5.656484603881835938e+00
5.742782115936279297e+00
5.619391441345214844e+00
5.789289951324462891e+00
5.565808773040771484e+00
5.689536571502685547e+00
5.585808277130126953e+00
5.713962078094482422e+00
5.638012409210205078e+00
5.589362621307373047e+00
5.714927673339843750e+00
5.724081516265869141e+00
5.640207767486572266e+00
5.705036163330078125e+00
5.606031417846679688e+00
5.600019454956054688e+00
5.639405250549316406e+00
5.605271339416503906e+00
5.701227664947509766e+00
5.638569831848144531e+00
5.718590736389160156e+00
5.603896617889404297e+00
5.665168762207031250e+00
5.619723796844482422e+00
5.642028808593750000e+00
5.857159137725830078e+00
5.822232723236083984e+00
5.800571918487548828e+00
5.718595027923583984e+00
5.887717247009277344e+00
5.792900085449218750e+00
5.823215484619140625e+00
5.841344833374023438e+00
5.785991668701171875e+00
5.776172637939453125e+00
5.691345214843750000e+00
5.825230121612548828e+00
5.622957229614257812e+00
5.797077655792236328e+00
5.784797668457031250e+00
5.692750930786132812e+00
5.682139396667480469e+00
5.669354915618896484e+00
5.605297088623046875e+00
5.737019538879394531e+00
5.763852119445800781e+00
5.824816703796386719e+00
5.855230331420898438e+00
5.690871715545654297e+00
5.812254428863525391e+00
5.823887825012207031e+00
5.675217628479003906e+00
5.883766174316406250e+00
5.703023910522460938e+00
5.659162044525146484e+00
5.879061222076416016e+00
5.771914482116699219e+00
5.793285846710205078e+00
5.601951122283935547e+00
5.673904895782470703e+00
5.686557292938232422e+00
5.765314102172851562e+00
5.677796363830566406e+00
5.719580173492431641e+00
5.869430541992187500e+00
5.639140605926513672e+00
5.713517189025878906e+00
5.675249099731445312e+00
5.643570899963378906e+00
5.746120452880859375e+00
5.699834823608398438e+00
5.705783843994140625e+00
5.658639907836914062e+00
5.712237358093261719e+00
5.660730838775634766e+00
5.712606430053710938e+00
5.740904331207275391e+00
5.685604572296142578e+00
5.622517585754394531e+00
5.653639316558837891e+00
5.585778236389160156e+00
5.776451110839843750e+00
5.637477874755859375e+00
5.681933403015136719e+00
5.798746585845947266e+00
5.624252319335937500e+00
5.640152931213378906e+00
5.593530178070068359e+00
5.732349395751953125e+00
5.659801483154296875e+00
5.779606819152832031e+00
5.740467071533203125e+00
5.581884384155273438e+00
5.683102607727050781e+00
5.590947151184082031e+00
5.671990394592285156e+00
5.651823997497558594e+00
5.634181022644042969e+00
5.603016853332519531e+00
5.684036731719970703e+00
5.556725025177001953e+00
5.710319519042968750e+00
5.575701713562011719e+00
5.533227920532226562e+00
5.681740760803222656e+00
5.718965530395507812e+00
5.711213111877441406e+00
5.827795982360839844e+00
5.595077514648437500e+00
5.788565635681152344e+00
5.676537036895751953e+00
5.564147949218750000e+00
5.608551979064941406e+00
5.600742816925048828e+00
5.623784065246582031e+00
5.607464790344238281e+00
5.632114410400390625e+00
5.623919486999511719e+00
5.813860893249511719e+00
5.658014297485351562e+00
5.739112854003906250e+00
5.628203868865966797e+00
5.597388744354248047e+00
5.658130168914794922e+00
5.680663108825683594e+00
5.741982460021972656e+00
5.642433166503906250e+00
5.779619693756103516e+00
5.761245250701904297e+00
5.702244281768798828e+00
5.625556945800781250e+00
5.703660011291503906e+00
5.644121646881103516e+00
5.623153686523437500e+00
5.635996341705322266e+00
5.736457824707031250e+00
5.597761631011962891e+00
5.660812854766845703e+00
5.655077457427978516e+00
5.634751319885253906e+00
5.599811553955078125e+00
5.598819732666015625e+00
5.813989639282226562e+00
5.607380867004394531e+00
5.577013015747070312e+00
5.617396354675292969e+00
5.637983798980712891e+00
5.657386779785156250e+00
5.704203128814697266e+00
5.617873191833496094e+00
5.642077922821044922e+00
5.571205615997314453e+00
5.612113952636718750e+00
5.614580154418945312e+00
6.022842407226562500e+00
5.598520278930664062e+00
5.617844104766845703e+00
5.549635410308837891e+00
5.814868927001953125e+00
5.634373664855957031e+00
5.583152294158935547e+00
5.835942745208740234e+00
5.626182079315185547e+00
5.633502483367919922e+00
5.582336425781250000e+00
5.871798515319824219e+00
5.649621963500976562e+00
5.571189880371093750e+00
5.674535751342773438e+00
5.547211170196533203e+00
5.698760032653808594e+00
5.630210399627685547e+00
5.591488361358642578e+00
5.740015506744384766e+00
5.649846076965332031e+00
5.627336025238037109e+00
5.728997230529785156e+00
5.755822658538818359e+00
5.566183567047119141e+00
5.547812461853027344e+00
5.612960815429687500e+00
5.593847274780273438e+00
5.758727550506591797e+00
5.672704696655273438e+00
5.750039577484130859e+00
5.604826450347900391e+00
5.659595966339111328e+00
5.876368522644042969e+00
5.666435241699218750e+00
5.601223468780517578e+00
5.589488983154296875e+00
5.662159919738769531e+00
5.535882949829101562e+00
5.603198051452636719e+00
5.607184886932373047e+00
5.750566005706787109e+00
5.554149150848388672e+00
5.885977745056152344e+00
5.557296276092529297e+00
5.639285087585449219e+00
5.790514945983886719e+00
5.618923664093017578e+00
5.616475582122802734e+00
5.665466308593750000e+00
5.764909267425537109e+00
5.610718727111816406e+00
5.701838970184326172e+00
5.568693161010742188e+00
5.635935783386230469e+00
5.631286144256591797e+00
5.581491947174072266e+00
5.627061367034912109e+00
5.631528377532958984e+00
5.722301959991455078e+00
5.599725723266601562e+00
5.597661495208740234e+00
5.726052761077880859e+00
5.571026802062988281e+00
5.685355663299560547e+00
5.662415981292724609e+00
5.644709110260009766e+00
5.648889541625976562e+00
5.690622806549072266e+00
5.594093322753906250e+00
5.679955005645751953e+00
5.523953914642333984e+00
5.682011604309082031e+00
5.776270866394042969e+00
5.708209991455078125e+00
5.620835304260253906e+00
5.720705986022949219e+00
5.624702930450439453e+00
5.556630134582519531e+00
5.597206115722656250e+00
5.615908622741699219e+00
5.632774353027343750e+00
5.661532878875732422e+00
5.729215621948242188e+00
5.654644012451171875e+00
5.561432361602783203e+00
5.659043312072753906e+00
5.586864948272705078e+00
5.596009731292724609e+00
5.735091209411621094e+00
5.621001243591308594e+00
5.614841461181640625e+00
5.579503059387207031e+00
5.617927074432373047e+00
5.615284919738769531e+00
5.656815052032470703e+00
5.716709136962890625e+00
5.686918258666992188e+00
5.666235446929931641e+00
5.644375801086425781e+00
5.824995994567871094e+00
5.582756519317626953e+00
5.660579204559326172e+00
5.509648799896240234e+00
5.577775478363037109e+00
5.577292442321777344e+00
5.740623950958251953e+00
5.661228656768798828e+00
5.564382553100585938e+00
5.748208999633789062e+00
5.616722106933593750e+00
5.667337417602539062e+00
5.556949615478515625e+00
5.633691787719726562e+00
5.611044406890869141e+00
5.572930335998535156e+00
5.639172554016113281e+00
5.729408264160156250e+00
5.630499362945556641e+00
5.587835788726806641e+00
5.646353721618652344e+00
5.624883651733398438e+00
5.599282741546630859e+00
5.722483634948730469e+00
5.720838069915771484e+00
5.524949550628662109e+00
5.516988754272460938e+00
5.609063148498535156e+00
5.604560375213623047e+00
5.563125610351562500e+00
5.626082420349121094e+00
5.770511627197265625e+00
5.571205139160156250e+00
5.618682861328125000e+00
5.651477336883544922e+00
5.609073162078857422e+00
5.584333419799804688e+00
5.572497844696044922e+00
5.639176368713378906e+00
5.607518196105957031e+00
5.685427665710449219e+00
5.633296012878417969e+00
5.623878479003906250e+00
5.585296154022216797e+00
5.563170433044433594e+00
5.704293251037597656e+00
5.578777313232421875e+00
5.730501651763916016e+00
5.611418724060058594e+00
5.522309303283691406e+00
5.651050567626953125e+00
5.525852680206298828e+00
5.617273330688476562e+00
5.580174446105957031e+00
5.547086715698242188e+00
5.491958618164062500e+00
5.589149475097656250e+00
5.590263366699218750e+00
5.603583335876464844e+00
5.660174369812011719e+00
5.575766086578369141e+00
5.530245304107666016e+00
5.608614921569824219e+00
5.739179134368896484e+00
5.548374652862548828e+00
5.544691562652587891e+00
5.595058441162109375e+00
5.657602310180664062e+00
5.618505954742431641e+00
5.545996665954589844e+00
5.591169357299804688e+00
5.527633666992187500e+00
5.598843097686767578e+00
5.565140724182128906e+00
5.477171897888183594e+00
5.627336025238037109e+00
5.640448570251464844e+00
5.612488746643066406e+00
5.647368907928466797e+00
5.744317054748535156e+00
5.729087829589843750e+00
5.604474067687988281e+00
5.650525093078613281e+00
5.594132423400878906e+00
5.629723548889160156e+00
5.637707233428955078e+00
5.597509384155273438e+00
5.637599945068359375e+00
5.565553188323974609e+00
5.818067550659179688e+00
5.711668014526367188e+00
5.588073730468750000e+00
5.556872844696044922e+00
5.563635349273681641e+00
5.619740962982177734e+00
5.597701549530029297e+00
5.605424880981445312e+00
5.599475383758544922e+00
5.638003349304199219e+00
5.609100818634033203e+00
5.589002609252929688e+00
5.570766448974609375e+00
5.641039848327636719e+00
5.608665466308593750e+00
5.556812286376953125e+00
5.560547828674316406e+00
5.719146728515625000e+00
5.572038650512695312e+00
5.653025150299072266e+00
5.495048522949218750e+00
5.617310047149658203e+00
5.646126747131347656e+00
5.597007751464843750e+00
5.587735652923583984e+00
5.718629837036132812e+00
5.579972267150878906e+00
5.542019844055175781e+00
5.539913654327392578e+00
5.619907379150390625e+00
5.598163604736328125e+00
5.532796859741210938e+00
5.586390018463134766e+00
5.588603019714355469e+00
5.892899990081787109e+00
5.648631572723388672e+00
5.672537803649902344e+00
5.674567699432373047e+00
5.580348014831542969e+00
5.535257816314697266e+00
5.543138980865478516e+00
5.608533382415771484e+00
5.609502792358398438e+00
5.693040370941162109e+00
5.699088096618652344e+00
5.610158920288085938e+00
5.550366401672363281e+00
5.614745616912841797e+00
5.705264091491699219e+00
5.524543762207031250e+00
5.566889762878417969e+00
5.605115890502929688e+00
5.537023067474365234e+00
5.640182018280029297e+00
5.733988761901855469e+00
5.625790596008300781e+00
5.529817104339599609e+00
5.525458812713623047e+00
5.520571708679199219e+00
5.521103858947753906e+00
5.662214279174804688e+00
5.540200233459472656e+00
5.561477661132812500e+00
5.732111930847167969e+00
5.561301708221435547e+00
5.554428577423095703e+00
5.589408874511718750e+00
5.610121726989746094e+00
5.652262687683105469e+00
5.652731895446777344e+00
5.600052833557128906e+00
5.578536510467529297e+00
5.637228965759277344e+00
5.546445846557617188e+00
5.563342571258544922e+00
5.595423221588134766e+00
5.585178375244140625e+00
5.452303409576416016e+00
5.558383941650390625e+00
5.646295547485351562e+00
5.749239444732666016e+00
5.561529636383056641e+00
5.600277900695800781e+00
5.630414962768554688e+00
5.458919525146484375e+00
5.500439643859863281e+00
5.540507793426513672e+00
5.623376369476318359e+00
5.590556621551513672e+00
5.576994895935058594e+00
5.570692062377929688e+00
5.487022399902343750e+00
5.627069473266601562e+00
5.572751522064208984e+00
5.588051319122314453e+00
5.480258941650390625e+00
5.583324432373046875e+00
5.639008522033691406e+00
5.674105644226074219e+00
5.539722919464111328e+00
5.597363471984863281e+00
5.567816734313964844e+00
5.515551567077636719e+00
5.550890922546386719e+00
5.594810485839843750e+00
5.579368591308593750e+00
5.692842006683349609e+00
5.560194492340087891e+00
5.484540462493896484e+00
5.525599002838134766e+00
5.481394767761230469e+00
5.826851844787597656e+00
5.596530437469482422e+00
5.573275566101074219e+00
5.622632026672363281e+00
5.651782512664794922e+00
5.627311706542968750e+00
5.671133995056152344e+00
5.534526824951171875e+00
5.537576198577880859e+00
5.595488071441650391e+00
5.492734909057617188e+00
5.468764781951904297e+00
5.548706531524658203e+00
5.630930900573730469e+00
5.553103446960449219e+00
5.539232730865478516e+00
5.623226642608642578e+00
5.721651077270507812e+00
5.566683292388916016e+00
5.629283905029296875e+00
5.710875034332275391e+00
5.595083236694335938e+00
5.625456333160400391e+00
5.659992694854736328e+00
5.715226173400878906e+00
5.642268657684326172e+00
5.589082717895507812e+00
5.773035526275634766e+00
5.674226760864257812e+00
5.707789897918701172e+00
5.547275543212890625e+00
5.709230422973632812e+00
5.560136795043945312e+00
5.591007709503173828e+00
5.540309906005859375e+00
5.612961292266845703e+00
5.618893623352050781e+00
5.597278594970703125e+00
5.500937461853027344e+00
5.550246238708496094e+00
5.532626152038574219e+00
5.502767086029052734e+00
5.616526603698730469e+00
5.565285205841064453e+00
5.627736091613769531e+00
5.699813365936279297e+00
5.557250976562500000e+00
5.579790592193603516e+00
5.743535995483398438e+00
5.540996551513671875e+00
5.600012779235839844e+00
5.542222023010253906e+00
5.606936454772949219e+00
5.566405773162841797e+00
5.708203315734863281e+00
5.685891151428222656e+00
5.614567279815673828e+00
5.661502361297607422e+00
5.567703247070312500e+00
5.581829071044921875e+00
5.622240066528320312e+00
5.742691993713378906e+00
5.504000186920166016e+00
5.513843059539794922e+00
5.630959033966064453e+00
5.553254127502441406e+00
5.551323890686035156e+00
5.607007026672363281e+00
5.613162040710449219e+00
5.681376457214355469e+00
5.557377815246582031e+00
5.715353488922119141e+00
5.501145362854003906e+00
5.635613918304443359e+00
5.493278503417968750e+00
5.532462120056152344e+00
5.551590919494628906e+00
5.626587390899658203e+00
5.599849224090576172e+00
5.523919105529785156e+00
5.505503654479980469e+00
5.529265403747558594e+00
5.564494609832763672e+00
5.526217460632324219e+00
5.483273506164550781e+00
5.577434539794921875e+00
5.631863594055175781e+00
5.517981052398681641e+00
5.645996570587158203e+00
5.564659118652343750e+00
5.501425743103027344e+00
5.551757812500000000e+00
5.527000427246093750e+00
5.561311721801757812e+00
5.488295555114746094e+00
5.643797874450683594e+00
5.635775566101074219e+00
5.542004585266113281e+00
5.541688919067382812e+00
5.553888320922851562e+00
5.540251255035400391e+00
5.580287456512451172e+00
5.532209396362304688e+00
5.501857280731201172e+00
5.548578262329101562e+00
5.629912376403808594e+00
5.516304969787597656e+00
5.509704589843750000e+00
5.644176959991455078e+00
5.583534717559814453e+00
5.519318103790283203e+00
5.650379180908203125e+00
5.537041664123535156e+00
5.501532554626464844e+00
5.611624717712402344e+00
5.592156410217285156e+00
5.546450614929199219e+00
5.568966865539550781e+00
5.562381744384765625e+00
5.666698455810546875e+00
5.593674659729003906e+00
5.572104454040527344e+00
5.495362758636474609e+00
5.626698970794677734e+00
5.589587688446044922e+00
5.481813907623291016e+00
5.516312599182128906e+00
5.553761959075927734e+00
5.525480747222900391e+00
5.606425285339355469e+00
5.575363159179687500e+00
5.595931053161621094e+00
5.624089241027832031e+00
5.535726070404052734e+00
5.608504295349121094e+00
5.682169437408447266e+00
5.600433349609375000e+00
5.525674819946289062e+00
5.503642082214355469e+00
5.604371070861816406e+00
5.480743885040283203e+00
5.527382373809814453e+00
5.663114547729492188e+00
5.635339736938476562e+00
5.536558151245117188e+00
5.669828414916992188e+00
5.582885265350341797e+00
5.496864318847656250e+00
5.505734443664550781e+00
5.544343948364257812e+00
5.595438480377197266e+00
5.568454742431640625e+00
5.524640083312988281e+00
5.466155052185058594e+00
5.525905609130859375e+00
5.635184764862060547e+00
5.575831413269042969e+00
5.597797870635986328e+00
5.659265041351318359e+00
5.690978050231933594e+00
5.831850051879882812e+00
5.524146080017089844e+00
5.631207466125488281e+00
5.571091651916503906e+00
5.598783493041992188e+00
5.675685405731201172e+00
5.543835163116455078e+00
5.521638870239257812e+00
5.519242286682128906e+00
5.566881179809570312e+00
5.514144420623779297e+00
5.573651790618896484e+00
5.681941986083984375e+00
5.550203323364257812e+00
5.688223838806152344e+00
5.532903194427490234e+00
5.462091445922851562e+00
5.522803783416748047e+00
5.587284088134765625e+00
5.557814121246337891e+00
5.812296867370605469e+00
5.526659011840820312e+00
5.621339797973632812e+00
5.752462863922119141e+00
5.539833545684814453e+00
5.582684516906738281e+00
5.463335037231445312e+00
5.553755760192871094e+00
5.543473720550537109e+00
5.512708663940429688e+00
5.635310173034667969e+00
5.568822383880615234e+00
5.677910327911376953e+00
5.531349182128906250e+00
5.631187438964843750e+00
5.492664337158203125e+00
5.556292533874511719e+00
5.529788017272949219e+00
5.566830635070800781e+00
5.574586391448974609e+00
5.616044998168945312e+00
5.561638832092285156e+00
5.486553192138671875e+00
5.543585777282714844e+00
5.580549240112304688e+00
5.492864608764648438e+00
5.666249275207519531e+00
5.552392005920410156e+00
5.550673007965087891e+00
5.652738571166992188e+00
5.530886173248291016e+00
5.512984275817871094e+00
5.478955268859863281e+00
5.597866058349609375e+00
5.603642463684082031e+00
5.685169696807861328e+00
5.564109802246093750e+00
5.590650081634521484e+00
5.549381732940673828e+00
5.607479095458984375e+00
5.563099384307861328e+00
5.522843360900878906e+00
5.619356155395507812e+00
5.560316085815429688e+00
5.534692764282226562e+00
5.687035083770751953e+00
5.616139411926269531e+00
5.552878856658935547e+00
5.512574195861816406e+00
5.532533168792724609e+00
5.552273273468017578e+00
5.529523849487304688e+00
5.485779285430908203e+00
5.490539550781250000e+00
5.611045837402343750e+00
5.576907634735107422e+00
5.581374645233154297e+00
5.512509346008300781e+00
5.514362812042236328e+00
5.492057800292968750e+00
5.507913589477539062e+00
5.562238216400146484e+00
5.565583705902099609e+00
5.580027103424072266e+00
5.608129501342773438e+00
5.611937046051025391e+00
5.568801403045654297e+00
5.618888854980468750e+00
5.513177871704101562e+00
5.556998252868652344e+00
5.524293899536132812e+00
5.532003879547119141e+00
5.570361137390136719e+00
5.503837585449218750e+00
5.810749053955078125e+00
5.544183254241943359e+00
5.591613292694091797e+00
5.536097526550292969e+00
5.674100399017333984e+00
5.529159069061279297e+00
5.529661655426025391e+00
5.793467521667480469e+00
5.640292167663574219e+00
5.443620204925537109e+00
5.541607379913330078e+00
5.578285217285156250e+00
5.608181476593017578e+00
5.618103027343750000e+00
5.528241634368896484e+00
5.642306327819824219e+00
5.518138408660888672e+00
5.538883209228515625e+00
5.472084045410156250e+00
5.657947540283203125e+00
5.595833778381347656e+00
5.570687770843505859e+00
5.690497398376464844e+00
5.637437820434570312e+00
5.531905174255371094e+00
5.515370845794677734e+00
5.651552200317382812e+00
5.521768093109130859e+00
5.483678817749023438e+00
5.633707046508789062e+00
5.577173709869384766e+00
5.681407928466796875e+00
5.583533763885498047e+00
5.555617809295654297e+00
5.516782760620117188e+00
5.608022689819335938e+00
5.677804946899414062e+00
5.660036087036132812e+00
5.581410884857177734e+00
5.525022506713867188e+00
5.616716384887695312e+00
5.559015274047851562e+00
5.524211883544921875e+00
5.489945888519287109e+00
5.430362701416015625e+00
5.476805686950683594e+00
5.507255554199218750e+00
5.488406658172607422e+00
5.554013252258300781e+00
